StartTime: 2017-07-21 14:47:47.248
Time(s)	ChipTime	ax(g)	ay(g)	az(g)	wx(deg/s)	wy(deg/s)	wz(deg/s)	AngleX(deg)	AngleY(deg)	AngleZ(deg)	T(°)	hx	hy	hz	Pressure(Pa)	Altitude(m) 
26.916	2015-01-01 00:01:28.440	-0.2891	0.0947	0.9097	0.1831	25.5737	1.8311	3.6969	17.8198	35.2606	45.8200	430	472	-240	100799	0.44 
26.947	2015-01-01 00:01:28.480	-0.3110	0.0562	0.7920	-1.3428	33.8135	-1.0986	3.7134	19.0887	35.3485	46.0100	434	474	-238	100799	0.44 
27.026	2015-01-01 00:01:28.520	-0.2109	0.0151	0.5649	-1.0986	27.1606	-4.6997	3.6859	20.3906	35.2881	45.6300	435	473	-236	100799	0.44 
27.041	2015-01-01 00:01:28.560	-0.0962	-0.0625	0.1992	-6.8359	39.0015	-12.1460	3.0707	21.6705	35.0024	45.6800	436	472	-236	100799	0.44 
27.088	2015-01-01 00:01:28.600	-0.0415	-0.0146	0.4868	-18.3716	33.4473	-19.9585	2.0654	23.0713	34.3488	45.8200	444	476	-234	100799	0.44 
27.135	2015-01-01 00:01:28.640	-0.1616	0.0693	0.7891	-9.2163	21.5454	-4.8828	1.2964	23.6426	34.0851	45.6800	448	477	-232	100799	0.44 
27.166	2015-01-01 00:01:28.680	-0.1831	0.0635	0.8496	8.3008	24.2920	-4.2725	1.4172	24.4611	34.0686	45.6800	450	477	-231	100799	0.44 
27.229	2015-01-01 00:01:28.720	-0.2329	0.0420	0.5410	-0.2441	5.9814	-17.0288	1.4612	24.7577	33.6786	45.7700	451	480	-224	100798	0.44 
27.260	2015-01-01 00:01:28.760	-0.3047	-0.0239	0.7725	-2.6855	18.6768	-21.9116	0.9503	25.2576	32.7283	45.8200	450	482	-220	100799	0.44 
27.292	2015-01-01 00:01:28.800	-0.3740	0.0479	0.8477	12.6953	10.8643	-26.6113	0.7251	25.7684	31.7285	45.7700	452	483	-222	100799	0.44 
27.323	2015-01-01 00:01:28.840	-0.2754	0.1118	0.9380	7.3853	23.7427	-20.9351	0.8350	26.3837	30.8112	45.9600	452	485	-224	100799	0.44 
27.369	2015-01-01 00:01:28.880	-0.3501	0.1245	0.9922	5.8594	-7.3242	-18.1274	0.8844	26.5100	30.2289	45.8200	451	487	-224	100799	0.44 
27.432	2015-01-01 00:01:28.920	-0.2964	0.1035	0.7559	-0.3052	-9.7656	-15.0146	0.7800	25.8014	29.5972	45.7700	449	489	-221	100799	0.44 
27.463	2015-01-01 00:01:28.960	-0.4839	0.0132	0.8662	15.4419	35.0952	-19.1650	0.8514	26.4221	28.9490	45.6800	447	488	-220	100799	0.44 
27.495	2015-01-01 00:01:29.000	-0.7954	0.0488	1.6226	13.4888	9.0942	-20.3247	1.1096	27.6471	28.1415	45.7700	449	490	-218	100800	0.44 
27.526	2015-01-01 00:01:29.040	-0.9810	0.3467	2.2910	14.5874	-31.8604	-15.0757	1.2964	26.9659	27.4329	45.6800	450	492	-218	100800	0.44 
27.572	2015-01-01 00:01:29.080	-1.0649	0.1143	2.4751	0.9766	2.7466	-12.0239	1.5051	25.9772	27.0923	45.9600	446	494	-224	100800	0.44 
27.635	2015-01-01 00:01:29.120	-1.0488	0.1294	2.2515	9.4604	41.1377	-15.6860	1.4117	27.1362	26.6583	45.8200	444	495	-229	100801	0.44 
27.667	2015-01-01 00:01:29.160	-0.6904	0.2158	1.7778	17.0288	79.8950	-24.5361	1.6370	29.4983	25.9387	45.6800	445	492	-228	100801	0.44 
27.729	2015-01-01 00:01:29.200	-0.7100	0.2520	1.5713	16.2964	75.3174	-10.4980	2.1368	32.6569	25.5212	45.8700	451	492	-227	100801	0.44 
27.760	2015-01-01 00:01:29.240	-0.5459	0.1938	1.5298	6.4697	14.5874	-1.2207	2.7631	34.1455	25.6146	45.5300	453	489	-227	100802	0.44 
27.807	2015-01-01 00:01:29.280	-0.3789	0.0073	1.2881	-1.0986	-36.6211	-0.8545	2.7466	32.9755	25.8289	46.0100	456	485	-230	100802	0.44 
27.854	2015-01-01 00:01:29.320	-0.3911	0.1689	1.3154	1.6479	-48.6450	11.4136	2.9553	30.8606	26.2738	45.8700	454	482	-230	100802	0.44 
27.869	2015-01-01 00:01:29.360	-0.3496	0.1860	1.2632	-7.2021	-58.2886	22.0337	3.3344	28.1580	27.2626	45.7700	452	478	-230	100803	0.44 
27.916	2015-01-01 00:01:29.400	-0.4438	0.3901	0.9795	-18.9819	-38.3911	30.5786	3.4662	26.1090	28.5699	45.9600	451	475	-231	100803	0.44 
27.947	2015-01-01 00:01:29.440	-0.6353	0.1128	0.2827	-12.5122	-20.6909	44.1895	4.0869	25.2246	30.1355	45.6300	446	475	-233	100802	0.44 
28.010	2015-01-01 00:01:29.480	-0.2954	-0.2588	0.2529	-6.2866	-47.9126	19.2261	4.0320	24.8071	31.0089	45.7700	446	476	-231	100802	0.44 
28.042	2015-01-01 00:01:29.520	-0.0073	-0.1484	-0.2773	6.4087	-88.3179	-16.9678	2.6367	20.6323	31.4374	45.6800	443	470	-235	100802	0.44 
28.073	2015-01-01 00:01:29.560	0.1172	0.0527	-0.6533	-8.0566	-37.7808	10.0708	2.9443	18.5394	31.4264	45.7700	433	470	-239	100802	0.44 
28.120	2015-01-01 00:01:29.600	-0.1934	0.1079	-0.0127	-16.4185	6.6528	-20.8130	4.0594	20.2039	31.5527	45.7700	426	469	-243	100801	0.44 
28.152	2015-01-01 00:01:29.640	-0.2124	-0.0283	0.2842	-3.2959	-18.2495	-10.9253	3.5101	20.4840	30.5255	45.4800	421	469	-242	100801	0.44 
28.229	2015-01-01 00:01:29.680	-0.0278	0.0151	-0.0010	1.1597	-26.3672	11.7798	3.7958	19.9622	30.5035	45.5300	419	471	-242	100801	0.44 
28.276	2015-01-01 00:01:29.720	-0.1138	-0.0190	-0.1533	1.0376	-14.2212	9.3384	5.6689	21.1377	31.0693	45.6800	417	472	-245	100801	0.44 
28.276	2015-01-01 00:01:29.760	-0.3096	-0.0869	0.1104	-10.1318	-17.0288	0.9766	6.4050	22.1704	30.2344	45.4800	417	472	-245	100800	0.44 
28.323	2015-01-01 00:01:29.800	-0.6860	0.2607	3.7544	-5.3711	77.8198	-30.2734	5.0537	22.7362	29.5807	45.3400	416	472	-243	100800	0.44 
28.370	2015-01-01 00:01:29.840	-0.1934	0.9229	2.3364	17.1509	4.6387	17.1509	5.5536	22.7197	29.3390	45.4800	416	473	-242	100800	0.44 
28.432	2015-01-01 00:01:29.880	-0.1514	0.3013	1.4404	-17.5171	-26.7944	18.6768	6.1688	21.1597	30.6134	45.5300	414	475	-241	100800	0.44 
28.464	2015-01-01 00:01:29.920	-0.1704	-0.2183	1.8408	1.9531	16.7847	8.4229	5.7404	21.1322	31.2396	45.6300	413	477	-239	100800	0.44 
28.495	2015-01-01 00:01:29.960	-0.3486	0.1270	1.1284	3.8452	-24.7192	-7.9346	5.9821	20.9399	31.2781	45.4400	413	478	-241	100799	0.44 
28.527	2015-01-01 00:01:30.000	-0.1362	0.1172	0.1689	-12.5732	-21.3013	3.9063	5.8282	19.5721	31.0803	45.5300	415	479	-240	100799	0.44 
28.573	2015-01-01 00:01:30.040	-0.2539	-0.1074	0.5229	-2.6245	48.7671	15.6250	5.8832	20.9729	31.5088	45.6800	412	477	-242	100799	0.44 
28.635	2015-01-01 00:01:30.080	-0.3911	-0.0796	1.1304	6.7139	5.0659	2.1973	5.8612	22.0660	32.0856	45.6800	414	474	-244	100799	0.44 
28.667	2015-01-01 00:01:30.120	-0.1812	0.1099	1.1382	5.1270	-18.7378	-6.4697	5.9875	21.3684	31.8933	45.6300	417	475	-241	100799	0.44 
28.698	2015-01-01 00:01:30.160	-0.0640	0.2739	1.0874	-11.9629	3.6621	11.7798	5.9766	20.6268	32.1790	45.5300	420	473	-240	100799	0.44 
28.729	2015-01-01 00:01:30.200	-0.2695	0.1035	1.2778	-5.3711	10.1318	15.3198	5.9601	20.7532	33.0084	45.4400	419	475	-239	100799	0.44 
28.776	2015-01-01 00:01:30.240	-0.2222	-0.0649	0.8271	-4.0894	7.1411	12.0239	5.8392	20.8136	33.7006	45.4400	419	478	-238	100799	0.44 
28.839	2015-01-01 00:01:30.280	-0.1704	0.0269	0.8252	-1.8311	8.7891	14.0381	5.7294	20.9125	34.3103	45.4800	420	477	-239	100799	0.44 
28.870	2015-01-01 00:01:30.320	-0.1558	0.0146	1.0347	-0.1221	6.2256	7.0190	5.8228	20.8960	34.9036	45.6300	424	479	-243	100799	0.44 
28.902	2015-01-01 00:01:30.360	-0.1533	-0.0015	1.1743	-3.7231	-3.8452	-11.8408	5.5316	20.6378	34.8267	45.5300	427	480	-245	100799	0.44 
28.948	2015-01-01 00:01:30.400	-0.1035	0.0620	1.0029	-1.7090	-4.1504	-17.4561	5.0867	20.1215	34.2279	45.6800	425	480	-241	100798	0.44 
28.979	2015-01-01 00:01:30.440	-0.0986	0.1006	0.9126	0.1221	10.5591	-13.2446	4.8724	20.0061	33.7006	45.5300	423	481	-238	100798	0.44 
29.042	2015-01-01 00:01:30.480	-0.2095	0.1113	1.0171	1.4648	13.9771	-5.3101	4.8395	20.3851	33.4753	45.8200	421	478	-237	100798	0.44 
29.073	2015-01-01 00:01:30.520	-0.2007	0.1064	1.0449	-0.3662	1.7700	-2.2583	4.8615	20.4456	33.4698	45.6300	428	478	-237	100798	0.44 
29.104	2015-01-01 00:01:30.560	-0.1626	0.0547	0.9849	-0.8545	-4.3335	-2.3193	4.7900	20.0885	33.4753	45.4800	426	478	-236	100798	0.44 
29.151	2015-01-01 00:01:30.600	-0.1597	0.0356	0.9741	-0.1831	4.3335	-4.0283	4.6747	19.8688	33.4589	45.5300	424	477	-237	100798	0.44 
29.198	2015-01-01 00:01:30.640	-0.1982	0.0938	1.0420	1.4648	3.2349	-7.4463	4.6252	19.8523	33.3215	45.4800	423	477	-237	100798	0.44 
29.276	2015-01-01 00:01:30.680	-0.1797	0.0933	0.9849	1.0986	-1.5259	-1.8311	4.6252	19.6271	33.2172	45.7700	424	478	-238	100798	0.44 
29.292	2015-01-01 00:01:30.720	-0.1748	0.0894	0.9814	0.7935	5.3711	-1.2207	4.6692	19.5007	33.2996	45.6800	424	479	-239	100797	0.44 
29.323	2015-01-01 00:01:30.760	-0.1934	0.0581	0.9756	1.4648	7.2021	-2.3193	4.6912	19.5502	33.3490	45.6800	423	478	-237	100797	0.44 
29.354	2015-01-01 00:01:30.800	-0.2153	0.0474	1.0254	0.3662	5.2490	-4.6997	4.6198	19.6216	33.2996	45.4800	424	476	-237	100798	0.44 
29.401	2015-01-01 00:01:30.840	-0.1919	0.0728	0.9961	0.6714	2.0752	-4.1504	4.5374	19.5392	33.2062	45.5300	424	475	-237	100798	0.44 
29.480	2015-01-01 00:01:30.880	-0.1797	0.1113	0.9805	0.8545	6.1646	-2.9297	4.5648	19.5117	33.1787	45.6800	420	475	-238	100798	0.44 
29.480	2015-01-01 00:01:30.920	-0.1782	0.0889	1.0029	0.1831	7.3853	-1.5259	4.6143	19.5667	33.2172	45.6300	421	475	-239	100798	0.44 
29.526	2015-01-01 00:01:30.960	-0.1777	0.0649	0.9932	0.0610	8.0566	-2.4414	4.5978	19.6545	33.2831	45.6300	423	475	-241	100798	0.44 
29.574	2015-01-01 00:01:31.000	-0.1719	0.0601	0.9785	0.0610	9.7046	-4.6387	4.5374	19.7589	33.2666	45.8200	424	478	-241	100798	0.44 
29.604	2015-01-01 00:01:31.040	-0.1748	0.0884	0.9971	-0.3052	9.2163	-6.4087	4.4604	19.9292	33.1677	45.6800	425	478	-241	100798	0.44 
29.683	2015-01-01 00:01:31.080	-0.1763	0.0815	0.9839	-0.7935	11.7798	-7.2632	4.3726	20.1270	33.0194	45.6300	427	478	-243	100798	0.44 
29.683	2015-01-01 00:01:31.120	-0.2236	0.0649	0.9902	-1.0986	13.6108	-7.8735	4.2462	20.4456	32.8601	45.8200	428	475	-241	100798	0.44 
29.746	2015-01-01 00:01:31.160	-0.2544	0.0605	1.0210	-0.7935	8.3618	-8.4839	4.0979	20.7367	32.6294	45.6800	428	475	-241	100798	0.44 
29.777	2015-01-01 00:01:31.200	-0.2236	0.0713	0.9937	0.6104	6.2866	-7.3242	3.9935	20.8411	32.4316	45.5300	428	475	-236	100798	0.44 
29.808	2015-01-01 00:01:31.240	-0.2095	0.0796	0.9814	0.0000	9.2773	-7.7515	3.9276	20.9564	32.2559	45.8200	423	475	-231	100798	0.44 
29.902	2015-01-01 00:01:31.280	-0.2202	0.0859	0.9976	-0.1221	8.9111	-7.3242	3.8507	21.1432	32.0746	45.5300	423	477	-231	100798	0.44 
29.902	2015-01-01 00:01:31.320	-0.2100	0.0903	0.9873	0.3662	7.5073	-6.7749	3.8068	21.2531	31.9373	45.6800	427	475	-235	100798	0.44 
29.948	2015-01-01 00:01:31.360	-0.1997	0.0654	0.9785	1.0986	9.0942	-7.8735	3.7628	21.3739	31.7944	45.6300	428	477	-236	100798	0.44 
29.979	2015-01-01 00:01:31.400	-0.2393	0.0669	0.9878	2.0752	11.5967	-9.3994	3.6969	21.6046	31.5692	45.7700	429	477	-238	100798	0.44 
30.026	2015-01-01 00:01:31.440	-0.2866	0.0703	0.9990	3.2959	8.6060	-9.7656	3.6749	21.8793	31.3055	45.7700	432	479	-238	100798	0.44 
30.104	2015-01-01 00:01:31.480	-0.2744	0.0752	0.9917	2.8076	5.7373	-10.4980	3.6584	22.0276	31.0144	45.7700	430	477	-240	100798	0.44 
30.104	2015-01-01 00:01:31.520	-0.2715	0.1074	1.0068	1.3428	3.7231	-9.8267	3.6200	22.0825	30.7178	45.7700	433	476	-236	100798	0.44 
30.168	2015-01-01 00:01:31.560	-0.2510	0.1064	0.9712	0.0000	2.9907	-5.6152	3.6035	22.0496	30.5530	45.7700	433	475	-235	100798	0.44 
30.199	2015-01-01 00:01:31.600	-0.2437	0.0952	0.9795	-1.0376	2.7466	-1.1597	3.5980	21.9836	30.5969	45.6800	433	476	-235	100798	0.44 
30.230	2015-01-01 00:01:31.640	-0.2715	0.0801	0.9678	-0.5493	8.7891	1.2207	3.6145	22.0551	30.7672	45.6300	433	477	-236	100798	0.44 
30.276	2015-01-01 00:01:31.680	-0.2861	0.1152	0.9702	-0.8545	12.5732	5.3711	3.7134	22.3352	31.0748	45.8200	433	476	-236	100798	0.44 
30.308	2015-01-01 00:01:31.720	-0.2935	0.1226	0.9551	0.7935	16.1133	9.8267	3.9606	22.7527	31.5967	45.7700	432	475	-238	100798	0.44 
30.354	2015-01-01 00:01:31.760	-0.3130	0.0776	0.9448	1.2817	17.4561	7.8125	4.2297	23.2800	32.1350	45.6300	434	475	-236	100798	0.44 
30.386	2015-01-01 00:01:31.800	-0.3447	0.0488	0.9463	0.7324	18.9209	3.7842	4.3726	23.8843	32.5085	45.8700	436	477	-237	100799	0.44 
30.433	2015-01-01 00:01:31.840	-0.3857	0.0542	0.9531	2.1362	25.2075	-0.6104	4.4550	24.6918	32.6514	45.6800	437	477	-235	100799	0.44 
30.479	2015-01-01 00:01:31.880	-0.3721	0.1138	1.0132	0.3052	22.7051	0.0000	4.5154	25.5817	32.7667	45.8200	439	478	-235	100799	0.44 
30.511	2015-01-01 00:01:31.920	-0.3403	0.1294	0.9771	0.0610	5.6763	3.7842	4.6692	25.9552	32.9645	45.6800	440	478	-234	100799	0.44 
30.542	2015-01-01 00:01:31.960	-0.2837	0.0400	0.7988	-0.3052	1.4648	5.4321	4.7736	25.8673	33.2721	45.9600	442	476	-233	100799	0.44 
30.589	2015-01-01 00:01:32.000	-0.1738	0.0132	0.6411	4.6387	2.0752	0.8545	4.8505	25.7245	33.4589	45.6800	445	477	-231	100800	0.44 
30.620	2015-01-01 00:01:32.040	-0.1177	0.0205	0.4434	-2.3804	-3.1738	-0.3052	4.8285	25.4333	33.6237	45.6300	448	475	-232	100800	0.44 
30.683	2015-01-01 00:01:32.080	-0.1689	-0.0195	0.2515	5.6152	6.2256	-18.3716	4.5868	25.3949	33.2062	45.7700	446	474	-233	100800	0.44 
30.714	2015-01-01 00:01:32.120	-0.2612	-0.0181	0.4561	15.2588	42.9688	-26.5503	4.4000	26.8561	32.0032	45.8700	444	473	-233	100800	0.44 
30.761	2015-01-01 00:01:32.160	-0.3491	-0.0205	0.9253	13.1836	23.9258	-26.3062	4.3835	28.2953	30.9650	45.6800	446	473	-233	100800	0.44 
30.792	2015-01-01 00:01:32.200	-0.3926	0.0972	0.8442	5.0659	0.3052	-29.2969	4.0485	28.6139	29.8169	45.6800	447	475	-235	100800	0.44 
30.839	2015-01-01 00:01:32.240	-0.2354	0.2515	0.5527	14.5874	-24.8413	-25.1465	4.1089	27.8833	28.6359	45.9600	445	474	-234	100801	0.44 
30.886	2015-01-01 00:01:32.280	-0.2168	0.1807	0.5703	19.7144	26.3062	-16.9678	4.9658	27.7789	28.1140	45.8700	443	472	-236	100801	0.44 
30.995	2015-01-01 00:01:32.320	-0.4111	0.0234	0.9204	12.6953	52.6733	-28.3813	5.2295	29.6411	27.3505	45.8200	443	474	-238	100801	0.44 
30.995	2015-01-01 00:01:32.360	-0.3604	0.1377	1.1133	-0.9155	10.8643	-28.8696	4.7955	30.7837	26.3562	45.9600	444	475	-238	100801	0.44 
31.011	2015-01-01 00:01:32.400	-0.3066	0.1406	0.7007	-2.8076	-8.6670	-19.0430	4.3011	30.2509	25.4993	45.7700	443	479	-239	100801	0.44 
31.124	2015-01-01 00:01:32.440	-0.4233	0.0645	0.9990	-8.6670	11.1694	-19.7144	3.7079	30.4321	24.8456	45.8200	439	478	-235	100802	0.44 
31.124	2015-01-01 00:01:32.480	-0.6011	0.1143	1.4023	1.4648	-38.3301	-16.7847	3.1750	29.8334	24.2578	45.7700	439	482	-233	100802	0.44 
31.140	2015-01-01 00:01:32.520	-0.3975	0.0493	1.5791	-18.5547	-73.7915	-24.4141	2.4225	27.1747	23.5547	45.6800	438	486	-239	100802	0.44 
31.187	2015-01-01 00:01:32.560	-0.5498	0.0020	1.8525	-9.8877	-57.9834	-66.5283	0.7745	24.0381	21.6376	45.6800	435	489	-241	100803	0.44 
31.218	2015-01-01 00:01:32.600	-0.9941	0.3535	2.5928	0.0000	-6.2256	-39.7949	-0.4889	22.9285	19.4348	45.8700	421	489	-236	100803	0.43 
31.250	2015-01-01 00:01:32.640	-0.9209	0.2236	2.4321	25.7568	43.3960	-11.2305	0.1318	24.0875	18.8361	45.7700	413	490	-233	100804	0.43 
31.328	2015-01-01 00:01:32.680	-0.7144	0.1450	1.9790	9.7046	60.7910	-33.2642	0.5109	26.1420	18.2758	45.6800	410	490	-234	100804	0.43 
31.359	2015-01-01 00:01:32.720	-0.3975	0.1797	1.6895	11.5967	43.1519	-21.7896	0.3955	28.1799	17.3309	45.7700	410	487	-234	100804	0.43 
31.390	2015-01-01 00:01:32.760	0.0474	0.1890	1.5347	29.3579	-13.3057	-6.4697	1.1755	28.0701	17.3090	45.7700	411	487	-236	100804	0.43 
31.421	2015-01-01 00:01:32.800	-0.0205	-0.0977	1.2300	67.6270	-16.5405	12.5122	3.5046	26.5540	18.1110	45.8200	407	485	-240	100804	0.43 
31.452	2015-01-01 00:01:32.840	-0.2773	0.2524	1.3848	30.7007	-36.8042	1.8921	5.7239	24.9554	18.7537	45.6300	404	479	-244	100804	0.43 
31.531	2015-01-01 00:01:32.880	-0.4482	0.5962	1.3818	-14.5264	-96.2524	6.9580	6.0645	21.9891	19.0613	45.7700	400	471	-254	100805	0.43 
31.562	2015-01-01 00:01:32.920	-0.3066	0.2466	1.0679	-8.3008	-96.4355	35.4614	5.9546	17.9517	19.6930	45.5300	394	465	-258	100805	0.43 
31.593	2015-01-01 00:01:32.960	-0.1577	0.1299	0.2476	-8.9722	-51.4526	86.6699	6.5698	14.5020	22.6208	45.6300	385	465	-257	100805	0.43 
31.624	2015-01-01 00:01:33.000	-0.6563	0.1602	0.4727	-13.1836	17.3950	50.4150	7.5476	15.3864	25.1697	45.7700	381	466	-257	100805	0.43 
31.671	2015-01-01 00:01:33.040	-0.3643	-0.1445	0.1460	-5.7373	-49.3164	15.4419	7.4762	15.2106	25.7300	45.5300	385	465	-255	100805	0.43 
31.734	2015-01-01 00:01:33.080	-0.1230	-0.1206	-0.5229	-15.5029	-70.1294	24.8413	8.1409	14.5074	25.2521	45.6300	386	464	-258	100804	0.43 
31.749	2015-01-01 00:01:33.120	-0.0303	0.0068	-0.8193	-16.6016	12.6953	2.5024	9.0143	15.3534	26.0101	45.5300	380	465	-252	100804	0.43 
31.797	2015-01-01 00:01:33.160	-0.2002	0.0161	0.3330	-7.0190	46.8140	0.3052	9.5416	18.5614	26.2738	45.5300	381	465	-249	100804	0.43 
31.828	2015-01-01 00:01:33.200	-0.2485	-0.0239	0.3506	-5.3711	-3.5400	26.3062	9.3494	19.4623	26.9934	45.4800	381	466	-251	100803	0.43 
31.905	2015-01-01 00:01:33.240	-0.0132	-0.1118	-0.0972	-6.6528	-22.0947	12.6343	8.7177	18.6053	27.6031	45.7700	384	465	-249	100803	0.44 
31.953	2015-01-01 00:01:33.280	-0.0317	-0.0107	-0.2935	-1.6479	8.5449	-10.3760	8.6023	18.3252	27.6746	45.4800	386	466	-247	100802	0.44 
31.953	2015-01-01 00:01:33.320	-0.2427	0.1084	0.8848	-6.9580	48.2178	17.7002	9.0363	19.9951	28.0426	45.5300	388	468	-242	100802	0.44 
31.999	2015-01-01 00:01:33.360	-0.0791	0.2627	3.3130	23.9258	7.3853	2.0142	9.9152	22.6923	29.5477	45.6300	391	469	-242	100801	0.44 
32.047	2015-01-01 00:01:33.400	-0.0845	-0.1211	1.3677	-12.6343	-29.8462	22.1558	9.9316	22.0001	30.2069	45.4800	393	469	-246	100802	0.44 
32.078	2015-01-01 00:01:33.440	0.2290	0.2617	1.1274	3.6621	38.2690	-2.8076	9.8218	21.4948	30.4047	45.6300	396	470	-249	100801	0.44 
32.171	2015-01-01 00:01:33.480	-0.3428	0.3813	1.7998	-0.6714	64.6973	4.8828	10.4755	23.6865	31.3934	45.4800	401	470	-247	100801	0.44 
32.171	2015-01-01 00:01:33.520	-0.2866	-0.0171	1.0049	-16.2964	-2.3804	7.3242	10.0580	24.3567	31.8439	45.5300	406	468	-247	100801	0.44 
32.202	2015-01-01 00:01:33.560	-0.1455	-0.0835	0.2490	-14.5264	9.4604	13.9771	9.0912	24.2249	32.3163	45.4800	409	470	-245	100801	0.44 
32.249	2015-01-01 00:01:33.600	-0.1445	0.0757	0.5605	-6.5918	41.6870	-9.7046	8.6188	25.3949	32.5690	45.5300	410	472	-245	100801	0.44 
32.280	2015-01-01 00:01:33.640	-0.3672	0.0747	1.2983	-10.4370	5.4932	-7.1411	8.0640	26.1365	32.3492	45.4800	415	473	-241	100800	0.44 
32.359	2015-01-01 00:01:33.680	-0.1655	0.1431	1.4766	0.0000	-10.6812	-1.4648	7.6904	25.5432	32.2614	45.5300	416	473	-234	100800	0.44 
32.359	2015-01-01 00:01:33.720	-0.2461	0.1328	0.9116	-1.4038	5.2490	-8.6060	7.6520	25.0983	32.1735	45.4800	416	474	-237	100800	0.44 
32.422	2015-01-01 00:01:33.760	-0.3257	0.0830	0.8306	-0.2441	16.4185	-10.0708	7.3828	25.5432	31.8274	45.4800	420	473	-241	100800	0.44 
32.453	2015-01-01 00:01:33.800	-0.2710	0.1245	0.9541	2.0752	9.1553	-1.2817	7.3828	25.8783	31.7175	45.4800	421	474	-243	100800	0.44 
32.484	2015-01-01 00:01:33.840	-0.2554	0.0981	1.0278	-2.6855	-8.3008	0.5493	7.3773	25.6366	31.8768	45.4400	422	473	-242	100800	0.44 
32.530	2015-01-01 00:01:33.880	-0.1733	0.0210	0.9463	-3.3569	-15.9912	-2.8076	7.0697	24.7357	31.8274	45.5300	422	474	-241	100800	0.44 
32.594	2015-01-01 00:01:33.920	-0.1753	0.1055	1.0176	-0.8545	1.4038	0.1831	6.8665	24.0985	31.8604	45.5300	422	475	-241	100799	0.44 
32.625	2015-01-01 00:01:33.960	-0.2676	0.1602	1.0215	0.0000	6.4087	3.0518	6.9653	24.0436	32.1021	45.4800	420	476	-240	100800	0.44 
32.656	2015-01-01 00:01:34.000	-0.2861	0.0933	0.9619	-3.1128	4.9438	1.6479	6.9598	24.0656	32.3108	45.5300	420	477	-241	100799	0.44 
32.702	2015-01-01 00:01:34.040	-0.2686	0.0527	0.9648	-1.8311	3.7231	-1.4648	6.7841	24.0216	32.3932	45.4800	421	478	-241	100799	0.44 
32.765	2015-01-01 00:01:34.080	-0.2397	0.0771	1.0225	-0.8545	-2.6855	-3.4790	6.6412	23.8239	32.3712	45.6800	422	472	-241	100799	0.44 
32.797	2015-01-01 00:01:34.120	-0.1924	0.0952	0.9893	-2.1973	-7.6904	-6.1035	6.4545	23.3130	32.2504	45.5300	422	470	-241	100799	0.44 
32.828	2015-01-01 00:01:34.160	-0.1904	0.1055	0.9639	-1.6479	0.1221	-5.7373	6.2622	22.8900	32.0966	45.5300	421	473	-242	100799	0.44 
32.891	2015-01-01 00:01:34.200	-0.2046	0.0977	0.9712	0.7935	6.2866	-2.6855	6.2073	22.7911	32.0581	45.6800	417	473	-242	100799	0.44 
32.937	2015-01-01 00:01:34.240	-0.2212	0.0918	0.9922	0.9766	6.4087	-0.7935	6.2183	22.8241	32.1295	45.8200	419	472	-241	100799	0.44 
32.969	2015-01-01 00:01:34.280	-0.2251	0.1001	1.0161	-0.4272	1.5259	-0.8545	6.2073	22.7307	32.2339	45.5300	420	473	-241	100799	0.44 
33.000	2015-01-01 00:01:34.320	-0.2061	0.0986	0.9971	0.1831	-1.8921	-2.6245	6.1578	22.4396	32.2559	45.5300	421	473	-241	100799	0.44 
33.031	2015-01-01 00:01:34.360	-0.2056	0.0918	0.9736	0.3662	0.4883	-3.2959	6.1139	22.1594	32.2449	45.6800	418	472	-241	100799	0.44 
33.077	2015-01-01 00:01:34.400	-0.2236	0.0913	0.9995	-0.6104	1.9531	-6.5308	6.0150	22.0111	32.1515	45.5300	416	471	-241	100799	0.44 
33.109	2015-01-01 00:01:34.440	-0.2231	0.1147	1.0020	0.0000	-1.3428	-7.3853	5.8887	21.8408	31.9153	45.7700	419	470	-238	100799	0.44 
33.171	2015-01-01 00:01:34.480	-0.1841	0.0894	0.9756	0.4272	0.9155	-3.4180	5.8337	21.5771	31.8494	45.5300	421	469	-236	100799	0.44 
33.187	2015-01-01 00:01:34.520	-0.1997	0.0889	0.9810	0.7324	4.0894	-2.3804	5.8118	21.4563	31.8933	45.4800	419	471	-239	100800	0.44 
33.234	2015-01-01 00:01:34.560	-0.2158	0.0977	0.9966	0.0000	3.9063	-2.3804	5.7953	21.4124	31.9263	45.4800	418	472	-240	100800	0.44 
33.281	2015-01-01 00:01:34.600	-0.2080	0.0874	1.0063	-0.6104	2.1973	-2.0752	5.7458	21.3135	31.9702	45.7700	418	472	-241	100800	0.44 
33.312	2015-01-01 00:01:34.640	-0.2114	0.0889	1.0000	0.4883	4.2725	-2.5024	5.7129	21.2311	32.0142	45.5300	417	472	-237	100800	0.44 
33.390	2015-01-01 00:01:34.680	-0.2017	0.0830	0.9868	-0.3662	2.6855	-3.8452	5.6744	21.1377	32.0142	45.7700	416	472	-237	100800	0.44 
33.406	2015-01-01 00:01:34.720	-0.2158	0.0874	1.0068	-0.5493	2.6245	-5.9204	5.5591	21.0443	31.9043	45.5300	416	474	-240	100800	0.44 
33.437	2015-01-01 00:01:34.760	-0.2095	0.0962	1.0142	0.0000	1.5259	-4.5776	5.4822	20.9290	31.8054	45.5300	417	474	-241	100800	0.44 
33.484	2015-01-01 00:01:34.800	-0.2051	0.0981	0.9741	-0.4272	1.7090	-3.8452	5.4437	20.7587	31.7560	45.5300	415	473	-241	100800	0.44 
33.515	2015-01-01 00:01:34.840	-0.2007	0.1040	0.9692	-1.1597	4.8218	-2.8076	5.3888	20.6873	31.7450	45.6800	411	473	-239	100800	0.44 
33.593	2015-01-01 00:01:34.880	-0.2148	0.1045	1.0044	-1.2207	7.0190	-1.4038	5.3339	20.7367	31.7944	45.5300	415	473	-240	100800	0.44 
33.609	2015-01-01 00:01:34.920	-0.2183	0.0991	0.9854	-1.8921	5.4321	-0.4272	5.3009	20.7642	31.9153	45.6800	417	474	-240	100800	0.44 
33.640	2015-01-01 00:01:34.960	-0.2197	0.0767	0.9917	-1.5869	6.3477	-1.9531	5.2240	20.8081	32.0032	45.6800	419	474	-242	100800	0.44 
33.687	2015-01-01 00:01:35.000	-0.2236	0.0771	0.9956	-1.0986	4.2114	-4.2725	5.1196	20.8356	31.9977	45.6300	418	475	-240	100800	0.44 
33.718	2015-01-01 00:01:35.040	-0.2222	0.0952	0.9966	-0.9155	3.1738	-4.0283	5.0208	20.7806	31.9318	45.7700	419	474	-240	100800	0.44 
33.781	2015-01-01 00:01:35.080	-0.2168	0.0908	0.9844	-0.9155	3.3569	-3.9063	4.9493	20.7202	31.8878	45.4800	417	475	-242	100800	0.44 
33.812	2015-01-01 00:01:35.120	-0.2090	0.0903	0.9766	-1.5869	4.2114	-4.1504	4.8505	20.6818	31.8384	45.6300	415	474	-242	100800	0.44 
33.843	2015-01-01 00:01:35.160	-0.2319	0.1055	1.0020	-1.9531	3.4790	-3.5400	4.7516	20.6708	31.7999	45.6300	418	476	-243	100800	0.44 
33.890	2015-01-01 00:01:35.200	-0.2324	0.0894	0.9829	-1.4038	4.7607	-2.1362	4.6747	20.6488	31.7999	45.5300	419	475	-242	100800	0.44 
33.921	2015-01-01 00:01:35.240	-0.2378	0.0991	1.0078	-1.7090	2.2583	-0.9155	4.6198	20.6323	31.8658	45.7700	419	474	-240	100800	0.44 
33.999	2015-01-01 00:01:35.280	-0.2349	0.0767	0.9868	-0.7324	1.8921	-1.0986	4.5813	20.5170	31.9373	45.6300	418	475	-239	100800	0.44 
34.031	2015-01-01 00:01:35.320	-0.2563	0.0806	0.9976	-0.5493	0.9155	-0.9766	4.5374	20.4291	31.9922	45.6800	418	474	-240	100801	0.44 
34.062	2015-01-01 00:01:35.360	-0.2466	0.1040	0.9902	-0.1831	0.6714	0.1221	4.5428	20.2972	32.0636	45.6800	419	475	-241	100801	0.44 
34.109	2015-01-01 00:01:35.400	-0.2139	0.1040	0.9678	-0.3052	2.0752	2.1973	4.5978	20.1654	32.2119	45.6300	419	474	-242	100800	0.44 
34.171	2015-01-01 00:01:35.440	-0.2227	0.1035	0.9722	-1.0986	5.2490	3.7842	4.6637	20.1324	32.4646	45.6300	416	476	-244	100800	0.44 
34.203	2015-01-01 00:01:35.480	-0.2139	0.1235	0.9790	0.2441	6.9580	6.5918	4.7900	20.1874	32.8052	45.6800	420	473	-240	100801	0.44 
34.218	2015-01-01 00:01:35.520	-0.2461	0.1323	0.9634	0.6714	11.2915	9.5215	5.0043	20.3577	33.2776	45.6300	420	469	-236	100800	0.44 
34.312	2015-01-01 00:01:35.560	-0.2432	0.1055	1.0127	2.6855	12.4512	8.6670	5.2789	20.6763	33.7830	45.6800	424	472	-236	100801	0.44 
34.312	2015-01-01 00:01:35.600	-0.2490	0.1167	1.0239	2.5024	6.3477	9.5825	5.5811	20.8685	34.2938	45.6800	427	473	-237	100801	0.44 
34.343	2015-01-01 00:01:35.640	-0.2319	0.1377	0.9629	-0.1221	1.0376	9.5825	5.8063	20.7642	34.7607	45.8200	427	474	-239	100801	0.44 
34.406	2015-01-01 00:01:35.680	-0.2085	0.0835	0.8823	1.4648	3.2349	8.9111	5.9985	20.5884	35.2222	45.6800	430	474	-239	100800	0.44 
34.421	2015-01-01 00:01:35.720	-0.2251	0.0522	0.8145	2.2583	15.6860	2.1362	6.1469	20.7861	35.5518	45.7700	431	472	-241	100800	0.44 
34.468	2015-01-01 00:01:35.760	-0.2271	0.0518	0.7100	3.1128	20.1416	-1.4038	6.1853	21.4343	35.6122	45.6300	434	467	-240	100800	0.44 
34.515	2015-01-01 00:01:35.800	-0.2002	0.0078	0.5659	8.4839	20.5078	-6.2256	6.3611	22.2034	35.5573	45.8200	433	466	-241	100800	0.44 
34.546	2015-01-01 00:01:35.840	-0.1836	0.0615	0.4121	5.2490	24.2920	-12.5732	6.4160	23.0054	35.2057	45.5300	435	469	-240	100800	0.44 
34.609	2015-01-01 00:01:35.880	-0.2197	0.2002	0.5815	7.3853	38.5132	-9.6436	6.7950	24.4446	34.9255	45.7700	437	470	-240	100800	0.44 
34.640	2015-01-01 00:01:35.920	-0.2661	0.0811	0.7236	1.7700	24.8413	-10.0708	7.0313	25.5267	34.7168	45.6800	440	468	-240	100800	0.44 
34.671	2015-01-01 00:01:35.960	-0.2334	-0.0117	0.6152	-6.6528	25.6958	-18.1274	6.5533	26.4990	34.2279	45.6300	443	470	-239	100800	0.44 
34.718	2015-01-01 00:01:36.000	-0.2256	0.0146	0.7510	-7.6294	22.3999	-22.6440	5.7184	27.3560	33.4369	45.6800	446	471	-240	100800	0.44 
34.781	2015-01-01 00:01:36.040	-0.3135	0.0527	0.5820	-4.3335	20.2637	-24.3530	4.9713	28.0591	32.5085	45.6300	449	468	-241	100800	0.44 
34.813	2015-01-01 00:01:36.080	-0.3018	0.0845	0.9224	-10.7422	43.7622	-12.1460	4.3781	29.4763	31.8604	45.8200	448	472	-239	100801	0.44 
34.844	2015-01-01 00:01:36.120	-0.3789	0.0850	0.9224	-9.7046	6.2866	-19.1650	3.6584	30.2124	31.3550	45.6800	446	476	-233	100801	0.44 
34.874	2015-01-01 00:01:36.160	-0.2524	0.0210	0.9351	-7.6294	7.9956	-21.3623	2.9114	30.2289	30.5969	45.7700	448	478	-232	100801	0.44 
34.921	2015-01-01 00:01:36.200	-0.3247	0.1392	0.8091	-1.4648	-3.4180	-20.8740	2.2083	29.9982	29.6356	45.8200	446	479	-229	100801	0.44 
34.984	2015-01-01 00:01:36.240	-0.3760	0.2393	1.1401	3.1128	-1.5869	-3.0518	2.3950	29.6960	29.4873	45.6300	445	481	-228	100802	0.44 
35.015	2015-01-01 00:01:36.280	-0.5918	-0.0859	1.4092	4.2725	-43.6401	-4.8828	2.4445	28.5205	29.4049	45.6300	447	485	-224	100802	0.44 
35.062	2015-01-01 00:01:36.320	-0.5869	0.0103	1.7847	10.3760	-58.6548	-12.2070	2.4115	26.3562	29.0643	45.6800	446	489	-227	100802	0.44 
35.093	2015-01-01 00:01:36.360	-0.9751	0.1675	2.2793	20.1416	-39.1846	-14.3433	2.7631	23.9447	28.3777	45.5300	440	491	-230	100802	0.44 
35.140	2015-01-01 00:01:36.400	-1.1104	0.3994	2.6689	23.1323	31.4941	-18.6157	3.4552	24.2523	27.8174	45.7700	433	493	-240	100803	0.44 
35.187	2015-01-01 00:01:36.440	-0.8135	0.1816	1.9844	16.3574	53.2837	-13.5498	4.0320	25.9058	27.4054	45.5300	433	492	-240	100803	0.44 
35.234	2015-01-01 00:01:36.480	-0.5527	0.3193	1.4316	30.5176	84.6558	-5.0049	5.0098	28.7018	27.3395	45.8700	435	489	-237	100803	0.43 
35.265	2015-01-01 00:01:36.520	-0.4609	0.3184	1.0352	39.0015	93.0786	14.0991	7.1191	32.1021	28.3832	45.7700	439	488	-235	100803	0.43 
35.296	2015-01-01 00:01:36.560	-0.4688	0.0762	0.8428	31.5552	94.9707	-17.2119	9.0088	35.5792	28.9984	45.6800	446	479	-235	100803	0.43 
35.343	2015-01-01 00:01:36.600	-0.6416	0.0869	1.3418	4.5776	66.1621	-33.0200	9.0253	38.9465	28.3228	45.6300	449	475	-237	100803	0.43 
35.390	2015-01-01 00:01:36.640	-0.6450	0.1919	1.3110	0.9766	-7.3853	-23.3765	8.2013	39.6057	27.1472	45.6800	459	473	-234	100804	0.43 
35.422	2015-01-01 00:01:36.680	-0.5630	0.2813	1.2305	-3.9673	-31.6162	6.9580	7.9102	38.3698	26.8781	45.6800	462	470	-235	100804	0.43 
35.468	2015-01-01 00:01:36.720	-0.5625	0.4780	1.1338	-16.2354	-29.6021	27.4658	8.2892	36.7548	27.9822	45.5300	461	469	-237	100804	0.43 
35.500	2015-01-01 00:01:36.760	-0.6382	0.3267	0.6201	-26.0620	-31.3721	31.2500	8.4540	35.2606	29.3115	45.5300	458	464	-240	100803	0.43 
35.546	2015-01-01 00:01:36.800	-0.3535	0.0010	0.4829	-13.3057	-30.0903	43.2129	8.9813	34.2719	31.0474	45.6800	458	462	-240	100804	0.43 
35.625	2015-01-01 00:01:36.840	0.0396	-0.1270	0.0562	-22.5220	-73.2422	21.9727	8.1079	31.2616	32.3767	45.6300	462	461	-242	100803	0.43 
35.656	2015-01-01 00:01:36.880	0.0801	-0.0493	-0.5449	-29.7852	-62.5000	9.7656	7.7234	28.8336	32.8876	45.5300	459	461	-242	100803	0.44 
35.687	2015-01-01 00:01:36.920	-0.1689	-0.0962	-0.3013	-33.1421	-31.9824	4.9438	8.2672	29.2072	33.2172	45.6300	453	462	-241	100803	0.44 
35.718	2015-01-01 00:01:36.960	-0.1929	0.0454	0.1230	-28.1372	-20.2026	0.1831	8.0914	29.6191	32.6569	45.5300	448	460	-241	100802	0.44 
35.765	2015-01-01 00:01:37.000	-0.0313	-0.0142	0.1489	-23.8647	-31.0059	10.7422	7.1411	28.3612	32.9205	45.6800	444	466	-239	100802	0.44 
35.828	2015-01-01 00:01:37.040	-0.0142	-0.0405	-0.0923	-8.0566	-29.0527	3.5400	7.6794	28.5590	33.0029	45.5300	440	468	-236	100801	0.44 
35.860	2015-01-01 00:01:37.080	0.0146	-0.0635	0.2412	-16.1133	-48.8892	-1.0376	6.2292	25.6091	33.1677	45.4400	438	471	-237	100801	0.44 
35.891	2015-01-01 00:01:37.120	-1.0576	0.0088	0.7041	-16.5405	92.5903	30.2124	5.1691	25.4718	32.9260	45.6300	434	473	-236	100801	0.44 
35.922	2015-01-01 00:01:37.160	-0.2417	0.1733	3.1895	11.2915	-46.1426	14.3433	5.8612	26.7188	33.3160	45.4800	433	473	-235	100800	0.44 
35.968	2015-01-01 00:01:37.200	-0.1035	0.1011	0.7261	-28.6255	-103.0273	11.7188	5.1196	22.2693	33.4753	45.6800	431	475	-237	100800	0.44 
36.031	2015-01-01 00:01:37.240	-0.4248	0.1079	1.9258	26.1841	173.5840	25.6348	5.5261	23.5272	34.0411	45.4800	430	476	-237	100800	0.44 
36.063	2015-01-01 00:01:37.280	-0.5195	0.2397	1.5513	-0.0610	-10.3149	-4.3945	7.1411	26.2683	35.7275	45.4800	434	474	-235	100800	0.44 
36.094	2015-01-01 00:01:37.320	-0.1519	-0.2197	0.2563	-27.0996	-90.2710	-48.0347	4.9658	23.8184	33.6292	45.6300	437	475	-232	100800	0.44 
36.156	2015-01-01 00:01:37.360	0.1641	-0.2471	0.0586	7.1411	40.3442	-28.1982	2.7026	20.8521	32.3877	45.4400	433	475	-233	100800	0.44 
36.171	2015-01-01 00:01:37.400	-0.5659	0.1753	1.3979	18.6768	46.6309	10.9863	3.0981	23.0658	32.6624	45.3400	428	476	-233	100800	0.44 
36.234	2015-01-01 00:01:37.440	-0.3208	0.4175	1.6050	5.5542	-37.6587	-4.3335	3.9221	22.8571	32.7557	45.7700	430	477	-236	100799	0.44 
36.266	2015-01-01 00:01:37.480	-0.1230	0.1777	0.7344	-8.5449	-26.1841	-8.7280	3.8562	21.0388	32.5195	45.5300	430	480	-236	100799	0.44 
36.297	2015-01-01 00:01:37.520	-0.1821	0.0366	0.7227	1.4648	19.1040	1.4038	3.7408	20.8521	32.4371	45.4800	430	480	-236	100799	0.44 
36.328	2015-01-01 00:01:37.560	-0.2783	0.0586	0.9873	-2.3193	27.2827	18.4326	3.9056	21.6870	33.1238	45.6300	430	474	-237	100799	0.44 
36.406	2015-01-01 00:01:37.600	-0.2900	0.0635	1.1934	0.1831	-2.9907	16.5405	4.1583	22.0001	34.0247	45.4800	431	475	-237	100799	0.44 
36.437	2015-01-01 00:01:37.640	-0.1831	0.0161	1.0000	-1.2817	-18.2495	2.9297	4.2462	21.1212	34.5026	45.5300	433	473	-238	100799	0.44 
36.468	2015-01-01 00:01:37.680	-0.1489	0.0322	0.9097	-6.1035	-5.4321	-5.6152	3.9441	20.3741	34.4037	45.7700	434	473	-238	100799	0.44 
36.516	2015-01-01 00:01:37.720	-0.2505	0.0747	0.9912	0.3052	9.3994	0.2441	3.7903	20.3577	34.3817	45.5300	433	474	-237	100799	0.44 
36.547	2015-01-01 00:01:37.760	-0.2798	0.0601	1.0337	2.0752	3.2349	4.9438	3.9386	20.5005	34.6234	45.6300	433	474	-236	100799	0.44 
36.625	2015-01-01 00:01:37.800	-0.2256	0.0522	0.9907	-0.6104	-6.4697	-3.0518	3.9441	20.2368	34.7058	45.5300	432	474	-238	100799	0.44 
36.672	2015-01-01 00:01:37.840	-0.1958	0.0664	0.9854	-0.1221	-7.4463	-3.9063	3.8287	19.7369	34.5740	45.4800	430	472	-241	100799	0.44 
36.672	2015-01-01 00:01:37.880	-0.1968	0.0820	0.9663	0.6104	-2.7466	-0.6714	3.8452	19.3414	34.5575	45.4800	431	478	-237	100799	0.44 
36.718	2015-01-01 00:01:37.920	-0.2227	0.0889	1.0073	-0.6714	1.5259	-1.4038	3.8562	19.1931	34.5905	45.5300	434	475	-239	100799	0.44 
36.750	2015-01-01 00:01:37.960	-0.2368	0.1055	1.0034	-1.7090	-1.4038	1.1597	3.8507	19.0503	34.6509	45.4800	432	475	-239	100799	0.44 
36.797	2015-01-01 00:01:38.000	-0.2183	0.0835	0.9927	-1.8311	-1.0376	2.3193	3.8507	18.8416	34.8047	45.4800	430	476	-239	100799	0.44 
36.860	2015-01-01 00:01:38.040	-0.1968	0.0444	0.9883	-2.7466	-0.9766	-1.8311	3.7463	18.6328	34.8871	45.6300	429	476	-239	100799	0.44 
36.891	2015-01-01 00:01:38.080	-0.2090	0.0576	0.9873	-2.4414	0.6714	-3.9673	3.5760	18.4845	34.8212	45.5300	430	478	-239	100798	0.44 
36.922	2015-01-01 00:01:38.120	-0.2026	0.0801	0.9912	-1.5869	0.9155	-4.1504	3.4662	18.3582	34.7223	45.6300	432	477	-240	100799	0.44 
36.953	2015-01-01 00:01:38.160	-0.2178	0.0781	0.9883	-1.8311	1.1597	-4.6387	3.3783	18.2813	34.6179	45.4800	432	477	-240	100799	0.44 
37.000	2015-01-01 00:01:38.200	-0.2241	0.0581	1.0127	-1.3428	0.3052	-5.0659	3.2684	18.1934	34.4751	45.7700	429	478	-238	100799	0.44 
37.063	2015-01-01 00:01:38.240	-0.2002	0.0737	0.9756	-1.6479	1.2817	-5.9814	3.1641	18.0615	34.3323	45.6300	427	477	-239	100799	0.44 
37.094	2015-01-01 00:01:38.280	-0.1958	0.0698	0.9819	-2.1362	5.0049	-4.8828	3.0377	18.0670	34.1675	45.5300	426	478	-240	100798	0.44 
37.125	2015-01-01 00:01:38.320	-0.2075	0.0728	0.9976	-1.2207	3.7842	-2.1362	2.9718	18.1110	34.1125	45.8200	425	478	-240	100799	0.44 
37.187	2015-01-01 00:01:38.360	-0.1982	0.0801	0.9995	-0.6714	3.1128	-1.2207	2.9608	18.0835	34.1510	45.6300	428	479	-238	100799	0.44 
37.203	2015-01-01 00:01:38.400	-0.2129	0.0718	1.0015	-1.0376	3.9063	-2.1973	2.9498	18.0780	34.1675	45.5300	431	480	-239	100798	0.44 
37.265	2015-01-01 00:01:38.440	-0.2168	0.0469	1.0088	-1.0986	0.7324	-3.1128	2.8839	18.0396	34.1290	45.5300	432	479	-238	100799	0.44 
37.312	2015-01-01 00:01:38.480	-0.2080	0.0703	0.9912	-0.7324	0.0000	-2.3804	2.8180	17.9077	34.0961	45.6800	432	477	-238	100799	0.44 
37.328	2015-01-01 00:01:38.520	-0.1943	0.0854	0.9946	0.0610	0.0000	-1.8921	2.8345	17.7429	34.1016	45.5300	430	480	-236	100799	0.44 
37.359	2015-01-01 00:01:38.560	-0.1885	0.0796	0.9951	-1.4648	0.1221	-1.7090	2.8180	17.5891	34.1016	45.4400	428	475	-236	100799	0.44 
37.406	2015-01-01 00:01:38.600	-0.1890	0.0786	1.0073	-2.0142	-1.0986	0.6104	2.7850	17.4188	34.1895	45.6800	428	474	-235	100799	0.44 
37.469	2015-01-01 00:01:38.640	-0.1904	0.0596	0.9907	-1.4648	0.1221	0.3662	2.7686	17.2211	34.3048	45.9600	427	475	-234	100799	0.44 
37.500	2015-01-01 00:01:38.680	-0.2095	0.0635	1.0127	-0.8545	-4.4556	0.0000	2.7411	17.0123	34.3762	45.5300	424	476	-231	100799	0.44 
37.547	2015-01-01 00:01:38.720	-0.1865	0.0669	0.9932	-1.1597	-5.4932	-1.1597	2.7246	16.6333	34.4202	45.6800	425	477	-233	100799	0.44 
37.578	2015-01-01 00:01:38.760	-0.1650	0.0527	0.9683	-1.4038	1.1597	-2.0752	2.6697	16.4081	34.4421	45.5300	425	476	-235	100799	0.44 
37.640	2015-01-01 00:01:38.800	-0.1758	0.0845	0.9966	-1.5869	4.5776	-4.6997	2.6257	16.4191	34.3927	45.6300	427	478	-234	100799	0.44 
37.687	2015-01-01 00:01:38.840	-0.1831	0.0791	1.0156	-2.0142	2.4414	-4.3335	2.5543	16.4191	34.2828	45.5300	425	476	-235	100799	0.44 
37.703	2015-01-01 00:01:38.880	-0.1743	0.0679	0.9971	-1.3428	1.2207	-2.7466	2.4884	16.3147	34.2499	45.7700	427	479	-235	100799	0.44 
37.750	2015-01-01 00:01:38.920	-0.1855	0.0806	0.9985	-0.8545	2.6855	-1.1597	2.4664	16.2598	34.2499	45.6800	426	481	-237	100799	0.44 
37.781	2015-01-01 00:01:38.960	-0.1870	0.0742	0.9961	-1.6479	3.1128	1.0376	2.4774	16.2323	34.3488	45.6300	426	483	-238	100799	0.44 
37.844	2015-01-01 00:01:39.000	-0.1890	0.0620	1.0059	-1.5259	2.2583	0.6104	2.4664	16.2048	34.4696	45.6300	427	479	-239	100799	0.44 
37.875	2015-01-01 00:01:39.040	-0.1885	0.0537	0.9932	-1.6479	2.9297	-0.6714	2.4170	16.1719	34.5575	45.7700	429	478	-239	100799	0.44 
37.907	2015-01-01 00:01:39.080	-0.1841	0.0571	0.9956	-1.5869	3.9063	-2.2583	2.3621	16.1719	34.5905	45.8200	430	477	-238	100799	0.44 
37.969	2015-01-01 00:01:39.120	-0.1929	0.0640	1.0112	-1.2207	3.3569	-3.6621	2.2961	16.1938	34.5410	45.5300	426	477	-236	100799	0.44 
37.984	2015-01-01 00:01:39.160	-0.1875	0.0640	1.0015	-1.1597	2.6855	-2.1362	2.2522	16.1719	34.5135	45.5300	426	477	-236	100799	0.44 
38.047	2015-01-01 00:01:39.200	-0.1826	0.0674	0.9990	-0.8545	3.2349	-1.9531	2.2302	16.1499	34.5026	45.6300	428	479	-235	100799	0.44 
38.094	2015-01-01 00:01:39.240	-0.1987	0.0703	1.0142	-0.3052	1.4038	-3.7842	2.2302	16.1444	34.4696	45.6800	430	481	-236	100799	0.44 
38.109	2015-01-01 00:01:39.280	-0.1846	0.0630	0.9902	-0.5493	0.2441	-2.2583	2.2083	16.0345	34.4312	45.6800	430	479	-236	100799	0.44 
38.156	2015-01-01 00:01:39.320	-0.1938	0.0674	0.9932	-0.3662	2.5635	-1.8311	2.2083	15.9961	34.4421	45.6800	428	477	-239	100799	0.44 
38.187	2015-01-01 00:01:39.360	-0.1890	0.0684	0.9937	-0.2441	3.1128	-1.7700	2.2302	15.9906	34.4586	45.6300	429	477	-238	100799	0.44 
38.250	2015-01-01 00:01:39.400	-0.1890	0.0669	1.0015	-0.3662	2.9907	-1.5869	2.2412	15.9906	34.4696	45.8700	427	481	-240	100799	0.44 
38.281	2015-01-01 00:01:39.440	-0.1855	0.0596	0.9902	-0.1831	4.1504	-1.4648	2.2357	16.0016	34.4916	45.8700	426	481	-240	100799	0.44 
38.328	2015-01-01 00:01:39.480	-0.1904	0.0679	0.9951	-0.2441	3.2349	-1.7090	2.2522	16.0291	34.5026	45.5300	430	480	-239	100799	0.44 
38.375	2015-01-01 00:01:39.520	-0.1929	0.0654	0.9961	-0.4883	3.2349	-0.8545	2.2632	16.0455	34.5410	45.6300	432	479	-240	100799	0.44 
38.406	2015-01-01 00:01:39.560	-0.1860	0.0581	1.0068	-0.6104	3.4180	-1.4038	2.2632	16.0565	34.5850	45.8200	435	477	-239	100799	0.44 
38.485	2015-01-01 00:01:39.600	-0.1836	0.0645	1.0029	-0.1831	3.5400	-1.5869	2.2632	16.0510	34.6234	45.6800	435	478	-235	100799	0.44 
38.500	2015-01-01 00:01:39.640	-0.1851	0.0630	0.9995	-0.4272	3.8452	-1.2207	2.2742	16.0620	34.6619	45.7700	433	476	-235	100799	0.44 
38.547	2015-01-01 00:01:39.680	-0.1963	0.0659	1.0186	-0.2441	3.1128	-1.5259	2.2961	16.0840	34.7003	45.8700	431	477	-231	100799	0.44 
38.579	2015-01-01 00:01:39.720	-0.1982	0.0630	1.0015	-0.7935	3.4180	-2.0752	2.2906	16.0895	34.7113	45.7700	432	478	-234	100799	0.44 
38.610	2015-01-01 00:01:39.760	-0.1963	0.0508	0.9927	-0.0610	3.1738	-2.0142	2.2632	16.1005	34.7113	45.6800	433	478	-236	100799	0.44 
38.703	2015-01-01 00:01:39.800	-0.2070	0.0703	1.0117	0.0000	3.1738	-4.4556	2.2467	16.1554	34.6564	45.5300	433	477	-235	100799	0.44 
38.703	2015-01-01 00:01:39.840	-0.1909	0.0659	0.9990	-0.6714	0.7935	-4.4556	2.2302	16.0950	34.5575	45.8200	432	477	-234	100799	0.44 
38.734	2015-01-01 00:01:39.880	-0.1987	0.0630	0.9951	0.0000	2.0752	-2.9907	2.2192	16.0400	34.5026	45.7700	433	477	-233	100799	0.44 
38.766	2015-01-01 00:01:39.920	-0.1943	0.0674	0.9961	0.5493	1.5259	-2.5024	2.2357	16.0016	34.4751	45.7700	431	474	-235	100799	0.44 
38.821