StartTime: 2017-07-21 14:23:19.802
Time(s)	ChipTime	ax(g)	ay(g)	az(g)	wx(deg/s)	wy(deg/s)	wz(deg/s)	AngleX(deg)	AngleY(deg)	AngleZ(deg)	T(°)	hx	hy	hz	Pressure(Pa)	Altitude(m) 
215.509	2015-01-01 00:04:31.160	-0.0723	0.0259	1.0176	-0.8545	-0.2441	-1.8921	-0.2637	2.8784	19.9951	45.3400	436	465	-250	100818	0.42 
215.540	2015-01-01 00:04:31.200	-0.0718	0.0132	1.0186	-0.5493	0.0000	-1.2817	-0.2692	2.9004	20.4401	45.4800	436	465	-250	100818	0.42 
215.587	2015-01-01 00:04:31.240	-0.0752	0.0166	1.0156	-0.6104	-0.4883	-1.8311	-0.2637	2.9279	20.8850	45.5300	437	465	-248	100819	0.42 
215.618	2015-01-01 00:04:31.280	-0.0693	0.0195	1.0166	-0.2441	-0.8545	-1.8311	-0.2582	2.9279	21.3025	45.5300	436	465	-246	100819	0.42 
215.649	2015-01-01 00:04:31.320	-0.0664	0.0190	1.0166	-0.4272	0.2441	-1.5869	-0.2527	2.9553	21.7090	45.3400	435	467	-246	100819	0.42 
215.696	2015-01-01 00:04:31.360	-0.0776	0.0254	1.0234	-0.2441	-1.4648	-0.7935	-0.2362	2.9608	22.1320	45.4400	436	464	-245	100819	0.42 
215.743	2015-01-01 00:04:31.400	-0.0630	0.0181	1.0107	-0.3052	-2.0142	-0.6104	-0.2307	2.9114	22.5549	45.3400	437	468	-246	100819	0.42 
215.790	2015-01-01 00:04:31.440	-0.0806	0.0190	1.0342	0.0000	-0.9155	-1.2207	-0.2197	2.9333	22.9614	45.4400	439	467	-246	100819	0.42 
215.821	2015-01-01 00:04:31.480	-0.0601	0.0220	1.0093	0.0610	0.7935	-0.6104	-0.1978	2.9114	23.3789	45.3400	439	464	-247	100819	0.42 
215.853	2015-01-01 00:04:31.520	-0.0703	0.0171	1.0142	0.0610	0.9155	1.0986	-0.1703	3.0103	23.8403	45.3400	439	462	-246	100819	0.42 
215.899	2015-01-01 00:04:31.560	-0.0723	0.0225	1.0107	0.3052	3.5400	0.8545	-0.1373	3.1091	24.3127	45.5300	437	463	-246	100819	0.42 
215.946	2015-01-01 00:04:31.600	-0.0771	0.0146	1.0190	0.0000	3.9063	1.2207	-0.1154	3.3014	24.7632	45.4800	436	463	-245	100819	0.42 
215.993	2015-01-01 00:04:31.640	-0.0728	0.0205	0.9985	-0.1831	5.9814	1.4648	-0.0934	3.5156	25.2191	45.1500	437	465	-244	100819	0.42 
216.025	2015-01-01 00:04:31.680	-0.0850	0.0015	0.9995	0.2441	10.2539	1.4038	-0.0824	3.8837	25.6696	45.4400	438	465	-244	100819	0.42 
216.055	2015-01-01 00:04:31.720	-0.0869	0.0117	0.9976	0.8545	11.7798	1.5869	-0.0549	4.3561	26.1035	45.7700	437	466	-245	100819	0.42 
216.118	2015-01-01 00:04:31.760	-0.0972	0.0044	1.0112	3.9673	14.7705	1.6479	0.0604	4.9054	26.5320	45.6800	439	465	-248	100819	0.42 
216.149	2015-01-01 00:04:31.800	-0.1187	-0.0117	0.9863	8.6060	17.2729	0.6714	0.3131	5.5756	26.9385	45.5300	437	469	-251	100819	0.42 
216.228	2015-01-01 00:04:31.840	-0.1348	0.0234	0.9204	12.3291	24.6582	-0.7935	0.7361	6.4435	27.2406	45.2400	436	471	-252	100819	0.42 
216.228	2015-01-01 00:04:31.880	-0.1455	0.1016	0.8169	10.3760	33.4473	3.7842	1.3184	7.6904	27.6141	45.5300	442	466	-251	100819	0.42 
216.274	2015-01-01 00:04:31.920	-0.1470	0.0405	0.6533	0.6714	42.0532	4.3335	1.6315	9.2285	28.1360	45.3400	443	463	-251	100819	0.42 
216.305	2015-01-01 00:04:31.960	-0.1450	-0.0439	0.6172	1.5259	52.3071	-15.8081	1.5051	11.2445	28.2239	45.4800	443	461	-251	100819	0.42 
216.352	2015-01-01 00:04:32.000	-0.2207	-0.0728	0.6660	18.3716	57.8613	-41.6870	1.4172	13.5846	27.2571	45.3400	453	458	-247	100819	0.42 
216.431	2015-01-01 00:04:32.040	-0.2222	0.0703	0.5298	19.5923	54.4434	-29.4189	1.9940	15.9521	26.0431	45.3400	458	460	-248	100819	0.42 
216.431	2015-01-01 00:04:32.080	-0.3047	0.0713	0.7959	9.8267	64.8804	-17.1509	2.3895	18.6218	25.5267	45.5300	462	461	-248	100819	0.42 
216.477	2015-01-01 00:04:32.120	-0.3354	0.0410	0.8569	-7.3853	61.7065	-28.9917	2.3346	20.9674	25.0378	45.2900	471	459	-247	100819	0.42 
216.509	2015-01-01 00:04:32.160	-0.3081	0.1191	1.0215	-9.0942	48.5229	-45.2271	1.5106	22.8790	23.8348	45.5300	475	462	-243	100819	0.42 
216.572	2015-01-01 00:04:32.200	-0.6323	-0.0010	1.5024	7.3853	17.8833	-34.9121	0.7526	24.4281	22.3572	45.6300	478	464	-242	100819	0.42 
216.618	2015-01-01 00:04:32.240	-0.4409	0.2915	1.3447	9.1553	-19.8975	-4.5166	0.9668	23.8788	21.9397	45.6300	478	463	-243	100819	0.42 
216.650	2015-01-01 00:04:32.280	-0.6855	-0.0234	1.7974	7.9346	-2.7466	-3.6011	1.5106	23.5767	22.4396	45.3400	478	463	-245	100819	0.42 
216.681	2015-01-01 00:04:32.320	-0.5786	0.2539	1.8779	10.8643	-40.7715	-6.7139	1.7303	22.4121	22.3242	45.3400	472	463	-241	100819	0.42 
216.727	2015-01-01 00:04:32.360	-0.6631	0.2290	1.9990	4.8828	-8.3008	6.3477	2.2687	21.2750	22.8571	45.3400	469	462	-241	100820	0.42 
216.774	2015-01-01 00:04:32.400	-0.8418	0.1689	2.3413	8.1177	-51.6357	5.4932	2.6422	20.2039	23.3679	45.5300	468	460	-239	100820	0.42 
216.821	2015-01-01 00:04:32.440	-0.5518	0.3003	2.2642	11.7798	-57.7393	14.7095	3.1860	17.6825	24.0436	45.4800	463	460	-245	100820	0.42 
216.853	2015-01-01 00:04:32.480	-0.6074	-0.0205	1.6846	13.3667	-39.2456	-7.5073	3.7354	15.6555	24.5435	45.4800	460	459	-246	100820	0.42 
216.884	2015-01-01 00:04:32.520	-0.5552	-0.0200	1.0371	6.8359	-93.3838	-23.4375	3.7408	13.6945	23.6865	45.1500	458	458	-248	100821	0.42 
216.931	2015-01-01 00:04:32.560	0.0723	0.1802	-0.4683	-1.7090	-63.5986	7.6294	3.9661	9.8273	23.4998	45.1500	445	455	-252	100821	0.42 
216.962	2015-01-01 00:04:32.600	-0.1860	-0.0776	-0.6406	0.1831	-35.1563	-9.8267	5.3943	9.8657	23.2635	45.2900	433	454	-252	100820	0.42 
217.040	2015-01-01 00:04:32.640	-0.3257	-0.0679	0.1206	-5.3711	-0.6714	2.1973	6.2183	11.5796	22.4341	45.3400	428	454	-253	100820	0.42 
217.103	2015-01-01 00:04:32.680	-0.2046	0.0850	0.0928	-3.1738	-23.1323	9.0942	6.1688	12.1729	22.2638	45.2900	423	455	-254	100820	0.42 
217.103	2015-01-01 00:04:32.720	0.0586	0.1558	-0.0913	-3.7231	-20.6299	35.2783	8.0310	12.2937	23.9667	45.4800	421	452	-255	100820	0.42 
217.134	2015-01-01 00:04:32.760	-0.0103	0.0488	0.0933	-7.8125	-18.6768	36.1328	9.5471	11.0577	26.1200	45.2900	421	453	-255	100820	0.42 
217.181	2015-01-01 00:04:32.800	-0.1357	-0.0615	-0.0845	-14.3433	-25.2075	27.0386	9.9371	11.0742	26.8231	45.2900	421	455	-257	100819	0.42 
217.212	2015-01-01 00:04:32.840	-0.0474	-0.1470	-0.0771	0.3662	1.4648	13.9771	9.1296	9.6570	28.1305	45.4400	422	456	-257	100820	0.42 
217.290	2015-01-01 00:04:32.880	-0.1738	-0.0073	0.1431	-8.5449	74.4629	12.5122	10.0140	12.0850	28.3447	45.5300	425	456	-257	100819	0.42 
217.306	2015-01-01 00:04:32.920	-0.6763	0.0200	3.9209	15.6250	124.6338	-65.8569	9.5142	17.8033	27.7789	45.2400	425	453	-257	100819	0.42 
217.353	2015-01-01 00:04:32.960	-0.1577	0.1753	2.2983	10.1318	-60.9131	-46.2036	9.5087	16.5729	26.2354	45.3400	435	458	-256	100819	0.42 
217.384	2015-01-01 00:04:33.000	0.0825	0.4092	1.8062	19.2261	-22.6440	27.0386	10.0140	15.5347	26.0101	45.2900	435	461	-258	100819	0.42 
217.415	2015-01-01 00:04:33.040	-0.1353	0.0625	1.0391	-10.6201	36.8652	20.8130	10.0525	15.4193	27.4219	45.4800	433	460	-259	100819	0.42 
217.477	2015-01-01 00:04:33.080	-0.3364	0.0454	0.7261	-9.8267	-12.5122	22.3999	9.8602	16.0291	28.4766	45.1500	433	459	-260	100819	0.42 
217.509	2015-01-01 00:04:33.120	-0.0278	0.1870	0.3198	-13.9771	-5.2490	42.4805	9.8547	15.1447	29.8993	45.1500	433	461	-266	100820	0.42 
217.556	2015-01-01 00:04:33.160	-0.2524	-0.0713	0.5659	-26.9775	23.2544	16.2354	9.3439	15.6500	31.1243	45.2400	438	459	-263	100820	0.42 
217.603	2015-01-01 00:04:33.200	-0.2974	-0.0781	0.8828	-18.5547	8.3008	22.2778	8.1903	16.2982	32.2009	45.1500	444	462	-254	100820	0.42 
217.634	2015-01-01 00:04:33.240	-0.1738	0.3433	1.1519	-12.5122	-0.6104	36.2549	7.9376	15.8972	33.4918	45.1000	448	465	-249	100820	0.42 
217.696	2015-01-01 00:04:33.280	-0.5098	-0.1133	1.6777	-31.4941	-52.2461	-1.7090	6.9543	15.0128	34.1949	45.2900	455	464	-249	100820	0.42 
217.728	2015-01-01 00:04:33.320	0.0454	-0.1372	0.5835	-1.4648	-56.7017	12.6343	6.0864	11.9971	34.2773	45.2900	455	462	-247	100820	0.42 
217.759	2015-01-01 00:04:33.360	-0.1147	0.0400	0.8901	-3.4180	38.1470	-6.8359	5.8447	11.5686	34.7113	45.1500	455	461	-248	100819	0.42 
217.806	2015-01-01 00:04:33.400	-0.2773	0.0137	1.1445	-4.2114	-13.3057	-7.3242	5.4877	12.1289	34.5300	45.2900	452	463	-247	100819	0.42 
217.837	2015-01-01 00:04:33.440	-0.0884	0.1304	1.0190	-0.2441	-12.2681	2.4414	5.3778	11.4203	34.5410	45.4400	450	466	-245	100819	0.42 
217.900	2015-01-01 00:04:33.480	-0.0391	-0.0254	1.0146	-3.5400	-13.5498	-4.7607	5.2570	10.7007	34.6783	45.2900	450	466	-247	100819	0.42 
217.931	2015-01-01 00:04:33.520	-0.0728	-0.0732	0.9761	-0.6714	3.6011	-9.5825	4.8834	10.3766	34.5135	45.2900	450	472	-245	100819	0.42 
217.963	2015-01-01 00:04:33.560	-0.1172	0.0513	1.0166	1.0986	1.0986	-7.2021	4.7791	10.4150	34.4037	45.2900	448	469	-243	100819	0.42 
217.993	2015-01-01 00:04:33.600	-0.1226	0.0054	0.9941	-1.3428	-3.0518	-12.5732	4.6198	10.3107	34.1290	45.3400	446	468	-247	100819	0.42 
218.040	2015-01-01 00:04:33.640	-0.1147	0.0459	0.9951	-0.7324	0.5493	-11.4136	4.3781	10.2008	33.7830	45.2900	444	469	-250	100818	0.42 
218.103	2015-01-01 00:04:33.680	-0.1328	0.0601	1.0410	-1.5259	1.2207	-5.3711	4.2847	10.2338	33.6182	45.2400	444	468	-249	100818	0.42 
218.118	2015-01-01 00:04:33.720	-0.1035	-0.0103	0.9858	-0.0610	4.5166	-2.0142	4.1583	10.2063	33.7170	45.2900	441	470	-248	100818	0.42 
218.165	2015-01-01 00:04:33.760	-0.1167	0.0122	1.0181	-0.4272	4.2725	-4.8828	4.0320	10.3436	33.7445	45.3400	443	471	-247	100818	0.42 
218.212	2015-01-01 00:04:33.800	-0.0996	0.0186	1.0132	0.8545	3.6621	-5.7373	3.9386	10.3876	33.7115	45.2900	445	470	-247	100819	0.42 
218.259	2015-01-01 00:04:33.840	-0.1079	0.0186	1.0103	0.3662	4.0283	-6.2256	3.8617	10.4370	33.6566	45.2900	446	469	-247	100818	0.42 
218.306	2015-01-01 00:04:33.880	-0.1274	0.0127	1.0156	1.2207	5.1880	-6.2256	3.7958	10.5524	33.5962	45.2900	444	467	-247	100818	0.42 
218.337	2015-01-01 00:04:33.920	-0.1421	0.0151	1.0088	2.1362	5.6152	-6.1646	3.7573	10.7117	33.5577	45.2400	447	465	-243	100818	0.42 
218.384	2015-01-01 00:04:33.960	-0.1333	0.0132	0.9604	2.6245	8.6670	-5.0659	3.7463	10.9039	33.5358	45.2400	448	464	-243	100818	0.42 
218.415	2015-01-01 00:04:34.000	-0.1538	-0.0103	0.9707	4.6997	13.4277	-8.0566	3.7573	11.3763	33.4644	45.2900	447	465	-246	100818	0.42 
218.478	2015-01-01 00:04:34.040	-0.1802	0.0811	0.9565	5.4932	22.2168	-2.3804	3.9056	12.0850	33.4204	45.2900	445	463	-245	100818	0.42 
218.509	2015-01-01 00:04:34.080	-0.2891	0.0010	0.8398	7.5684	30.3955	2.1362	4.1583	13.1836	33.6676	45.2900	446	464	-246	100818	0.42 
218.541	2015-01-01 00:04:34.120	-0.2373	0.0054	0.6626	10.6812	31.8604	1.0376	4.4330	14.5953	33.8269	45.3400	448	466	-248	100818	0.42 
218.603	2015-01-01 00:04:34.160	-0.1997	0.0957	0.5864	15.0757	44.3115	16.2964	5.1910	16.1554	34.4312	45.2900	450	466	-249	100819	0.42 
218.634	2015-01-01 00:04:34.200	-0.2100	0.0073	0.5767	17.5781	49.9268	17.1509	6.0809	18.0890	35.4364	45.4400	457	463	-249	100818	0.42 
218.696	2015-01-01 00:04:34.240	-0.2856	-0.0898	0.8213	9.0332	39.8560	-9.5825	6.4764	19.9512	35.8044	45.2900	465	463	-249	100818	0.42 
218.696	2015-01-01 00:04:34.280	-0.3462	0.0171	0.6401	11.3525	45.4712	-15.5640	6.4325	21.5881	35.3540	45.5300	469	460	-246	100818	0.42 
218.743	2015-01-01 00:04:34.320	-0.4365	-0.1641	1.0103	18.7378	71.7163	-27.4048	6.8610	23.7689	34.9036	45.2900	471	458	-244	100819	0.42 
218.774	2015-01-01 00:04:34.360	-0.3462	0.1855	1.2412	18.7378	19.1650	-26.9775	7.0038	25.3949	33.8379	45.3400	472	457	-244	100818	0.42 
218.821	2015-01-01 00:04:34.400	-0.3135	0.4146	1.2070	7.7515	0.1831	5.4932	7.6575	25.4114	33.6346	45.2400	476	456	-242	100819	0.42 
218.884	2015-01-01 00:04:34.440	-0.4404	0.0557	1.5083	-6.0425	35.2173	2.8076	7.7893	25.7300	34.2389	45.2400	476	459	-245	100819	0.42 
218.915	2015-01-01 00:04:34.480	-0.9209	0.1924	2.0259	-7.2021	-6.5918	-0.5493	7.4542	26.4880	34.3103	45.2400	477	460	-246	100819	0.42 
218.962	2015-01-01 00:04:34.520	-0.5840	0.2539	2.0005	-3.9063	-11.7188	19.0430	7.4542	25.4114	34.8596	45.3400	480	457	-245	100819	0.42 
218.993	2015-01-01 00:04:34.560	-0.9097	0.1528	2.4009	4.5166	-21.9727	9.5215	7.6135	24.7247	35.5408	45.2900	480	455	-242	100819	0.42 
219.040	2015-01-01 00:04:34.600	-0.7944	0.2656	2.4844	16.4795	-69.7632	-0.1221	7.9376	22.5385	35.3485	45.2900	482	455	-242	100819	0.42 
219.087	2015-01-01 00:04:34.640	-0.5225	0.3750	1.7192	15.0757	-69.9463	18.1885	8.6682	19.3469	35.5682	45.3400	479	453	-248	100820	0.42 
219.119	2015-01-01 00:04:34.680	-0.8008	0.2183	1.1738	-3.0518	-35.4614	-8.9722	8.8770	17.7100	35.4529	45.3400	473	453	-251	100820	0.42 
219.181	2015-01-01 00:04:34.720	0.1006	-0.1787	-0.2319	-26.4282	-93.2007	-36.6821	7.0422	13.5297	34.1455	45.2900	466	450	-253	100820	0.42 
219.212	2015-01-01 00:04:34.760	-0.3892	-0.0117	-0.6650	1.2817	-90.0269	-24.4141	6.7017	10.9863	32.3602	45.2900	459	449	-252	100820	0.42 
219.243	2015-01-01 00:04:34.800	-0.2261	0.0625	-0.1328	7.5684	23.6816	-19.1040	8.4045	11.8323	31.2451	45.2900	449	450	-254	100820	0.42 
219.290	2015-01-01 00:04:34.840	-0.3296	-0.0488	0.2769	-5.4321	-24.3530	-14.2822	8.1848	12.8760	30.3058	45.2400	438	451	-253	100820	0.42 
219.322	2015-01-01 00:04:34.880	0.0801	0.0532	-0.0854	-0.9155	-48.4009	0.9766	8.7561	12.5574	30.0531	45.4400	432	452	-253	100820	0.42 
219.368	2015-01-01 00:04:34.920	0.0093	-0.0522	-0.0718	2.4414	-16.8457	-7.9956	7.9980	10.1514	29.8389	45.2400	428	451	-254	100820	0.42 
219.400	2015-01-01 00:04:34.960	-0.2324	0.0420	-0.0527	6.8970	-7.6294	-2.1973	8.7671	10.6787	29.2401	45.3400	425	450	-258	100819	0.42 
219.462	2015-01-01 00:04:35.000	0.0146	-0.0327	0.0386	5.0659	-10.7422	0.3662	9.1846	11.1072	29.0204	45.2900	421	450	-257	100819	0.42 
219.525	2015-01-01 00:04:35.040	-0.0439	0.3872	-0.1382	-8.9722	34.3018	41.1377	10.1953	12.3157	29.5807	45.0000	420	451	-255	100819	0.42 
219.556	2015-01-01 00:04:35.080	-0.7578	0.0601	2.9312	-4.2725	119.6289	-62.6831	9.9481	16.1279	28.7073	45.4400	421	451	-255	100819	0.42 
219.588	2015-01-01 00:04:35.120	-0.5703	0.9990	3.4507	-11.2305	-33.5693	23.9868	9.7559	15.7874	28.9435	45.1500	425	454	-257	100819	0.42 
219.619	2015-01-01 00:04:35.160	-0.1128	-0.5537	2.0361	10.1318	-65.8569	5.4932	8.9374	13.8867	28.1964	45.1000	430	454	-257	100819	0.42 
219.665	2015-01-01 00:04:35.200	0.7490	0.5332	0.5146	6.0425	-2.1362	37.7808	10.1843	10.1898	30.7452	45.2900	428	453	-258	100819	0.42 
219.696	2015-01-01 00:04:35.240	-0.4102	0.1343	0.5508	-10.4980	72.6318	10.0708	10.6348	11.5521	32.0911	45.0000	425	455	-258	100819	0.42 
219.759	2015-01-01 00:04:35.280	-0.2031	0.0557	0.8647	-7.9956	-23.4985	45.3491	10.5634	12.5739	33.5687	45.1500	424	456	-258	100819	0.42 
219.775	2015-01-01 00:04:35.320	-0.1172	0.0815	0.4067	-19.9585	20.5078	28.1982	10.3052	12.0355	35.0024	45.2900	430	456	-257	100819	0.42 
219.821	2015-01-01 00:04:35.360	-0.2935	-0.0190	1.4268	-29.2358	31.1890	20.8740	9.3329	13.4912	36.3702	45.2400	433	458	-253	100819	0.42 
219.853	2015-01-01 00:04:35.400	-0.1313	-0.1094	1.1260	-14.5264	-66.5283	25.6958	8.4320	12.2607	37.0679	45.1000	438	460	-252	100819	0.42 
219.931	2015-01-01 00:04:35.440	0.1392	0.1636	0.5869	-13.5498	17.4561	14.5264	7.9541	10.4700	37.8809	45.2400	441	462	-253	100819	0.42 
219.963	2015-01-01 00:04:35.480	-0.3745	-0.0405	1.2529	-8.4229	23.3154	6.4087	7.5696	11.7609	38.4686	45.1500	443	463	-252	100819	0.42 
219.994	2015-01-01 00:04:35.520	-0.1133	-0.0806	0.9844	-2.3193	-5.3101	3.1738	7.1356	11.6730	38.7433	45.2400	446	462	-251	100819	0.42 
220.025	2015-01-01 00:04:35.560	-0.0698	0.0063	1.0000	-1.5259	4.2725	-12.2681	6.8665	11.6345	38.6499	45.1000	446	463	-250	100818	0.42 
220.072	2015-01-01 00:04:35.600	-0.0947	0.0024	1.0024	-4.0894	4.0283	-19.9585	6.4325	11.7004	38.0402	45.1000	447	463	-249	100818	0.42 
220.134	2015-01-01 00:04:35.640	-0.1035	0.0469	0.9785	-2.2583	9.0332	-16.6626	6.0425	11.8378	37.4084	45.2900	449	461	-248	100818	0.42 
220.150	2015-01-01 00:04:35.680	-0.1602	0.0747	1.0244	-2.4414	8.9111	-7.4463	5.8337	12.2113	37.0734	45.4400	449	461	-248	100819	0.42 
220.197	2015-01-01 00:04:35.720	-0.1865	-0.0078	1.0181	-4.3945	4.5166	-7.9956	5.5481	12.3926	36.8811	44.9600	448	464	-249	100818	0.42 
220.228	2015-01-01 00:04:35.760	-0.1436	-0.0381	1.0010	-3.7231	2.5635	-7.3853	5.1086	12.3651	36.7108	45.2400	447	461	-246	100818	0.42 
220.275	2015-01-01 00:04:35.800	-0.1206	0.0137	1.0112	-1.5259	0.7935	-6.1035	4.8450	12.3376	36.5515	45.0000	446	462	-247	100819	0.42 
220.337	2015-01-01 00:04:35.840	-0.1318	0.0435	1.0112	-1.8311	5.4321	-5.6152	4.6747	12.3981	36.4362	45.2400	448	467	-246	100818	0.42 
220.354	2015-01-01 00:04:35.880	-0.1528	0.0396	1.0107	-1.4038	2.7466	-4.0283	4.5264	12.4750	36.3757	45.1500	450	466	-246	100818	0.42 
220.395	2015-01-01 00:04:35.920	-0.1821	0.0044	1.0132	0.0000	0.6104	-2.3804	4.3726	12.4530	36.3483	45.1000	449	466	-246	100818	0.42 
220.448	2015-01-01 00:04:35.960	-0.1772	-0.0156	0.9829	1.0376	0.9155	-3.3569	4.2737	12.4200	36.3318	45.1500	445	462	-250	100818	0.42 
220.479	2015-01-01 00:04:36.000	-0.1597	0.0132	1.0024	2.5024	0.5493	-2.9297	4.2188	12.3926	36.3098	45.2400	445	462	-251	100818	0.42 
220.542	2015-01-01 00:04:36.040	-0.1606	0.0679	0.9985	3.6621	0.3052	0.3662	4.3121	12.3596	36.3812	45.2900	446	462	-250	100818	0.42 
220.573	2015-01-01 00:04:36.080	-0.1533	0.0435	0.9673	1.9531	5.6152	3.2349	4.3945	12.3651	36.5515	45.1000	447	463	-249	100818	0.42 
220.605	2015-01-01 00:04:36.120	-0.2041	0.0132	0.9736	3.2349	11.9629	2.1362	4.4495	12.6892	36.7877	45.2400	447	463	-248	100818	0.42 
220.651	2015-01-01 00:04:36.160	-0.2358	0.0220	0.9692	5.0049	15.6860	-2.0142	4.5538	13.2935	36.8866	45.2400	451	461	-248	100818	0.42 
220.682	2015-01-01 00:04:36.200	-0.2588	0.0273	0.9595	9.4604	18.4326	-2.1362	4.7571	13.9856	36.9086	45.2900	452	463	-248	100818	0.42 
220.745	2015-01-01 00:04:36.240	-0.2446	-0.0024	0.9321	17.0288	23.5596	-3.7231	5.1691	14.8810	36.9250	45.3400	454	462	-247	100818	0.42 
220.777	2015-01-01 00:04:36.280	-0.2417	-0.0186	0.7681	24.2920	25.5127	-7.5073	5.8502	15.8313	36.8317	45.0000	454	461	-249	100818	0.42 
220.808	2015-01-01 00:04:36.320	-0.2422	-0.0420	0.5303	30.9448	40.6494	-20.0806	6.6193	17.3529	36.4032	45.1500	458	459	-250	100818	0.42 
220.870	2015-01-01 00:04:36.360	-0.1997	0.1138	0.6318	25.2075	48.0957	-25.0244	7.4597	19.5172	35.6287	45.2400	461	453	-248	100818	0.42 
220.917	2015-01-01 00:04:36.400	-0.1270	0.0996	0.4966	14.6484	40.1611	-28.5645	8.0255	21.1926	34.9200	45.1500	463	450	-249	100818	0.42 
220.948	2015-01-01 00:04:36.440	-0.3818	0.0000	0.7173	3.5400	73.9136	-39.2456	8.0585	22.8790	33.8654	45.2400	465	451	-253	100818	0.42 
220.979	2015-01-01 00:04:36.480	-0.3896	0.1499	0.9033	3.4790	40.4053	-23.1323	7.9321	25.0873	32.9810	45.3400	467	453	-257	100818	0.42 
221.026	2015-01-01 00:04:36.520	-0.3481	-0.0430	0.8887	5.6152	14.7705	-38.1470	7.4268	26.2299	31.8933	45.2900	468	452	-253	100818	0.42 
221.073	2015-01-01 00:04:36.560	-0.6128	0.3296	1.4580	14.0991	40.1611	-29.3579	7.2675	26.3782	30.6903	45.2900	474	450	-250	100818	0.42 
221.120	2015-01-01 00:04:36.600	-0.4761	0.2114	1.4697	-5.0049	12.9395	-12.3291	7.1631	26.6748	30.1080	45.2900	475	448	-250	100819	0.42 
221.167	2015-01-01 00:04:36.640	-1.0815	0.2466	2.0137	-6.1035	17.5171	11.7188	7.0477	27.6801	30.3333	45.2900	471	453	-249	100819	0.42 
221.183	2015-01-01 00:04:36.680	-0.7759	0.2051	2.0762	-1.3428	-22.3389	4.6997	6.9489	27.1417	30.8441	45.2400	472	457	-248	100819	0.42 
221.245	2015-01-01 00:04:36.720	-0.8706	0.3223	2.2192	-3.1128	-12.0850	19.0430	7.1741	26.3892	31.5143	45.2400	471	457	-249	100819	0.42 
221.277	2015-01-01 00:04:36.760	-1.0249	0.1694	2.5352	4.0894	-51.5137	19.8364	7.4762	24.9774	32.3492	45.1000	471	458	-246	100819	0.42 
221.323	2015-01-01 00:04:36.800	-0.3716	0.3384	1.6548	-0.4883	-107.1777	26.6113	7.7618	20.7587	32.8656	45.2400	470	461	-245	100820	0.42 
221.355	2015-01-01 00:04:36.840	-0.6123	0.3027	1.1577	-10.9253	-2.1362	13.3057	7.9761	18.9679	33.8489	45.2900	462	456	-250	100820	0.42 
221.386	2015-01-01 00:04:36.880	-0.1597	-0.3628	0.6284	-15.8081	-111.5723	12.9395	7.2070	17.3364	33.8324	45.1000	455	455	-254	100820	0.42 
221.432	2015-01-01 00:04:36.920	-0.1973	-0.0991	-0.6001	0.0610	-97.0459	-35.2783	6.2238	12.3047	32.8491	45.2400	452	454	-255	100820	0.42 
221.464	2015-01-01 00:04:36.960	-0.2295	0.2041	-0.6191	4.2725	-31.2500	2.4414	7.9431	11.4862	31.8658	45.2400	440	452	-256	100820	0.42 
221.526	2015-01-01 00:04:37.000	-0.2300	0.0552	0.3076	-4.8218	-16.4185	4.8828	9.0472	12.5134	32.1790	45.0000	433	451	-255	100820	0.42 
221.557	2015-01-01 00:04:37.040	0.0894	0.0225	-0.0728	-7.7515	-56.3965	5.0049	8.3771	10.4315	31.6901	45.2400	429	451	-256	100820	0.42 
221.604	2015-01-01 00:04:37.080	0.0698	0.0376	-0.0366	-12.0850	-25.1465	8.7280	7.1851	6.5698	30.8990	45.1500	424	454	-256	100819	0.42 
221.651	2015-01-01 00:04:37.120	-0.1016	-0.0127	-0.0146	-13.1836	-22.5220	11.7798	6.9159	6.1029	30.6244	45.1500	420	453	-256	100819	0.42 
221.683	2015-01-01 00:04:37.160	-0.1001	-0.0454	-0.0688	-10.4980	-8.7280	9.7656	7.8387	7.3553	30.2728	45.2400	415	454	-254	100819	0.42 
221.761	2015-01-01 00:04:37.200	-0.1812	-0.0190	-0.0234	0.2441	7.5073	-5.7373	8.5529	9.1406	29.3225	45.1000	413	456	-255	100818	0.42 
221.761	2015-01-01 00:04:37.240	-0.5259	-0.3145	0.2451	-12.5122	171.5088	-133.4229	9.2010	13.6121	27.8009	45.0000	417	456	-256	100818	0.42 
221.824	2015-01-01 00:04:37.280	-1.9297	-0.2480	6.3174	-54.6875	-124.6338	-81.1157	8.7506	20.3851	26.2573	45.2400	422	455	-255	100818	0.42 
221.855	2015-01-01 00:04:37.320	-1.2632	0.1016	3.8965	4.6387	15.8691	-48.8281	9.6021	16.9739	25.8948	45.2400	423	458	-256	100818	0.42 
221.886	2015-01-01 00:04:37.360	1.1895	0.6245	1.3267	13.7329	-61.4624	40.8936	10.5029	13.3209	26.1255	44.9600	419	456	-261	100818	0.42 
221.964	2015-01-01 00:04:37.400	-0.3501	0.2495	0.8208	-24.3530	97.6563	19.4702	11.1566	14.2822	28.2843	45.1000	419	456	-263	100819	0.42 
221.964	2015-01-01 00:04:37.440	-0.5200	-0.1597	0.8535	-24.1699	-34.7290	39.6729	10.2338	15.9192	29.2841	45.1000	423	454	-260	100819	0.42 
222.011	2015-01-01 00:04:37.480	0.0986	-0.1104	0.1831	-13.4277	-10.1929	21.4844	8.9429	13.9142	30.4980	44.9600	428	458	-259	100819	0.42 
222.057	2015-01-01 00:04:37.520	-0.3105	-0.0742	0.7554	-12.6343	100.6470	2.3804	8.1628	15.6610	31.5363	44.9100	431	460	-258	100819	0.42 
222.089	2015-01-01 00:04:37.560	-0.5444	0.1611	1.7749	-14.2212	-48.8892	26.9775	7.7124	17.1936	32.4261	45.2900	431	459	-257	100818	0.42 
222.167	2015-01-01 00:04:37.600	0.2500	0.0264	0.4790	-18.6768	-17.2729	23.0103	7.1356	14.0845	33.4204	45.2400	434	459	-257	100819	0.42 
222.199	2015-01-01 00:04:37.640	-0.3457	-0.0161	1.2197	-12.0850	20.8740	10.1318	6.6412	14.7986	34.2938	45.1000	440	461	-257	100818	0.42 
222.230	2015-01-01 00:04:37.680	-0.1553	0.0127	0.9448	-10.1318	-17.6392	11.2305	6.1249	14.3097	34.8267	45.1500	444	461	-255	100818	0.42 
222.261	2015-01-01 00:04:37.720	-0.1865	0.0723	1.0303	-6.3477	-7.7515	10.1318	5.8722	13.6890	35.4034	45.2900	448	461	-253	100818	0.42 
222.339	2015-01-01 00:04:37.760	-0.2085	-0.0117	0.9873	-3.6621	-13.1836	1.1597	5.5975	13.1946	35.6616	44.9600	452	463	-252	100818	0.42 
222.386	2015-01-01 00:04:37.800	-0.1045	-0.0190	0.9946	4.2114	-5.1880	-6.8359	5.3888	12.7441	35.5847	44.9100	452	463	-251	100818	0.42 
222.386	2015-01-01 00:04:37.840	-0.0884	0.0669	1.0029	3.4180	-3.4790	-4.4556	5.4492	12.3706	35.5023	45.0000	449	463	-249	100818	0.42 
222.417	2015-01-01 00:04:37.880	-0.1538	0.0664	1.0464	0.3662	-3.4790	-3.4790	5.4657	12.2058	35.4913	45.1000	447	464	-249	100818	0.42 
222.464	2015-01-01 00:04:37.920	-0.1484	0.0371	0.9844	-0.9155	-4.7607	-3.7842	5.3448	11.9092	35.4419	45.1000	446	461	-248	100818	0.42 
222.495	2015-01-01 00:04:37.960	-0.1685	0.0474	1.0142	-1.7090	-3.0518	2.0752	5.2130	11.7114	35.5243	45.1000	445	461	-249	100817	0.42 
222.573	2015-01-01 00:04:38.000	-0.1626	0.0200	0.9917	-1.5259	-1.8311	3.1128	5.0812	11.5247	35.7440	45.1000	445	462	-247	100817	0.42 
222.605	2015-01-01 00:04:38.040	-0.1582	0.0332	0.9951	-0.6104	0.0000	2.7466	4.9878	11.4368	35.9857	45.1000	445	461	-249	100817	0.42 
222.636	2015-01-01 00:04:38.080	-0.1328	0.0405	1.0098	-0.3662	0.6714	0.5493	4.9219	11.3654	36.1560	45.2400	446	461	-249	100818	0.42 
222.682	2015-01-01 00:04:38.120	-0.1299	0.0405	1.0049	-1.0376	0.3662	-0.7935	4.8175	11.2939	36.2659	45.2400	446	462	-249	100818	0.42 
222.714	2015-01-01 00:04:38.160	-0.1582	0.0278	1.0083	-0.4883	1.8311	-2.9297	4.7131	11.2939	36.3098	45.2400	448	462	-251	100818	0.42 
222.777	2015-01-01 00:04:38.200	-0.1426	0.0283	1.0029	-0.0610	1.8311	-5.3101	4.5923	11.2994	36.2549	45.0000	451	462	-253	100818	0.42 
222.808	2015-01-01 00:04:38.240	-0.1445	0.0459	1.0059	-0.5493	1.8311	-4.3945	4.4824	11.3049	36.1670	45.2400	449	462	-251	100818	0.42 
222.839	2015-01-01 00:04:38.280	-0.1685	0.0454	1.0127	-0.1221	-1.9531	-3.3569	4.3945	11.2555	36.1285	45.0000	447	464	-251	100818	0.42 
222.902	2015-01-01 00:04:38.320	-0.1675	0.0298	1.0015	0.1221	-4.3335	-5.1270	4.3066	11.0742	36.0406	45.2900	446	465	-251	100818	0.42 
222.948	2015-01-01 00:04:38.360	-0.1655	0.0640	1.0112	-0.6714	-6.0425	-3.4180	4.2297	10.8380	35.9418	45.2400	444	467	-253	100818	0.42 
222.980	2015-01-01 00:04:38.400	-0.1680	0.0498	1.0039	-1.3428	-4.0283	-1.9531	4.1473	10.6183	35.9198	44.9600	443	469	-253	100818	0.42 
223.011	2015-01-01 00:04:38.440	-0.1553	0.0200	1.0000	-0.4883	-2.5635	-2.5024	4.0375	10.4755	35.9308	45.1500	443	465	-251	100818	0.42 
223.043	2015-01-01 00:04:38.480	-0.1602	0.0288	1.0059	0.1221	-0.3052	-5.0049	3.9441	10.3986	35.8704	45.2900	445	465	-247	100818	0.42 
223.105	2015-01-01 00:04:38.520	-0.1450	0.0498	0.9907	-0.4883	-1.1597	-3.9063	3.8672	10.3271	35.7935	45.2900	446	465	-245	100818	0.42 
223.151	2015-01-01 00:04:38.560	-0.1636	0.0352	1.0054	-0.4272	2.6245	-3.7231	3.7848	10.3491	35.7440	45.2400	444	464	-248	100818	0.42 
223.183	2015-01-01 00:04:38.600	-0.1597	0.0527	1.0166	-0.7935	2.1362	-2.5024	3.7134	10.4041	35.7440	44.9100	443	461	-255	100818	0.42 
223.214	2015-01-01 00:04:38.640	-0.1621	0.0366	1.0039	-1.1597	0.5493	-1.6479	3.6310	10.4260	35.7825	45.1500	443	459	-256	100818	0.42 
223.246	2015-01-01 00:04:38.680	-0.1660	0.0264	0.9995	-0.6714	0.1831	-2.8687	3.5266	10.4260	35.8044	45.1000	443	461	-252	100818	0.42 
223.308	2015-01-01 00:04:38.720	-0.1709	0.0371	1.0122	-0.5493	0.0610	-3.1128	3.4442	10.4260	35.7825	45.2900	444	462	-251	100818	0.42 
223.354	2015-01-01 00:04:38.760	-0.1602	0.0371	1.0078	-0.4883	-1.0376	-2.3804	3.3783	10.3766	35.7825	45.0000	442	463	-250	100818	0.42 
223.401	2015-01-01 00:04:38.800	-0.1567	0.0386	1.0088	-0.5493	-1.6479	-1.5259	3.3124	10.2887	35.8154	45.1000	445	459	-248	100818	0.42 
223.417	2015-01-01 00:04:38.840	-0.1665	0.0361	1.0029	-1.0376	-3.3569	-0.4883	3.2574	10.1678	35.8813	45.1000	446	457	-247	100818	0.42 
223.464