StartTime: 2017-07-14 14:47:44.458
Time(s)	ax(g)	ay(g)	az(g)	wx(deg/s)	wy(deg/s)	wz(deg/s)	AngleX(deg)	AngleY(deg)	AngleZ(deg)	T(°)	hx	hy	hz	Pressure(Pa)	Altitude(m) 
237.632	-0.1606	0.0166	1.0190	-0.1221	0.1831	0.9155	0.7526	8.4210	95.9985	44.4900	226	-18	-67	100558	0.64 
237.679	-0.1567	0.0190	1.0063	-0.3052	-0.0610	0.9766	0.7581	8.4375	95.9821	44.5000	225	-18	-68	100559	0.64 
237.741	-0.1519	0.0171	1.0181	-0.1831	1.8311	0.5493	0.7635	8.6353	95.9711	44.5000	224	-20	-67	100559	0.64 
237.851	-0.1724	0.0181	1.0215	-0.2441	1.7700	0.6714	0.7581	8.8879	95.9821	44.5100	226	-15	-67	100559	0.64 
237.882	-0.1699	0.0195	1.0195	-0.1221	0.7935	1.0986	0.7581	8.9923	95.9875	44.5100	224	-19	-65	100559	0.64 
238.023	-0.1675	0.0205	1.0161	-0.5493	0.9155	0.9155	0.7416	9.0527	95.9656	44.5100	222	-20	-66	100559	0.64 
238.085	-0.1709	0.0151	1.0137	-0.6104	0.1221	0.6714	0.7141	9.1296	95.9711	44.5200	223	-19	-65	100559	0.64 
238.226	-0.1709	0.0195	1.0151	-0.3052	0.2441	1.2207	0.7031	9.1791	95.9656	44.5300	225	-19	-65	100559	0.64 
238.288	-0.1743	0.0156	1.0156	0.2441	0.0000	0.9155	0.7141	9.2450	95.9821	44.5300	223	-18	-64	100559	0.64 
238.429	-0.1733	0.0283	1.0566	1.0376	4.9438	3.5400	0.8075	9.3988	96.0370	44.5400	226	-17	-62	100559	0.64 
238.507	-0.2383	0.0313	1.0889	-6.1035	-9.4604	-6.3477	0.5603	9.3549	95.8228	44.5200	227	-19	-66	100559	0.64 
238.632	-0.1860	0.0229	0.9951	-6.8359	-34.6680	-3.1128	-0.2362	6.8994	95.3668	44.5100	220	-17	-67	100559	0.64 
238.726	-0.2549	0.0347	1.0781	-11.9019	-60.5469	2.1362	-0.9393	3.2355	95.4382	44.5400	215	-14	-79	100559	0.64 
238.851	-0.0107	0.0029	1.0801	-15.3809	-84.7168	8.2397	-2.1149	-4.0869	95.5811	44.5100	201	-12	-99	100559	0.64 
238.913	0.1733	-0.0229	0.8394	-21.3013	-88.1348	-1.0986	-3.9001	-13.0298	96.5424	44.5100	174	-8	-125	100559	0.64 
239.070	0.3184	0.0625	0.8965	-29.2358	-88.8062	27.6489	-6.6357	-21.3904	97.7234	44.5000	144	-4	-147	100559	0.64 
239.179	0.5952	-0.2104	0.8418	-31.9214	-104.3701	31.7993	-11.7389	-30.4102	102.3651	44.5000	114	0	-163	100559	0.64 
239.242	0.9077	-0.3730	0.5327	-32.8979	-94.3604	9.8267	-18.6877	-40.2319	108.0450	44.4900	77	7	-180	100559	0.64 
239.320	1.0234	-0.3135	0.3999	-18.6768	-74.7681	2.6245	-23.7305	-47.6422	111.3080	44.4700	47	20	-188	100558	0.64 
239.492	0.8594	-0.3252	0.3203	-12.4512	-37.7197	-3.2959	-28.0371	-52.1191	114.8785	44.4700	22	23	-185	100558	0.64 
239.570	0.9331	-0.3452	0.2036	-0.9766	-16.7236	-4.9438	-31.0583	-53.9978	117.3230	44.4600	12	28	-187	100558	0.64 
239.663	0.8350	-0.3896	0.4346	2.0142	8.6060	8.5449	-29.4653	-53.5144	115.5927	44.4400	11	30	-188	100558	0.64 
239.773	0.8433	-0.2710	0.5693	4.3335	26.1230	-8.9722	-27.6416	-52.3718	113.7634	44.4300	11	28	-188	100558	0.64 
239.898	0.7734	-0.2695	0.5571	0.6104	-6.8359	-0.5493	-26.9110	-51.3336	112.8241	44.4500	20	28	-190	100558	0.64 
239.976	0.8047	-0.2607	0.5781	0.4272	-0.4883	-1.5259	-26.2903	-51.6577	112.1594	44.4400	19	26	-191	100558	0.64 
240.101	0.7642	-0.2524	0.5801	-0.9155	-2.3804	-3.2349	-26.4276	-51.6357	112.1979	44.4300	23	24	-185	100558	0.64 
240.257	0.8237	-0.2593	0.5405	-0.6104	0.3662	2.3193	-26.3397	-52.0972	112.0166	44.4400	17	25	-186	100558	0.64 
240.336	0.8076	-0.2754	0.5557	-0.1221	0.6104	0.9766	-26.5814	-51.9763	112.2363	44.4400	18	25	-189	100558	0.64 
240.445	0.7744	-0.2720	0.5737	-0.3052	1.7090	1.0986	-26.5979	-51.7676	112.2473	44.4300	18	26	-190	100558	0.64 
240.539	0.7759	-0.2661	0.5825	-0.2441	0.3662	0.9155	-26.5924	-51.6357	112.1924	44.4400	21	26	-187	100558	0.64 
240.648	0.8125	-0.2793	0.5635	-0.3662	1.0986	-0.6714	-26.6144	-51.7072	112.1539	44.4400	19	25	-186	100558	0.64 
240.742	0.8027	-0.2690	0.5581	-0.4272	2.0142	0.6714	-26.5979	-51.6577	112.0166	44.4400	19	29	-188	100558	0.64 
240.898	0.7939	-0.2666	0.5674	-0.3052	0.3662	0.9155	-26.5210	-51.5094	111.8518	44.4600	22	28	-188	100558	0.64 
240.976	0.7891	-0.2671	0.5728	-0.3662	0.0610	1.3428	-26.5540	-51.4600	111.8298	44.4400	21	28	-192	100558	0.64 
241.086	0.7969	-0.2642	0.5620	-0.4883	0.0000	0.5493	-26.6528	-51.4819	111.8793	44.4600	22	26	-189	100558	0.64 
241.195	0.7954	-0.2671	0.5693	-0.3052	0.4272	1.0986	-26.7078	-51.4215	111.9177	44.4500	22	27	-187	100557	0.64 
241.289	0.8149	-0.2773	0.5649	-0.3052	0.6714	-0.2441	-26.6858	-51.4160	111.8463	44.4700	20	24	-188	100557	0.64 
241.398	0.8003	-0.2656	0.5571	-0.6104	-2.8076	-0.9766	-26.6583	-51.4490	111.8024	44.4700	21	27	-188	100556	0.64 
241.523	0.7979	-0.2695	0.5664	-0.4272	-0.1221	1.0986	-26.6693	-51.5424	111.7914	44.4800	21	26	-189	100556	0.64 
241.679	0.7910	-0.2598	0.5757	-0.5493	-0.4272	1.0986	-26.6528	-51.5533	111.7200	44.4800	21	28	-186	100556	0.64 
241.742	0.7974	-0.2651	0.5659	-0.3052	-0.3052	0.4272	-26.7957	-51.6248	111.8298	44.4900	21	29	-187	100556	0.64 
241.821	0.8003	-0.2695	0.5674	-0.3662	-1.3428	0.9155	-26.9055	-51.6577	111.8793	44.5000	16	28	-189	100556	0.64 
241.961	0.7979	-0.2661	0.5625	-0.3662	-1.1597	0.8545	-27.0154	-51.7236	111.9891	44.4800	20	28	-189	100556	0.64 
242.086	0.7993	-0.2681	0.5649	-0.4272	-1.2207	1.0376	-27.1307	-51.7841	112.0660	44.4800	21	26	-186	100556	0.64 
242.164	0.8018	-0.2676	0.5620	-0.4883	-1.5259	1.4648	-27.2845	-51.8774	112.2144	44.5000	18	27	-188	100556	0.64 
242.289	0.8149	-0.2783	0.5469	-0.6104	0.0000	1.7090	-27.4878	-52.0148	112.4176	44.5000	22	24	-188	100556	0.64 
242.367	0.8057	-0.2705	0.5405	-0.4272	-3.8452	1.2817	-27.7185	-52.1301	112.7197	44.5000	20	25	-186	100556	0.64 
242.508	0.8027	-0.2729	0.5542	-0.1831	0.3052	0.1831	-27.7734	-52.2125	112.7582	44.5100	18	28	-186	100557	0.64 
242.586	0.7915	-0.2666	0.5674	-0.3662	-1.2207	1.6479	-27.7350	-52.1686	112.7142	44.5100	19	27	-186	100557	0.64 
242.711	0.8022	-0.2729	0.5498	-0.1831	0.3662	-0.0610	-27.7679	-52.2235	112.7087	44.5200	17	27	-187	100557	0.64 
242.805	0.8071	-0.2705	0.5537	-0.3662	-0.0610	0.9766	-27.7954	-52.2070	112.7032	44.5100	23	26	-186	100557	0.64 
242.929	0.8042	-0.2725	0.5576	-0.4272	0.0610	0.9766	-27.7679	-52.2070	112.6373	44.5100	21	27	-185	100556	0.64 
243.039	0.7031	-0.2329	0.4756	6.2866	6.4087	-7.9956	-26.9659	-52.2784	112.0386	44.5100	20	26	-185	100556	0.64 
243.148	0.6826	-0.2520	0.3950	-8.0566	-36.0718	32.9590	-28.4106	-52.9926	113.8458	44.5300	14	24	-185	100556	0.64 
243.305	1.0322	-0.4155	0.3872	0.7935	1.8921	21.1182	-33.9258	-53.5254	119.9927	44.5100	10	28	-185	100556	0.64 
243.351	0.9521	-0.4517	0.4038	16.9678	36.2549	13.8550	-33.6346	-50.8008	120.5420	44.5200	13	24	-185	100556	0.64 
243.508	0.7407	-0.4175	0.6074	28.6865	72.3267	0.1221	-28.8611	-45.3955	117.0703	44.5100	32	22	-186	100556	0.64 
243.586	0.7085	-0.2979	0.8081	31.9824	75.4395	-14.2212	-22.1210	-38.8092	111.5387	44.5300	62	11	-185	100557	0.64 
243.711	0.4888	-0.1812	0.8696	31.3721	79.3457	-16.4185	-15.7159	-31.7725	106.3147	44.5100	85	0	-174	100557	0.64 
243.789	0.3887	-0.1167	0.8716	27.4658	82.9468	-16.3574	-10.7501	-24.4666	102.1399	44.5200	119	-5	-160	100557	0.64 
243.930	0.2397	-0.1099	1.0283	21.2402	74.9512	-8.3008	-7.1191	-16.1884	99.4922	44.5200	144	-10	-145	100557	0.64 
243.992	0.1372	-0.0615	1.0132	18.0054	69.3359	-4.0894	-4.8669	-9.2889	98.0914	44.5200	165	-17	-130	100557	0.64 
244.117	0.0195	-0.0059	0.9897	13.0615	46.2646	4.2725	-3.1201	-3.4552	97.3828	44.5200	185	-14	-107	100557	0.64 
244.196	-0.1396	0.0103	0.9922	19.2261	44.5557	3.1128	-1.2524	1.4996	97.5037	44.5200	201	-19	-95	100557	0.64 
244.320	-0.1968	0.1289	0.9658	10.6812	35.5835	13.6719	0.3790	5.5096	97.6849	44.5300	211	-23	-83	100557	0.64 
244.414	-0.2412	0.0581	1.0391	7.6904	26.8555	14.1602	1.6644	9.2670	99.3494	44.5300	219	-28	-69	100557	0.64 
244.523	-0.2603	0.0933	0.9995	4.7607	14.7705	5.9204	2.6971	11.4258	100.1678	44.5300	223	-34	-62	100557	0.64 
244.633	-0.2666	0.0757	1.0088	4.2725	15.1367	3.5400	3.2520	12.8210	100.5304	44.5400	225	-39	-57	100557	0.64 
244.742	-0.2842	0.0811	1.0059	1.8921	4.8218	-0.3662	3.6420	13.9142	100.7336	44.5200	231	-42	-55	100557	0.64 
244.821	-0.2705	0.1021	0.9878	0.9155	1.9531	1.2817	3.8672	14.3042	100.6897	44.5200	225	-42	-48	100557	0.64 
244.946	-0.2627	0.1006	0.9854	1.0986	2.0752	1.4648	4.0320	14.4141	100.8655	44.5300	226	-44	-46	100557	0.64 
245.039	-0.2700	0.0801	0.9946	1.7090	1.5869	0.9766	4.2957	14.6667	101.0138	44.5200	230	-40	-46	100557	0.64 
245.164	-0.2759	0.0811	0.9790	1.8311	1.9531	-0.4883	4.4989	14.8645	101.0248	44.5300	229	-43	-42	100557	0.64 
245.243	-0.2695	0.0942	0.9941	3.2959	-0.6714	1.4648	4.8560	14.9799	100.9589	44.5500	231	-44	-42	100557	0.64 
245.368	-0.2764	0.1040	0.9922	3.1128	0.0000	0.7324	5.2350	14.9414	101.1237	44.5300	230	-42	-44	100557	0.64 
245.446	-0.2773	0.1060	0.9795	3.1738	1.0986	-0.0610	5.6140	15.0458	101.0962	44.5400	228	-43	-40	100557	0.64 
245.555	-0.2954	0.1235	0.9961	1.8921	-2.6245	0.4883	5.9766	15.1282	101.0797	44.5400	232	-45	-42	100558	0.64 
245.649	-0.2744	0.1162	0.9907	2.1362	-0.2441	-0.0610	6.2292	15.0568	101.0468	44.5500	231	-42	-40	100557	0.64 
245.789	-0.2656	0.1265	0.9746	2.1362	0.4272	-0.1831	6.4819	15.0568	100.9534	44.5500	230	-44	-40	100557	0.64 
245.852	-0.2803	0.1255	0.9785	0.9155	-0.0610	0.6714	6.7072	15.0897	101.0138	44.5600	231	-46	-41	100558	0.64 
246.008	-0.2759	0.1357	0.9854	0.2441	-0.5493	0.4272	6.8390	15.0787	101.0193	44.5500	231	-45	-40	100558	0.64 
246.086	-0.2813	0.1313	0.9829	0.0000	0.3662	1.0986	6.9049	15.0732	101.0632	44.5700	227	-43	-39	100557	0.64 
246.180	-0.2813	0.1255	0.9727	-0.6714	-1.0376	1.5259	6.9434	15.0458	101.1786	44.5600	229	-44	-40	100558	0.64 
246.258	-0.2900	0.1333	0.9878	-1.1597	-1.4038	0.6714	6.9543	15.0348	101.2390	44.5700	229	-45	-41	100558	0.64 
246.399	-0.2715	0.1240	0.9717	-1.2207	-0.6714	-0.6714	6.7896	14.8535	101.1017	44.5600	229	-43	-41	100557	0.64 
246.477	-0.2793	0.1187	0.9844	-1.1597	-0.4272	0.6714	6.7072	14.8206	101.0907	44.5700	235	-42	-42	100557	0.64 
246.602	-0.2710	0.1196	0.9907	-0.5493	-0.9155	0.1221	6.6577	14.7491	101.0083	44.5700	232	-43	-39	100558	0.64 
246.680	-0.2769	0.1245	0.9854	0.7324	0.7935	1.0986	6.6742	14.7546	100.9644	44.5800	230	-43	-41	100558	0.64 
246.789	-0.2729	0.1284	0.9819	-0.1221	-0.7324	0.3662	6.7456	14.7546	101.0248	44.5800	230	-46	-39	100557	0.64 
246.884	-0.2720	0.1250	0.9854	-0.3052	0.1831	0.0000	6.7566	14.7601	101.0303	44.5900	230	-45	-39	100558	0.64 
247.008	-0.2769	0.1265	0.9927	-0.4883	-0.3052	3.2349	6.7731	14.7876	101.1072	44.5900	231	-44	-40	100558	0.64 
247.102	-0.2769	0.1221	1.0142	-1.8921	0.3662	-0.1831	6.7017	14.7217	101.2830	44.5900	232	-44	-41	100559	0.64 
247.227	-0.3149	0.1187	1.0249	-6.8359	-12.2681	-6.4697	6.2347	14.3591	100.8490	44.5900	226	-40	-41	100559	0.64 
247.336	-0.3374	0.1279	0.9966	-15.3198	-46.8750	-9.7656	4.9109	11.8378	99.5361	44.5900	228	-39	-47	100558	0.64 
247.430	-0.2471	0.1187	0.9897	-23.2544	-69.5801	-6.1646	2.9883	6.3226	98.3331	44.5800	217	-33	-64	100558	0.64 
247.539	-0.0049	-0.0146	1.0723	-23.0713	-92.2241	-8.9111	0.4724	-1.3458	97.4103	44.6000	201	-26	-86	100558	0.64 
247.664	0.0967	0.0518	0.8906	-29.1748	-83.9844	13.9160	-1.8677	-10.2832	98.2782	44.5900	177	-18	-115	100558	0.64 
247.727	0.3159	-0.0205	0.9302	-29.8462	-92.8345	26.9165	-5.1141	-18.3582	100.2612	44.5900	152	-11	-136	100558	0.64 
247.852	0.5381	-0.2168	0.9111	-31.9214	-87.9517	27.8320	-9.7174	-27.1143	104.1339	44.5900	121	-10	-156	100559	0.64 
247.946	0.7231	-0.2588	0.7061	-30.3345	-82.6416	1.3428	-15.5237	-36.0736	108.2593	44.6000	89	-1	-169	100559	0.64 
248.055	0.7661	-0.3198	0.6328	-18.7378	-48.1567	5.6152	-20.0500	-43.2806	111.1542	44.5800	56	5	-181	100559	0.64 
248.134	0.8789	-0.2935	0.5781	-14.1602	-35.8887	13.7939	-22.8186	-46.5161	112.6868	44.5700	40	9	-182	100558	0.64 
248.274	0.6855	-0.4146	0.6470	-3.7842	-6.4697	2.0142	-22.6648	-47.6587	111.7914	44.5600	35	9	-187	100558	0.64 
248.414	0.6924	-0.2515	0.5044	5.9814	-17.8223	-10.9253	-23.0988	-48.1805	112.3792	44.5600	31	12	-184	100558	0.64 
248.493	0.6592	-0.2476	0.7764	0.5493	34.1187	-2.0142	-22.0935	-46.5491	110.8850	44.5300	34	12	-184	100558	0.64 
248.618	0.7051	-0.2397	0.7524	0.6714	1.4648	-1.7090	-21.3190	-45.5438	110.0830	44.5400	39	11	-183	100557	0.64 
248.696	0.7051	-0.2314	0.6719	-3.8452	-0.9766	-0.6714	-21.5002	-45.8295	110.0061	44.5500	38	14	-185	100557	0.64 
248.883	0.7314	-0.2573	0.6294	-1.4648	-8.4839	-1.8311	-21.8573	-46.3019	110.1599	44.5600	40	15	-184	100557	0.64 
248.930	0.7739	-0.2808	0.6279	-1.4648	-4.5776	2.3193	-22.3792	-46.9171	110.5719	44.5300	36	15	-183	100557	0.64 
249.055	0.7422	-0.2573	0.6431	0.0610	1.1597	2.9907	-22.6648	-46.9830	110.8795	44.5500	36	14	-185	100557	0.64 
249.118	0.7241	-0.2412	0.6460	-0.3662	0.5493	0.5493	-22.7582	-46.8457	110.9839	44.5600	34	16	-185	100558	0.64 
249.258	0.7471	-0.2583	0.6494	-0.4883	-0.8545	0.0000	-22.7032	-46.8347	110.8740	44.5400	34	16	-186	100558	0.64 
249.321	0.7402	-0.2603	0.6426	-0.9766	-2.8076	0.1221	-22.8021	-46.9171	110.9235	44.5500	35	15	-183	100558	0.64 
249.461	0.7397	-0.2617	0.6416	-0.2441	0.4883	0.3662	-22.8845	-47.0380	110.9839	44.5500	36	15	-183	100558	0.64 
249.555	0.7441	-0.2515	0.6450	0.0000	0.7935	0.8545	-22.8790	-46.9556	110.9454	44.5600	36	18	-181	100558	0.64 
249.650	0.7407	-0.2524	0.6470	-0.5493	-2.1973	0.7324	-22.8680	-46.9226	110.8301	44.5700	35	18	-184	100559	0.64 
249.760	0.7466	-0.2612	0.6426	-0.5493	-0.5493	0.4883	-22.9340	-47.0490	110.8356	44.5700	33	17	-183	100558	0.64 
249.853	0.7461	-0.2534	0.6460	-0.3662	0.6104	2.0752	-23.0383	-47.0270	110.8740	44.5600	34	16	-181	100558	0.64 
249.978	0.7446	-0.2588	0.6309	-0.3052	-1.2207	0.6714	-23.1262	-46.9995	110.9729	44.5900	35	17	-184	100558	0.64 
250.103	0.7319	-0.2534	0.6470	-0.4883	-2.1973	0.9766	-23.1647	-46.9336	110.9509	44.5800	34	18	-183	100558	0.64 
250.166	0.7480	-0.2593	0.6309	-0.9155	-0.7935	3.1128	-23.3295	-47.0874	111.1212	44.5800	32	16	-186	100558	0.64 
250.306	0.7549	-0.2598	0.6313	-0.1831	0.0610	1.5869	-23.4668	-47.1204	111.3080	44.5800	37	13	-186	100558	0.64 
250.463	0.7612	-0.2612	0.6489	1.1597	-3.2959	-0.3662	-23.4998	-47.1368	111.3849	44.5800	35	16	-183	100558	0.64 
250.541	0.5723	-0.1475	0.6294	15.2588	-14.6484	-16.0522	-21.9672	-47.8894	110.5994	44.5600	32	14	-188	100558	0.64 
250.681	0.8247	-0.2173	0.5859	-7.8125	-28.2593	4.3335	-22.8845	-49.3835	112.0441	44.5800	29	14	-190	100558	0.64 
250.744	1.1792	-0.3140	0.1523	-0.6104	-2.9297	23.8037	-28.9270	-51.7072	118.9874	44.6000	18	15	-184	100558	0.64 
250.891	0.8809	-0.4033	0.6353	14.8926	21.7896	4.5166	-28.1964	-47.6752	118.5480	44.5800	23	11	-185	100558	0.64 
250.967	0.7837	-0.3110	0.6113	27.2827	100.7690	-10.9253	-23.4393	-42.9730	114.5270	44.5800	40	6	-183	100559	0.64 
251.098	0.7827	-0.2314	0.8774	24.1089	85.9375	-13.0615	-17.3419	-35.2332	108.8855	44.5700	71	1	-175	100559	0.64 
251.160	0.4956	-0.0913	0.8472	26.0010	83.3130	-18.7378	-12.3157	-27.6691	104.6997	44.5600	101	-4	-167	100559	0.64 
251.239	0.2354	-0.0464	1.0264	20.8130	82.6416	0.6714	-8.4210	-18.9240	101.4752	44.5700	129	-11	-149	100558	0.64 
251.363	0.1807	-0.1724	1.0415	17.3340	72.0825	-7.3242	-6.1798	-10.8215	100.2393	44.5900	159	-15	-131	100559	0.64 
251.566	0.0488	-0.0205	1.0156	11.0474	58.5938	7.1411	-4.2682	-4.0814	99.5032	44.5700	181	-21	-110	100559	0.64 
251.613	-0.0684	-0.0117	0.9702	19.6533	39.4897	23.0103	-2.4060	0.9229	99.8657	44.5600	198	-26	-94	100559	0.64 
251.707	-0.2773	0.0229	1.0464	14.4043	41.3818	17.3340	-0.8679	5.6085	101.7389	44.5600	211	-31	-82	100559	0.64 
251.801	-0.2432	0.1079	0.9912	19.1650	30.2734	10.1929	1.1755	9.3988	102.9749	44.5600	215	-41	-68	100559	0.64 
251.941	-0.2559	0.1021	0.9956	14.1602	23.0713	0.7324	3.3783	12.3486	103.6011	44.5600	224	-46	-55	100559	0.64 
252.004	-0.2656	0.0786	0.9902	7.6904	6.8970	-5.3711	4.3231	13.6450	103.2825	44.5400	224	-51	-49	100559	0.64 
252.113	-0.2988	0.1411	0.9849	6.2256	5.9814	-2.9907	5.0372	14.3536	102.6617	44.5300	227	-47	-43	100559	0.64 
252.207	-0.2744	0.1289	0.9912	5.6763	1.7090	-1.8311	5.6580	14.8096	102.3431	44.5100	224	-48	-41	100560	0.64 
252.317	-0.2686	0.1152	0.9888	2.9907	-1.0376	2.7466	6.1578	14.7546	102.4475	44.5500	227	-48	-39	100560	0.64 
252.426	-0.2749	0.1421	0.9937	1.0376	-4.0283	1.2207	6.4709	14.4965	102.5684	44.5400	225	-51	-36	100559	0.64 
252.520	-0.2739	0.1221	1.0020	-0.5493	-3.4180	0.1831	6.5424	14.2548	102.5684	44.5500	228	-53	-41	100559	0.64 
252.598	-0.2495	0.1470	0.9688	-3.2349	-4.4556	-0.1831	6.3831	13.7329	102.4475	44.5500	228	-47	-40	100559	0.64 
252.725	-0.2437	0.1104	0.9927	-2.8076	-3.0518	-0.3052	6.0919	13.4363	102.3157	44.5500	227	-49	-40	100559	0.64 
252.819	-0.2417	0.1060	0.9976	-2.6855	-3.0518	0.6714	5.8447	13.1616	102.2662	44.5600	225	-48	-43	100559	0.64 
252.912	-0.2358	0.1089	0.9878	-3.6011	-4.2725	-0.1221	5.5756	12.8705	102.2223	44.5700	225	-45	-43	100559	0.64 
253.022	-0.2124	0.1030	0.9849	-2.9907	-3.3569	-1.0376	5.2570	12.4805	102.0245	44.5600	224	-44	-47	100560	0.64 
253.147	-0.2314	0.0908	0.9966	-2.3804	-2.3193	0.9766	5.0043	12.3322	101.9916	44.5600	226	-46	-44	100560	0.64 
253.241	-0.2280	0.0845	0.9883	-0.9155	-2.0142	0.4272	4.8285	12.1014	102.0245	44.5600	222	-47	-47	100560	0.64 
253.334	-0.2241	0.0918	0.9961	-0.4883	-1.2207	-0.4883	4.7681	11.9586	101.9421	44.5700	224	-46	-49	100560	0.64 
253.459	-0.2207	0.0928	0.9990	0.0000	-1.5259	-0.4883	4.7791	11.9147	101.8213	44.5800	228	-43	-50	100560	0.64 
253.553	-0.2134	0.0864	1.0034	0.1831	-1.2207	-0.3052	4.8230	11.8323	101.7554	44.5700	226	-44	-50	100560	0.64 
253.632	-0.2344	0.1094	1.0200	-0.1221	-3.7842	2.8687	4.8724	11.7499	101.7114	44.5600	227	-42	-49	100561	0.64 
253.756	-0.2280	0.0786	1.0391	-4.1504	-10.8643	-2.9907	4.6472	11.0413	101.6345	44.5700	223	-44	-48	100561	0.64 
253.866	-0.2378	0.0957	0.9937	-6.5308	-30.4565	-6.7749	4.0540	9.3054	100.8710	44.5700	218	-43	-53	100561	0.64 
253.959	-0.1709	0.1030	1.0132	-12.5122	-35.7666	-5.8594	3.1146	6.3116	100.1239	44.5900	216	-37	-62	100561	0.64 
254.038	-0.1167	0.0972	1.0391	-13.4277	-41.2598	0.2441	1.9006	2.4884	99.4318	44.5800	205	-33	-75	100561	0.64 
254.163	-0.0317	0.0073	1.0562	-17.0898	-49.6216	6.7749	0.3680	-2.1094	99.3164	44.5900	198	-31	-89	100560	0.64 
254.256	0.0903	-0.0220	1.0259	-28.2593	-75.9277	12.4512	-1.8787	-8.2068	100.1843	44.5900	180	-27	-106	100561	0.64 
254.381	0.1479	0.0327	1.0010	-26.1230	-62.3169	5.1270	-4.5813	-15.0732	100.9369	44.5800	160	-22	-129	100561	0.64 
254.460	0.3643	-0.1245	0.9097	-26.9775	-70.6787	21.1182	-7.9486	-21.9287	102.9968	44.5800	135	-16	-142	100561	0.64 
254.584	0.5435	-0.2207	0.7832	-27.0996	-80.6274	15.9912	-12.2168	-29.2786	106.3037	44.5800	110	-9	-162	100561	0.64 
254.663	0.7129	-0.2686	0.6685	-25.1465	-65.4297	7.3242	-16.9849	-36.4417	109.7479	44.5800	79	-1	-169	100560	0.64 
254.788	0.7949	-0.3252	0.6733	-18.4937	-45.2271	2.2583	-20.8960	-41.5283	112.2253	44.5700	61	5	-177	100561	0.64 
254.959	0.8589	-0.3691	0.4971	-13.1226	-29.9072	-6.7139	-24.2963	-45.5933	114.4006	44.5700	40	10	-184	100560	0.64 
255.022	0.6597	-0.3472	0.6631	-7.4463	-28.5034	0.0610	-24.5435	-46.7853	113.9832	44.5600	33	11	-181	100560	0.64 
255.147	0.8423	-0.1948	0.3467	4.0894	45.8374	2.0752	-25.8069	-48.6200	115.2576	44.5600	25	12	-183	100560	0.64 
255.210	0.6772	-0.2627	0.7896	0.6104	8.7280	0.2441	-23.6755	-44.8187	112.6923	44.5600	33	12	-181	100560	0.64 
255.381	0.6992	-0.2900	0.6431	0.0000	-7.6904	-1.5869	-23.6700	-44.7418	112.7362	44.5600	41	11	-183	100560	0.64 
255.444	0.6641	-0.2476	0.7310	0.4272	3.8452	-0.9766	-23.4998	-44.4452	112.5549	44.5500	40	13	-182	100560	0.64 
255.553	0.7690	-0.2495	0.6040	-2.5635	-9.7656	-2.7466	-23.5382	-45.2252	112.4341	44.5600	41	12	-186	100559	0.64 
255.663	0.7441	-0.3057	0.6362	-0.4883	3.9673	0.0610	-23.8623	-45.5383	112.5604	44.5600	39	11	-181	100559	0.64 
255.788	0.6929	-0.2847	0.6865	-0.3662	3.2349	4.2725	-23.8678	-44.9176	112.5275	44.5500	39	12	-181	100559	0.64 
255.866	0.7036	-0.2690	0.6719	0.1221	0.7935	1.5869	-23.9282	-44.6649	112.6373	44.5700	41	12	-184	100559	0.64 
255.991	0.7065	-0.2778	0.6616	-1.0376	-1.6479	-0.8545	-23.9172	-44.6539	112.6044	44.5600	40	12	-184	100558	0.64 
256.100	0.7271	-0.2944	0.6680	-0.3662	0.4272	-0.8545	-23.8293	-44.7803	112.4066	44.5500	39	13	-186	100558	0.64 
256.210	0.7104	-0.2793	0.6738	-0.0610	1.7700	0.9155	-23.7964	-44.7748	112.3407	44.5500	42	11	-182	100558	0.64 
256.304	0.7266	-0.2769	0.6597	-0.2441	1.8921	0.7324	-23.8623	-44.6759	112.4725	44.5700	41	12	-182	100558	0.64 
256.460	0.7012	-0.2744	0.6650	-0.6714	-0.0610	1.7090	-23.9063	-44.4727	112.5055	44.5500	40	15	-182	100558	0.64 
256.538	0.7124	-0.2837	0.6670	0.0000	-1.6479	1.4038	-23.9612	-44.4397	112.5439	44.5600	45	13	-179	100558	0.64 
256.647	0.7207	-0.2847	0.6670	-0.3662	-1.2207	0.1221	-24.0216	-44.4836	112.6099	44.5600	42	12	-183	100559	0.64 
256.835	0.7104	-0.2881	0.6689	0.3052	-0.3052	-0.2441	-23.9447	-44.5111	112.4945	44.5600	43	16	-179	100559	0.64 
256.866	0.7373	-0.2725	0.6777	1.5869	-3.2959	-0.9766	-23.9063	-44.5880	112.4231	44.5600	42	13	-184	100559	0.64 
256.960	0.7334	-0.3247	0.6089	27.8931	6.5918	-21.3623	-21.6376	-45.7361	111.0553	44.5600	40	14	-183	100559	0.64 
257.070	0.7051	-0.0430	0.8086	-2.2583	-14.5264	0.8545	-18.3856	-45.3131	108.4900	44.5500	40	7	-184	100559	0.64 
257.225	1.0264	-0.4185	0.4229	-11.1694	-39.5508	37.5366	-23.0438	-48.2080	114.0381	44.5500	31	6	-187	100559	0.64 
257.303	0.9243	-0.5049	0.5708	4.2725	1.2207	9.1553	-27.0319	-47.7026	118.3337	44.5700	24	9	-184	100560	0.64 
257.491	0.7188	-0.2759	0.6211	26.3062	68.9087	-16.1743	-23.7579	-45.2747	115.8728	44.5600	32	6	-182	100559	0.64 
257.522	0.6211	-0.1724	0.7031	27.2217	68.7866	-17.9443	-17.2156	-39.7650	110.1599	44.5600	51	-1	-177	100560	0.64 
257.620	0.5264	-0.1128	0.7900	27.0996	69.1528	-29.6631	-11.7719	-33.1787	105.7159	44.5500	76	-6	-169	100560	0.64 
257.729	0.3687	-0.0215	0.9468	23.4985	70.0073	-13.1836	-7.2455	-25.8893	102.1234	44.5500	107	-13	-160	100560	0.64 
257.838	0.2275	-0.0903	1.0918	23.2544	85.0220	-7.9346	-4.1803	-17.6825	99.8383	44.5500	138	-19	-144	100559	0.64 
257.932	0.1890	-0.0205	0.9595	12.9395	61.4624	-3.6621	-2.0819	-10.4205	98.6517	44.5400	158	-24	-127	100559	0.64 
258.042	0.0269	0.0239	0.9927	13.0615	55.2368	7.2632	-0.7526	-4.3011	98.8055	44.5400	182	-27	-108	100560	0.64 
258.105	-0.0610	0.0547	1.0610	11.9019	46.9971	8.3008	0.7690	1.1591	99.4977	44.5400	200	-34	-92	100559	0.64 
258.245	-0.1602	0.0415	1.0166	12.3901	39.1235	3.7231	1.9556	5.5865	100.2612	44.5300	212	-37	-78	100559	0.64 
258.324	-0.1987	0.1353	1.0024	7.2632	38.4521	9.2773	3.3014	9.3494	100.9424	44.5200	216	-40	-67	100559	0.64 
258.464	-0.3345	0.0464	0.9712	5.2490	22.7661	2.7466	4.1968	12.7716	101.9421	44.5200	222	-42	-54	100559	0.64 
258.573	-0.3491	0.1284	0.9722	8.6060	17.5171	-4.8828	5.0977	15.3149	101.8158	44.5300	229	-45	-42	100560	0.64 
258.656	-0.2993	0.1318	0.9814	2.2583	10.4980	-3.6621	5.6250	16.7596	101.2830	44.5500	236	-43	-36	100560	0.64 
258.735	-0.3335	0.1426	0.9771	1.4648	0.7935	1.7090	6.0205	17.4353	101.2445	44.5200	232	-43	-33	100559	0.64 
258.906	-0.3135	0.1177	0.9741	-2.8687	-6.4087	3.1128	6.1359	17.2211	101.4587	44.5200	231	-43	-31	100559	0.64 
258.938	-0.3022	0.1147	0.9731	-3.0518	-4.3335	2.8687	5.9711	16.6663	101.7224	44.5400	234	-48	-35	100559	0.64 
259.078	-0.3047	0.1113	0.9751	-2.6855	-2.9297	-1.4648	5.7294	16.3696	101.6785	44.5400	234	-48	-33	100559	0.64 
259.172	-0.2891	0.1055	0.9814	-3.5400	-2.8076	-0.6714	5.3833	16.0840	101.4972	44.5400	231	-46	-38	100559	0.64 
259.266	-0.2925	0.0996	0.9917	-3.2959	-2.9297	0.1831	5.0537	15.7874	101.4093	44.5400	231	-43	-38	100559	0.64 
259.360	-0.2773	0.0894	0.9893	-3.2959	-2.8076	1.0986	4.8120	15.4852	101.4587	44.5300	230	-43	-38	100559	0.64 
259.500	-0.2769	0.0859	0.9819	-3.2349	-5.7983	0.9766	4.4879	15.0513	101.4313	44.5500	229	-40	-39	100559	0.64 
259.578	-0.2676	0.0732	0.9819	-1.7090	-5.0049	2.3193	4.3121	14.5459	101.5082	44.5200	228	-43	-40	100559	0.64 
259.689	-0.2544	0.0854	0.9941	-1.2207	-3.4180	1.2207	4.2407	14.1339	101.6235	44.5500	227	-45	-44	100559	0.64 
259.767	-0.2480	0.0747	0.9902	-0.9766	-2.7466	0.0610	4.1473	13.7769	101.6180	44.5600	228	-44	-42	100559	0.64 
259.908	-0.2446	0.0796	0.9966	-0.4883	-1.9531	0.0000	4.0924	13.6121	101.5411	44.5700	227	-42	-46	100559	0.64 
259.986	-0.2388	0.0820	0.9932	0.0000	-0.1831	2.4414	4.1309	13.5022	101.5631	44.5500	228	-43	-42	100559	0.64 
260.111	-0.2568	0.0845	0.9883	-0.3052	2.2583	-1.0376	4.1528	13.7109	101.6125	44.5700	230	-42	-42	100559	0.64 
260.189	-0.2617	0.0767	0.9902	-0.4272	0.4883	0.2441	4.1199	13.8757	101.4807	44.5700	231	-40	-43	100559	0.64 
260.329	-0.2607	0.0815	0.9932	-0.4883	-0.8545	0.6714	4.1034	13.9032	101.4478	44.5600	231	-41	-46	100559	0.64 
260.393	-0.2539	0.0781	0.9941	-0.4272	-0.6714	0.7324	4.1089	13.8538	101.4423	44.5600	228	-41	-44	100559	0.64 
260.533	-0.2520	0.0786	0.9893	-0.6714	-0.9155	1.2207	4.0924	13.7878	101.4862	44.5600	226	-42	-45	100559	0.64 
260.595	-0.2559	0.0791	0.9966	-0.6714	0.0000	0.4883	4.0540	13.7439	101.5302	44.5900	228	-44	-42	100559	0.64 
260.736	-0.2554	0.0771	1.0005	-0.3052	-1.0986	-0.1221	4.0320	13.7164	101.4862	44.5900	229	-41	-44	100559	0.64 
260.814	-0.2593	0.0635	0.9927	0.1221	-2.8687	0.9766	4.0265	13.5132	101.3873	44.5800	230	-40	-46	100559	0.64 
260.939	-0.2446	0.0786	0.9932	-0.6104	0.3052	-0.2441	4.0265	13.3099	101.3544	44.5700	231	-43	-44	100559	0.64