StartTime: 2017-07-21 14:36:31.431
Time(s)	ChipTime	ax(g)	ay(g)	az(g)	wx(deg/s)	wy(deg/s)	wz(deg/s)	AngleX(deg)	AngleY(deg)	AngleZ(deg)	T(°)	hx	hy	hz	Pressure(Pa)	Altitude(m) 
6.015	2015-01-01 00:01:11.880	-0.0322	0.0532	1.0391	4.2725	-3.6011	-7.4463	-0.6482	0.3845	62.0288	42.9900	581	269	-212	100829	0.41 
6.062	2015-01-01 00:01:11.920	-0.0200	0.0591	1.0078	5.9204	-2.9907	-6.7139	-0.3406	0.2582	61.8036	42.9000	581	270	-212	100829	0.41 
6.109	2015-01-01 00:01:11.960	-0.0342	0.0610	1.0313	8.2397	-1.4648	-6.5308	0.0330	0.2417	61.5674	42.8500	580	269	-212	100829	0.41 
6.140	2015-01-01 00:01:12.000	-0.0283	0.0649	1.0005	7.4463	-1.2817	-3.2349	0.4175	0.1923	61.4520	42.8500	581	270	-213	100829	0.41 
6.219	2015-01-01 00:01:12.040	-0.0308	0.0400	1.0054	5.6763	1.0986	-4.0283	0.7416	0.2417	61.3751	42.6600	579	272	-215	100829	0.41 
6.219	2015-01-01 00:01:12.080	-0.0352	0.0361	1.0327	3.1738	-1.4648	-6.4697	0.9283	0.3076	61.2323	42.8500	582	269	-215	100829	0.41 
6.282	2015-01-01 00:01:12.120	-0.0020	0.0845	0.9790	1.4038	0.8545	-3.3569	1.1096	0.2637	61.1115	42.8000	584	267	-218	100829	0.41 
6.313	2015-01-01 00:01:12.160	-0.0493	0.0552	1.0234	-0.6104	1.8921	-3.0518	1.1920	0.4120	61.0565	42.9900	584	268	-211	100829	0.41 
6.344	2015-01-01 00:01:12.200	-0.0273	0.0586	1.0264	-2.1362	0.6714	-2.4414	1.1646	0.4999	61.0181	43.0400	582	268	-209	100829	0.41 
6.422	2015-01-01 00:01:12.240	-0.0298	0.0488	1.0132	-3.8452	1.0986	-7.2021	1.0822	0.5603	60.9192	42.9000	584	268	-209	100828	0.41 
6.422	2015-01-01 00:01:12.280	-0.0449	0.0596	1.0200	-5.1270	-0.8545	-11.4136	0.9448	0.6042	60.6171	42.9900	583	268	-208	100828	0.41 
6.469	2015-01-01 00:01:12.320	-0.0396	0.0742	1.0166	-6.2866	-0.6714	-14.2212	0.7690	0.6152	60.1611	42.9900	582	273	-205	100828	0.41 
6.515	2015-01-01 00:01:12.360	-0.0405	0.0815	1.0166	-8.1177	-1.4038	-12.9395	0.5768	0.6262	59.6997	42.9000	583	272	-206	100828	0.41 
6.547	2015-01-01 00:01:12.400	-0.0425	0.0845	1.0234	-9.0942	-0.3052	-13.4277	0.3131	0.6537	59.2548	42.9900	585	273	-207	100829	0.41 
6.625	2015-01-01 00:01:12.440	-0.0464	0.0981	1.0049	-10.6201	-0.6104	-13.5498	0.0165	0.6537	58.8373	42.9900	587	274	-205	100828	0.41 
6.625	2015-01-01 00:01:12.480	-0.0664	0.1040	1.0366	-12.0239	-1.5869	-12.0239	-0.2911	0.7416	58.4143	42.9900	589	276	-203	100829	0.41 
6.672	2015-01-01 00:01:12.520	-0.0410	0.0918	1.0117	-13.7939	-2.5635	-10.8032	-0.6921	0.6647	58.0957	42.8000	587	277	-207	100829	0.41 
6.703	2015-01-01 00:01:12.560	-0.0640	0.0825	1.0083	-14.7705	-1.4648	-11.6577	-1.1261	0.6482	57.7606	42.9900	586	279	-209	100829	0.41 
6.750	2015-01-01 00:01:12.600	-0.0796	0.0986	1.0244	-16.2354	-2.8076	-10.1929	-1.5930	0.6592	57.4365	42.8500	580	279	-208	100829	0.41 
6.828	2015-01-01 00:01:12.640	-0.0449	0.0986	1.0034	-18.4326	-4.0894	-7.5073	-2.1368	0.5603	57.2168	42.9000	582	282	-209	100829	0.41 
6.844	2015-01-01 00:01:12.680	-0.0430	0.0796	0.9878	-20.4468	-3.8452	-3.7842	-2.7466	0.4504	57.1344	42.8500	586	284	-207	100829	0.41 
6.875	2015-01-01 00:01:12.720	-0.0371	0.0630	1.0049	-22.2168	-4.0894	0.4883	-3.4222	0.3406	57.2168	43.1400	585	288	-211	100829	0.41 
6.922	2015-01-01 00:01:12.760	-0.0596	0.0454	1.0024	-24.3530	-5.7983	-0.4272	-4.2133	0.2087	57.3761	42.9000	587	288	-213	100828	0.41 
6.969	2015-01-01 00:01:12.800	-0.0269	0.0249	0.9810	-25.8789	-8.2397	-0.1221	-5.0702	-0.0055	57.4969	42.9900	585	291	-214	100828	0.41 
7.031	2015-01-01 00:01:12.840	-0.0103	0.0386	0.9512	-29.0527	-6.8970	-1.1597	-5.9930	-0.2527	57.6508	42.9000	583	292	-214	100828	0.41 
7.078	2015-01-01 00:01:12.880	-0.0107	-0.0386	0.9458	-30.9448	-7.6904	-14.4043	-7.0642	-0.5493	57.4969	42.8500	580	293	-217	100828	0.41 
7.078	2015-01-01 00:01:12.920	0.0093	-0.0513	0.9600	-36.1328	-7.4463	-24.2310	-8.2837	-0.9613	56.8982	42.8500	580	296	-218	100828	0.41 
7.125	2015-01-01 00:01:12.960	-0.1069	-0.1035	0.9438	-43.0908	4.3945	-32.6538	-9.7339	-1.0822	55.9589	43.0400	583	301	-217	100827	0.41 
7.203	2015-01-01 00:01:13.000	-0.2144	-0.0659	0.9233	-55.6641	24.6582	-40.6494	-11.6290	-0.5273	54.4373	42.9900	584	305	-214	100828	0.41 
7.234	2015-01-01 00:01:13.040	-0.1943	0.2539	0.4849	-60.8521	26.0010	-8.1177	-13.4363	0.6372	53.2727	43.0400	584	306	-211	100828	0.41 
7.266	2015-01-01 00:01:13.080	-0.1851	0.1353	0.0679	-58.5938	77.9419	13.7939	-14.3646	3.4937	52.6520	43.1800	586	314	-211	100828	0.41 
7.312	2015-01-01 00:01:13.120	-0.1606	0.3794	0.5229	-67.3828	63.4155	63.7817	-15.8313	7.4377	52.8387	43.0400	595	322	-203	100828	0.41 
7.344	2015-01-01 00:01:13.160	-0.2070	0.0859	0.6470	-59.9976	75.8667	29.0527	-17.2980	11.0248	53.9648	43.1400	601	320	-196	100828	0.41 
7.406	2015-01-01 00:01:13.200	-0.1802	-0.1885	0.7222	-71.9604	56.8237	-10.6812	-19.5227	13.7769	53.7067	42.9900	607	320	-194	100827	0.41 
7.437	2015-01-01 00:01:13.240	0.0342	-0.2031	0.6274	-66.2842	42.4805	-81.6040	-23.3130	14.8480	50.9766	42.9900	614	323	-181	100827	0.41 
7.469	2015-01-01 00:01:13.280	-0.0728	-0.1196	0.0679	-85.2051	94.8486	-117.2485	-27.7020	14.3976	46.3019	42.9900	618	327	-174	100827	0.41 
7.500	2015-01-01 00:01:13.320	0.1265	-0.9214	0.2466	-30.7617	-14.1602	-189.5752	-31.8933	11.7773	41.2427	42.9900	620	344	-163	100827	0.41 
7.547	2015-01-01 00:01:13.360	-0.9424	-2.4585	3.1582	-197.6929	-72.0825	-308.5938	-36.9745	3.4882	34.0356	42.9900	621	353	-157	100827	0.42 
7.609	2015-01-01 00:01:13.400	1.4658	-0.8101	-0.4404	-300.9033	-133.1787	-7.8735	-49.9658	-5.2405	36.9965	42.7000	604	385	-163	100827	0.41 
7.641	2015-01-01 00:01:13.440	0.4404	-0.0107	0.1680	-130.7373	-151.1841	66.2842	-56.2500	-8.2123	41.6931	42.8000	585	412	-153	100827	0.41 
7.687	2015-01-01 00:01:13.480	1.4961	-1.3711	-0.4790	-142.8833	1.8921	15.3198	-61.7706	-10.4095	45.8130	42.9900	576	428	-146	100828	0.41 
7.734	2015-01-01 00:01:13.520	-0.0747	-1.5029	-0.0884	-126.5259	-2.4414	85.3882	-67.4121	-8.0420	47.7301	42.9900	572	435	-139	100828	0.41 
7.766	2015-01-01 00:01:13.560	-0.0894	-1.2061	0.4673	-79.4678	30.0293	46.6309	-71.4331	-5.1581	48.6365	42.9900	575	430	-127	100829	0.41 
7.844	2015-01-01 00:01:13.600	0.1440	-0.9766	-0.4458	-73.1812	-37.4146	87.8296	-75.4926	-2.3291	52.4927	42.7000	578	426	-117	100829	0.41 
7.844	2015-01-01 00:01:13.640	0.0889	-0.5322	0.2798	-47.1191	31.6162	111.6943	-77.8052	1.3788	53.2288	42.9900	591	421	-108	100829	0.41 
7.891	2015-01-01 00:01:13.680	-0.1895	-0.9248	-0.1479	-36.0107	-29.7852	109.8633	-79.4861	5.7568	55.8545	42.8500	598	414	-103	100829	0.41 
7.938	2015-01-01 00:01:13.720	-0.3481	-1.1138	-0.0400	0.0000	7.2632	111.9385	-80.4584	10.1514	57.9968	42.8500	605	400	-100	100830	0.41 
7.969	2015-01-01 00:01:13.760	-0.4482	-1.2153	0.0557	7.6904	-10.8032	92.7734	-80.2771	14.4525	59.7766	42.8500	613	386	-100	100830	0.41 
8.016	2015-01-01 00:01:13.800	-0.5938	-1.1606	0.0645	23.3765	3.4180	83.8013	-79.6838	18.1165	61.6608	42.9000	619	376	-102	100830	0.41 
8.078	2015-01-01 00:01:13.840	-0.5088	-1.5288	0.3687	41.9312	-8.6670	-38.0859	-78.3600	18.6768	62.6935	42.9000	625	364	-102	100830	0.41 
8.094	2015-01-01 00:01:13.880	-0.4077	-0.8892	0.2251	43.7622	-73.5474	-52.9175	-75.9705	16.1115	64.6161	42.9900	628	359	-103	100830	0.41 
8.141	2015-01-01 00:01:13.920	-0.3647	-0.5078	-0.0688	9.0332	-22.3389	-37.4756	-75.6793	14.7766	67.2034	43.0400	624	362	-110	100830	0.41 
8.219	2015-01-01 00:01:13.960	-0.5898	-0.4282	0.1978	17.1509	17.0288	-18.6768	-75.0421	13.7494	67.7307	42.9900	622	364	-117	100830	0.41 
8.250	2015-01-01 00:01:14.000	-0.4004	-0.7939	0.2451	11.4746	17.0288	-23.4985	-74.6631	14.0735	66.9836	42.8000	620	366	-120	100831	0.41 
8.266	2015-01-01 00:01:14.040	-0.1426	-0.8540	0.3970	-9.0332	5.0659	-58.2886	-74.6301	12.6727	66.4014	42.8000	616	368	-118	100831	0.41 
8.297	2015-01-01 00:01:14.080	-0.3726	-1.0151	0.2148	-27.9541	-2.3804	-59.5703	-75.7452	10.4974	66.3629	42.9900	616	375	-119	100831	0.41 
8.359	2015-01-01 00:01:14.120	-0.4268	-1.3159	0.1914	-23.7427	-24.4751	-55.1147	-76.9537	8.4430	67.0056	42.9900	614	382	-118	100831	0.41 
8.422	2015-01-01 00:01:14.160	-0.3740	-1.2744	0.0063	-9.0942	-23.4375	-48.8892	-77.9315	6.4050	68.6975	42.9900	614	385	-117	100832	0.41 
8.454	2015-01-01 00:01:14.200	-0.1196	-0.8882	0.1426	10.1318	-7.5684	-59.0210	-77.9755	4.2133	69.3292	42.9000	610	392	-120	100832	0.41 
8.485	2015-01-01 00:01:14.240	-0.0708	-0.9180	0.0752	15.6860	-3.9673	-66.7114	-77.6129	1.7358	69.7961	42.9900	608	397	-124	100832	0.41 
8.531	2015-01-01 00:01:14.280	-0.0410	-0.9893	0.2021	19.3481	-0.9155	-65.0024	-76.9757	-0.8185	69.7742	42.8000	600	406	-122	100832	0.41 
8.563	2015-01-01 00:01:14.320	-0.0181	-1.0532	0.1797	19.0430	-7.7515	-53.2227	-76.2946	-3.0322	70.1147	43.1400	593	413	-119	100832	0.41 
8.625	2015-01-01 00:01:14.360	0.0522	-0.8799	0.2544	18.9819	-5.3711	-45.3491	-75.5695	-4.9658	70.4059	43.0400	589	417	-122	100832	0.41 
8.657	2015-01-01 00:01:14.400	0.1089	-0.8701	0.2412	15.5029	-7.9956	-35.0952	-74.8773	-6.5204	70.8179	42.8500	584	422	-125	100833	0.41 
8.688	2015-01-01 00:01:14.440	0.1494	-0.8447	0.2583	10.2539	-9.8267	-29.1138	-74.3280	-7.8882	71.2573	43.0400	579	423	-123	100832	0.41 
8.734	2015-01-01 00:01:14.480	0.1924	-0.8350	0.2676	4.2114	-7.8735	-23.6206	-73.9984	-9.0857	71.6968	43.0400	574	425	-127	100833	0.41 
8.766	2015-01-01 00:01:14.520	0.1646	-0.9189	0.2749	-3.9063	-1.2817	-17.7612	-73.9764	-9.9866	72.0593	43.0400	566	430	-124	100833	0.41 
8.828	2015-01-01 00:01:14.560	0.1650	-0.9604	0.2661	-11.9629	2.5024	-7.5684	-74.3060	-10.4370	72.3834	42.9900	564	435	-128	100833	0.41 
8.860	2015-01-01 00:01:14.600	0.1411	-0.9443	0.2261	-16.4795	5.4321	0.7324	-74.9213	-10.4480	72.7350	42.9900	564	435	-127	100833	0.41 
8.891	2015-01-01 00:01:14.640	0.1362	-0.9395	0.2041	-10.9253	3.3569	1.7700	-75.4871	-10.3491	73.0426	42.9000	565	438	-130	100833	0.41 
8.938	2015-01-01 00:01:14.680	0.1504	-0.9712	0.1870	-9.3994	1.4648	2.1973	-75.9485	-10.1898	73.4930	43.1400	566	439	-132	100833	0.41 
8.969	2015-01-01 00:01:14.720	0.1270	-0.9731	0.1836	-8.4229	0.4272	7.2021	-76.3440	-9.9207	73.9545	42.9900	568	436	-128	100833	0.41 
9.031	2015-01-01 00:01:14.760	0.1245	-0.9761	0.1816	-2.8687	2.8076	6.1646	-76.6296	-9.5801	74.3939	43.1400	571	434	-129	100833	0.41 
9.078	2015-01-01 00:01:14.800	0.0430	-1.0259	0.1650	1.2817	1.7090	3.7842	-76.7175	-9.2505	74.8114	43.1400	568	434	-125	100833	0.41 
9.110	2015-01-01 00:01:14.840	0.0474	-0.9741	0.1992	6.5308	-1.8921	-6.6528	-76.6406	-9.1406	75.2673	43.1400	566	433	-122	100833	0.41 
9.156	2015-01-01 00:01:14.880	0.1372	-0.9634	0.2134	6.7139	-2.0752	-8.5449	-76.4209	-9.4373	75.6903	43.1400	569	435	-123	100833	0.41 
9.188	2015-01-01 00:01:14.920	0.1421	-0.9502	0.2236	6.3477	-2.6855	-4.7607	-76.1847	-9.6680	76.0913	42.9900	569	436	-125	100834	0.41 
9.235	2015-01-01 00:01:14.960	0.1411	-0.9443	0.2139	4.3945	1.9531	-2.9297	-76.0034	-9.8163	76.4154	42.8500	566	437	-127	100833	0.41 
9.281	2015-01-01 00:01:15.000	0.1055	-0.9805	0.2173	4.3335	0.9766	-5.0659	-75.8606	-9.8602	76.7505	42.9900	565	438	-126	100833	0.41 
9.313	2015-01-01 00:01:15.040	0.1035	-0.9932	0.2310	3.2959	-1.0986	-4.1504	-75.7288	-9.9536	77.0251	42.9000	564	436	-123	100834	0.41 
9.360	2015-01-01 00:01:15.080	0.1191	-0.9785	0.2266	4.2725	-0.0610	-9.1553	-75.6244	-10.1404	77.3712	43.0400	562	436	-125	100833	0.41 
9.391	2015-01-01 00:01:15.120	0.1509	-0.9697	0.2324	2.4414	0.2441	-6.7139	-75.5090	-10.4150	77.6459	42.9900	562	433	-125	100834	0.41 
9.469	2015-01-01 00:01:15.160	0.1392	-0.9849	0.2104	1.5869	2.5635	-7.0801	-75.4651	-10.6128	77.9095	43.0400	565	434	-130	100834	0.41 
9.501	2015-01-01 00:01:15.200	0.1323	-0.9795	0.2485	-2.1362	2.6855	-2.9297	-75.4816	-10.6842	78.1073	43.0400	565	437	-130	100834	0.41 
9.516	2015-01-01 00:01:15.240	0.1772	-0.9253	0.2422	-3.9063	5.1270	0.0000	-75.6079	-10.6897	78.2721	43.0400	565	439	-130	100834	0.41 
9.563	2015-01-01 00:01:15.280	0.1187	-0.9219	0.2207	-2.2583	0.3662	0.3052	-75.7507	-10.6073	78.5083	42.9900	565	437	-131	100834	0.41 
9.610	2015-01-01 00:01:15.320	0.1440	-0.9551	0.2212	0.7935	0.0000	-3.2349	-75.8002	-10.6348	78.8269	42.9000	563	437	-126	100834	0.41 
9.672	2015-01-01 00:01:15.360	0.1763	-0.9424	0.2261	0.3052	-0.8545	-0.6104	-75.7782	-10.7007	79.1400	42.9900	565	438	-126	100834	0.41 
9.703	2015-01-01 00:01:15.400	0.1333	-0.9702	0.2144	0.0610	-2.1973	2.3193	-75.8167	-10.6128	79.5300	42.8500	564	435	-129	100834	0.41 
9.735	2015-01-01 00:01:15.440	0.1421	-0.9556	0.2373	1.2207	-0.4272	2.4414	-75.8112	-10.4865	79.8706	42.9900	564	435	-130	100833	0.41 
9.782	2015-01-01 00:01:15.480	0.1563	-0.9497	0.2090	-0.4272	-1.2207	2.6855	-75.8606	-10.3217	80.3046	42.9000	563	439	-130	100833	0.41 
9.844	2015-01-01 00:01:15.520	0.1138	-0.9849	0.2495	-0.7935	-2.4414	4.5166	-75.8990	-10.1569	80.6396	42.8500	561	437	-129	100834	0.41 
9.876	2015-01-01 00:01:15.560	0.1221	-0.9727	0.2202	-1.0376	-0.3662	1.7090	-75.9979	-10.0085	81.0132	42.9000	563	437	-132	100834	0.41 
9.907	2015-01-01 00:01:15.600	0.1338	-0.9780	0.2192	-0.7935	-2.0142	-0.0610	-76.0693	-9.9097	81.3483	42.9900	563	438	-130	100834	0.41 
9.970	2015-01-01 00:01:15.640	0.1304	-0.9609	0.2285	-0.5493	-1.7700	2.0752	-76.1353	-9.8273	81.6614	42.9900	562	439	-127	100834	0.41 
10.001	2015-01-01 00:01:15.680	0.1265	-0.9502	0.2275	-0.4883	-1.0986	1.7700	-76.1902	-9.7174	81.9580	43.0400	565	438	-129	100834	0.41 
10.047	2015-01-01 00:01:15.720	0.1313	-0.9595	0.2158	0.1221	-0.3662	0.1831	-76.2341	-9.6405	82.2546	43.2300	565	439	-129	100834	0.41 
10.079	2015-01-01 00:01:15.760	0.1343	-0.9697	0.2227	-0.1831	-0.3662	0.8545	-76.2671	-9.5911	82.5348	43.1400	563	441	-129	100834	0.41 
10.110	2015-01-01 00:01:15.800	0.1050	-0.9761	0.2251	0.6714	-0.3052	-0.4272	-76.2781	-9.5087	82.7655	43.1400	561	440	-127	100834	0.41 
10.157	2015-01-01 00:01:15.840	0.1211	-0.9653	0.2222	1.1597	0.1221	-4.2725	-76.2616	-9.5306	82.9852	42.9000	565	444	-128	100834	0.41 
10.188	2015-01-01 00:01:15.880	0.1099	-0.9736	0.2236	1.8921	-0.4883	-5.0659	-76.2177	-9.6295	83.1665	42.9000	563	440	-129	100834	0.41 
10.250	2015-01-01 00:01:15.920	0.1367	-0.9648	0.2422	2.0142	-0.3662	-4.6387	-76.1407	-9.7833	83.3313	43.0400	562	440	-129	100834	0.41 
10.282	2015-01-01 00:01:15.960	0.1558	-0.9375	0.2280	0.9766	0.2441	-2.9297	-76.0858	-9.9042	83.5236	43.0400	563	438	-130	100833	0.41 
10.313	2015-01-01 00:01:16.000	0.1484	-0.9473	0.2227	1.4038	2.0752	-0.1221	-76.0419	-9.9042	83.6884	42.9900	563	437	-131	100834	0.41 
10.375	2015-01-01 00:01:16.040	0.1597	-0.9497	0.2300	0.4272	1.7090	0.1831	-75.9979	-9.8328	83.8312	42.9900	565	438	-129	100833	0.41 
10.422	2015-01-01 00:01:16.080	0.1211	-0.9658	0.2471	-0.5493	-0.6104	1.7090	-75.9869	-9.7229	83.9740	43.0400	564	437	-131	100833	0.41 
10.485