StartTime: 2017-07-21 14:52:33.228
Time(s)	ChipTime	ax(g)	ay(g)	az(g)	wx(deg/s)	wy(deg/s)	wz(deg/s)	AngleX(deg)	AngleY(deg)	AngleZ(deg)	T(°)	hx	hy	hz	Pressure(Pa)	Altitude(m) 
57.863	2015-01-01 00:06:33.560	-0.1904	0.0562	0.9956	-0.1221	1.4648	-8.1787	2.0819	15.0183	57.2937	48.4500	581	289	-185	100803	0.44 
57.941	2015-01-01 00:06:33.600	-0.1792	0.0552	0.9902	-0.6104	2.8076	-10.1929	1.9995	15.0073	56.9971	48.1200	584	287	-181	100803	0.44 
57.957	2015-01-01 00:06:33.640	-0.1938	0.0571	1.0015	0.2441	3.9063	-7.9346	1.9391	15.0568	56.7389	48.5000	586	284	-180	100803	0.44 
58.004	2015-01-01 00:06:33.680	-0.1909	0.0737	1.0083	0.7324	1.9531	-7.7515	1.9281	15.0677	56.5466	48.5000	585	287	-180	100803	0.44 
58.035	2015-01-01 00:06:33.720	-0.1870	0.0635	0.9937	-0.1221	1.1597	-8.5449	1.9006	15.0183	56.3214	48.6000	582	288	-180	100803	0.44 
58.082	2015-01-01 00:06:33.760	-0.1875	0.0513	0.9995	-0.4272	0.9155	-8.0566	1.8292	14.9689	56.1072	48.4500	580	288	-179	100803	0.44 
58.145	2015-01-01 00:06:33.800	-0.1812	0.0659	0.9985	0.0000	1.1597	-7.2632	1.7908	14.9139	55.9204	48.4500	580	288	-178	100803	0.44 
58.176	2015-01-01 00:06:33.840	-0.1802	0.0566	0.9946	-1.2207	2.9907	-6.8970	1.7413	14.8755	55.7611	48.4500	578	288	-178	100803	0.44 
58.207	2015-01-01 00:06:33.880	-0.1792	0.0391	0.9956	-0.4272	4.2725	-9.0332	1.6534	14.9359	55.5634	48.5000	581	291	-180	100803	0.44 
58.238	2015-01-01 00:06:33.920	-0.2144	0.0820	0.9810	0.5493	11.2305	-6.6528	1.6040	15.1996	55.3546	48.2600	578	292	-181	100802	0.44 
58.285	2015-01-01 00:06:33.960	-0.2510	0.1343	0.9688	2.5024	14.1602	-1.7700	1.7798	15.6885	55.3107	48.5000	580	294	-180	100802	0.44 
58.348	2015-01-01 00:06:34.000	-0.2314	0.1641	0.9160	-0.0610	20.2637	8.7280	2.0490	16.3586	55.5798	48.4100	584	295	-180	100802	0.44 
58.379	2015-01-01 00:06:34.040	-0.2666	0.2583	0.9058	-0.9766	22.5830	21.6064	2.4939	17.1387	56.3489	48.4100	586	294	-177	100802	0.44 
58.410	2015-01-01 00:06:34.080	-0.2188	0.3389	0.9561	-6.0425	14.2212	26.7334	3.1201	17.7869	57.5519	48.4100	586	292	-175	100802	0.44 
58.442	2015-01-01 00:06:34.120	-0.1748	-0.0093	1.0132	-15.8081	14.5874	3.5400	3.0048	18.1219	58.3264	48.2600	584	290	-173	100802	0.44 
58.488	2015-01-01 00:06:34.160	-0.2729	-0.0615	1.1680	-20.8130	1.6479	-29.2358	1.8457	18.3197	57.7386	48.4100	584	289	-172	100802	0.44 
58.551	2015-01-01 00:06:34.200	-0.2349	0.3301	0.9326	-15.8691	-10.2539	-9.2163	1.0107	17.9187	56.9531	48.4500	589	288	-172	100803	0.44 
58.582	2015-01-01 00:06:34.240	-0.1846	0.3970	0.8320	-12.5732	5.6763	10.9863	1.0986	17.7045	57.1838	48.4500	591	288	-172	100803	0.44 
58.629	2015-01-01 00:06:34.280	-0.2617	0.1328	0.9014	-17.5781	19.2261	3.4790	0.9998	18.2043	57.6508	48.6000	588	289	-172	100803	0.43 
58.660	2015-01-01 00:06:34.320	-0.2803	-0.0576	0.9297	-24.5361	15.0757	-19.7144	0.0220	18.8690	57.3431	48.3100	589	289	-174	100803	0.44 
58.723	2015-01-01 00:06:34.360	-0.3057	-0.0049	0.8857	-29.2969	9.5825	-34.6069	-1.5381	19.2645	56.2225	48.3100	589	287	-173	100803	0.44 
58.755	2015-01-01 00:06:34.400	-0.2788	0.1494	0.8765	-32.6538	10.2539	-43.7012	-3.1531	19.6161	54.6185	48.5000	589	287	-172	100803	0.44 
58.786	2015-01-01 00:06:34.440	-0.2920	0.0947	0.9468	-41.8091	2.0752	-43.4570	-4.9933	19.6545	52.8772	48.5000	592	298	-172	100803	0.44 
58.848	2015-01-01 00:06:34.480	-0.3213	0.0024	0.9277	-46.4478	-5.7983	-48.8892	-7.2125	19.3744	51.1743	48.1700	594	307	-171	100802	0.44 
58.880	2015-01-01 00:06:34.520	-0.3047	-0.0371	0.8730	-47.4243	-9.5825	-57.6782	-9.6680	18.7537	49.1418	48.5000	592	314	-169	100802	0.44 
58.926	2015-01-01 00:06:34.560	-0.2173	0.0205	0.6777	-42.2363	-10.3149	-59.5093	-11.9971	17.8748	46.9775	48.3100	593	321	-173	100802	0.44 
58.957	2015-01-01 00:06:34.600	-0.2148	0.0000	0.6626	-34.2407	-3.7842	-64.9414	-13.8318	17.1661	44.8242	48.3100	591	328	-174	100802	0.44 
58.989	2015-01-01 00:06:34.640	-0.1748	-0.0571	0.5469	-30.5786	-5.4932	-73.6694	-15.7214	16.3257	42.3029	48.5000	593	333	-174	100802	0.44 
59.052	2015-01-01 00:06:34.680	-0.1650	0.0591	0.4810	-29.3579	-7.5073	-59.9365	-17.1661	15.4358	40.0507	48.1700	594	337	-175	100802	0.44 
59.083	2015-01-01 00:06:34.720	-0.0913	0.0220	0.5068	-28.7476	-14.0991	-57.3120	-18.3032	14.3976	38.3698	48.3100	591	351	-177	100802	0.44 
59.129	2015-01-01 00:06:34.760	-0.0444	-0.1367	0.5010	-32.7148	-13.0005	-72.2046	-19.7479	12.9254	36.6779	48.4100	587	358	-179	100802	0.44 
59.161	2015-01-01 00:06:34.800	-0.0518	-0.5542	0.8301	-37.1704	-48.5840	-127.3193	-21.8738	10.2448	33.7775	48.5000	585	362	-180	100802	0.44 
59.207	2015-01-01 00:06:34.840	0.1616	-0.6323	0.5103	-57.9834	-61.6455	-98.3276	-24.7742	5.6030	31.7560	48.4100	576	378	-182	100802	0.44 
59.238	2015-01-01 00:06:34.880	-0.4800	-1.0166	1.5254	-75.8667	-88.1958	-232.4829	-27.3395	0.7526	27.5977	48.1700	564	393	-189	100802	0.44 
59.285	2015-01-01 00:06:34.920	0.2373	-3.9053	6.3745	-181.8237	-75.0122	-231.1401	-34.2664	-9.0198	22.4451	48.1700	555	403	-191	100802	0.44 
59.364	2015-01-01 00:06:34.960	-0.1309	3.7227	0.8315	-161.4380	-265.7471	-71.4722	-38.0292	-17.8033	22.8516	48.4500	535	422	-189	100802	0.44 
59.379	2015-01-01 00:06:35.000	0.8818	-2.1704	-0.9341	-56.5796	-75.5615	153.9917	-46.0767	-22.1375	31.9812	48.0700	500	452	-188	100802	0.44 
59.410	2015-01-01 00:06:35.040	0.0239	-0.3940	1.5952	-53.2837	-148.5596	-1.7090	-49.0540	-23.3185	35.8429	48.1700	486	465	-185	100802	0.44 
59.442	2015-01-01 00:06:35.080	0.8960	-1.1792	-0.4946	-48.2788	-187.0117	48.5229	-54.5856	-27.0593	44.7363	48.4100	478	467	-184	100803	0.44 
59.488	2015-01-01 00:06:35.120	1.1089	-0.1128	-0.3413	-77.3315	-74.4019	25.4517	-60.2380	-30.0092	51.3721	48.3100	467	472	-186	100803	0.44 
59.567	2015-01-01 00:06:35.160	0.8120	-0.1748	0.2095	-98.8159	9.1553	25.0244	-64.6106	-30.4376	53.0310	48.3100	462	476	-186	100803	0.43 
59.567	2015-01-01 00:06:35.200	0.4795	-1.0317	0.1499	-94.9707	15.4419	81.7261	-68.6975	-28.3337	54.3988	48.2600	459	477	-186	100803	0.43 
59.613	2015-01-01 00:06:35.240	0.2715	-1.0649	0.2456	-65.7349	-21.7285	97.7783	-72.6855	-24.6039	56.7224	48.2600	470	477	-170	100804	0.43 
59.660	2015-01-01 00:06:35.280	0.4097	-1.2051	-0.1909	-35.8276	3.7231	97.2900	-75.8661	-21.1212	59.7162	48.3100	482	478	-161	100804	0.43 
59.692	2015-01-01 00:06:35.320	0.2446	-0.9414	0.0806	-24.5972	17.5781	116.9434	-77.5250	-16.7542	61.2982	48.2600	488	478	-159	100805	0.43 
59.770	2015-01-01 00:06:35.360	0.3027	-0.8232	0.0737	-23.9868	11.4746	89.1113	-78.5193	-12.6837	62.4243	48.1700	503	473	-152	100805	0.43 
59.801	2015-01-01 00:06:35.400	0.0913	-1.0586	0.1499	-13.6108	22.2168	109.0698	-79.3433	-8.8550	63.0780	48.2600	523	462	-145	100805	0.43 
59.832	2015-01-01 00:06:35.440	-0.1709	-1.2725	0.0742	-14.8315	24.0479	111.9385	-80.1672	-4.0485	64.1931	48.1200	536	457	-141	100805	0.43 
59.879	2015-01-01 00:06:35.480	-0.1143	-0.8643	0.1567	-10.8643	-45.2271	43.2129	-80.5133	-1.0712	65.7147	48.3100	546	451	-138	100805	0.43 
59.910	2015-01-01 00:06:35.520	0.0303	-0.8994	0.0103	-7.9956	-12.0850	53.7720	-81.0352	0.4395	67.7911	48.2600	555	438	-136	100805	0.43 
59.974	2015-01-01 00:06:35.560	-0.2480	-1.1997	0.2349	-0.7324	7.0190	93.3838	-81.3428	3.6694	69.0271	48.1200	562	430	-137	100806	0.43 
60.004	2015-01-01 00:06:35.600	-0.3340	-0.9727	0.1504	-16.7236	-9.6436	50.2930	-81.7328	6.9214	70.2686	48.1700	570	422	-136	100805	0.43 
60.035	2015-01-01 00:06:35.640	-0.1841	-1.2148	-0.0200	1.5259	-2.9297	26.3672	-82.1942	7.8662	71.5375	48.1200	574	413	-136	100805	0.43 
60.082	2015-01-01 00:06:35.680	-0.1519	-1.2256	0.0903	8.1177	-23.9258	-13.4277	-81.8921	8.2288	72.9108	48.1200	578	409	-137	100806	0.43 
60.145	2015-01-01 00:06:35.720	-0.1860	-1.2603	0.0942	-1.4648	-30.1514	-50.1099	-81.7877	7.0972	74.2511	48.2600	580	407	-138	100806	0.43 
60.176	2015-01-01 00:06:35.760	-0.3853	-1.2627	-0.2529	12.6953	18.2495	-40.1611	-81.9800	4.8230	75.0092	48.2600	579	407	-140	100806	0.43 
60.207	2015-01-01 00:06:35.800	-0.3413	-0.0669	0.3950	26.1841	-10.0708	-36.3159	-80.6891	3.7244	74.5752	48.1700	574	409	-143	100806	0.43 
60.254	2015-01-01 00:06:35.840	0.2642	-1.0747	-0.0864	0.6714	-11.4746	-40.6494	-79.6783	2.0819	75.1355	48.1700	571	410	-145	100806	0.43 
60.285	2015-01-01 00:06:35.880	-0.1982	-1.1050	0.3315	11.0474	-5.9204	-13.2446	-79.5740	1.0547	74.9707	48.1700	570	414	-146	100806	0.43 
60.348	2015-01-01 00:06:35.920	-0.0156	-0.8804	0.1675	11.2915	-16.0522	-38.9404	-79.1235	0.0110	76.0748	48.2600	566	419	-145	100806	0.43 
60.379	2015-01-01 00:06:35.960	-0.0859	-0.9414	0.2061	-5.1270	-17.5781	-66.4063	-79.0576	-2.0874	76.6461	48.2600	565	420	-148	100807	0.43 
60.426	2015-01-01 00:06:36.000	0.1343	-1.1499	0.0542	-3.1128	-16.7847	-40.5884	-79.3762	-4.5428	77.3932	48.1700	565	420	-149	100807	0.43 
60.473	2015-01-01 00:06:36.040	0.1553	-0.8999	0.2109	9.2773	-0.8545	-21.3013	-79.2224	-5.8118	77.8656	48.1200	555	431	-151	100807	0.43 
60.505	2015-01-01 00:06:36.080	0.2036	-0.8350	0.1074	5.1270	-5.9204	-3.5400	-78.9423	-6.4819	78.4259	48.0700	549	434	-154	100807	0.43 
60.598	2015-01-01 00:06:36.120	0.1123	-0.9287	0.1001	6.4087	1.8311	-7.7515	-78.8214	-6.6907	78.9587	48.2600	543	436	-156	100807	0.43 
60.614	2015-01-01 00:06:36.160	0.0396	-1.0068	0.1973	4.7607	5.9204	-17.5781	-78.5797	-7.1576	79.0411	48.1200	543	437	-155	100807	0.43 
60.629	2015-01-01 00:06:36.200	0.1104	-1.0405	0.1992	1.0986	0.0000	-10.4980	-78.4644	-7.6904	79.2554	48.2600	544	440	-156	100807	0.43 
60.676	2015-01-01 00:06:36.240	0.1455	-0.9751	0.1772	-0.5493	0.8545	3.4790	-78.4424	-7.7289	79.6783	48.1700	545	442	-158	100807	0.43 
60.707	2015-01-01 00:06:36.280	0.1143	-0.9160	0.1348	-1.5869	-0.4272	-2.9297	-78.5522	-7.6025	80.0739	48.2600	545	441	-156	100807	0.43 
60.754	2015-01-01 00:06:36.320	0.0938	-0.9795	0.1572	0.2441	7.8735	-11.9629	-78.6456	-7.9266	80.2496	47.9800	543	438	-154	100807	0.43 
60.817	2015-01-01 00:06:36.360	0.1104	-0.9766	0.2065	-0.1831	0.8545	-7.3853	-78.6017	-8.2233	80.3595	48.4100	541	433	-147	100807	0.43 
60.849	2015-01-01 00:06:36.400	0.0938	-1.0010	0.1899	-1.2207	-1.2207	-7.3853	-78.6346	-8.4375	80.7275	48.1700	540	434	-149	100807	0.43 
60.880	2015-01-01 00:06:36.440	0.1465	-0.9668	0.1733	-2.9297	-5.1880	-7.6294	-78.7775	-8.7231	81.1615	48.2600	541	436	-153	100807	0.43 
60.957	2015-01-01 00:06:36.480	0.1821	-0.9858	0.1616	-0.3662	5.9814	6.4697	-78.8928	-8.7891	81.5515	48.1200	534	441	-154	100807	0.43 
61.005	2015-01-01 00:06:36.520	0.1216	-0.9033	0.1914	-3.0518	2.6855	9.1553	-78.9258	-8.3496	81.7767	48.3100	532	443	-154	100807	0.43 
61.005	2015-01-01 00:06:36.560	0.0942	-0.9722	0.1777	-3.7231	0.1221	6.0425	-79.0906	-8.0255	82.1558	48.2600	538	442	-156	100807	0.43 
61.067	2015-01-01 00:06:36.600	0.1318	-1.0200	0.1382	-4.5166	0.9155	12.5122	-79.3158	-7.5970	82.6062	48.3100	541	440	-160	100807	0.43 
61.099	2015-01-01 00:06:36.640	0.0571	-1.0068	0.1851	-1.0376	10.6812	18.9209	-79.4916	-6.8500	82.8259	48.1700	542	439	-159	100808	0.43 
61.130	2015-01-01 00:06:36.680	0.0122	-0.9956	0.1631	-2.6855	-3.0518	2.9297	-79.5410	-6.2732	83.1720	48.1700	541	436	-156	100808	0.43 
61.223	2015-01-01 00:06:36.720	0.0645	-0.9849	0.1475	-3.7231	1.0986	-3.5400	-79.7607	-6.2512	83.5730	48.1200	545	440	-158	100808	0.43 
61.223	2015-01-01 00:06:36.760	0.0850	-1.0137	0.1343	-3.1128	1.5259	-0.7935	-79.9146	-6.2842	83.8696	48.3100	545	442	-159	100808	0.43 
61.254	2015-01-01 00:06:36.800	0.0273	-1.0303	0.1885	0.8545	10.3760	1.7090	-79.9860	-6.1523	83.9026	48.2600	545	440	-159	100808	0.43 
61.301	2015-01-01 00:06:36.840	0.0122	-0.9863	0.1646	-2.0752	-0.7935	-8.1787	-79.9969	-6.0864	84.1003	48.0700	546	438	-159	100808	0.43 
61.333	2015-01-01 00:06:36.880	0.0708	-0.9785	0.1514	-1.4038	-2.0752	-17.0898	-80.1178	-6.5973	84.4244	48.1700	552	440	-157	100808	0.43 
61.411	2015-01-01 00:06:36.920	0.0752	-0.9971	0.1855	-0.7324	-6.2256	-13.2446	-80.1617	-7.1796	84.7815	48.1200	549	438	-155	100808	0.43 
61.442	2015-01-01 00:06:36.960	0.1143	-1.0103	0.1567	-1.8921	-7.9346	-4.7607	-80.2661	-7.4817	85.3748	48.1200	545	435	-157	100809	0.43 
61.473	2015-01-01 00:06:37.000	0.1157	-0.9565	0.1230	-0.5493	-2.9907	-1.8921	-80.3979	-7.5970	85.9021	48.1200	541	437	-157	100808	0.43 
61.520	2015-01-01 00:06:37.040	0.1006	-0.9634	0.1401	0.3662	4.0894	-2.4414	-80.4309	-7.6630	86.1493	48.2600	539	437	-157	100808	0.43 
61.551	2015-01-01 00:06:37.080	0.0903	-0.9771	0.1611	-0.7935	5.0659	-3.5400	-80.4364	-7.6959	86.2372	48.3100	542	438	-159	100808	0.43 
61.614	2015-01-01 00:06:37.120	0.0820	-0.9941	0.1416	-1.5259	5.4321	-3.5400	-80.4749	-7.7509	86.3086	48.1200	541	438	-160	100808	0.43 
61.646	2015-01-01 00:06:37.160	0.0718	-1.0015	0.1563	-0.4883	5.0049	-3.9673	-80.5078	-7.7673	86.3910	48.3100	539	438	-157	100808	0.43 
61.677	2015-01-01 00:06:37.200	0.0977	-0.9824	0.1479	-0.0610	3.4790	-4.6387	-80.5243	-7.8552	86.5009	47.9800	541	438	-155	100809	0.43 
61.723	2015-01-01 00:06:37.240	0.0732	-1.0088	0.1699	-0.2441	4.6387	0.3662	-80.5243	-7.8552	86.5833	47.9800	543	438	-158	100808	0.43 
61.786	2015-01-01 00:06:37.280	0.0781	-0.9912	0.1816	-1.8921	-5.9814	-1.0986	-80.5408	-7.7673	86.8909	47.9800	543	439	-160	100808	0.43 
61.817	2015-01-01 00:06:37.320	0.0757	-0.9736	0.1309	-3.4180	-4.4556	-4.4556	-80.7056	-7.8168	87.3743	48.0700	542	438	-158	100808	0.43 
61.849	2015-01-01 00:06:37.360	0.1094	-0.9658	0.1431	-1.8921	-1.5869	-6.5308	-80.8539	-8.0420	87.7203	48.1700	541	436	-157	100809	0.43 
61.880	2015-01-01 00:06:37.400	0.1211	-0.9814	0.1514	-2.3193	1.1597	-0.7324	-80.9308	-8.1519	87.9565	48.0700	542	433	-155	100808	0.43 
61.942	2015-01-01 00:06:37.440	0.1123	-0.9771	0.1147	-1.0376	5.3101	1.0986	-81.0297	-8.0750	88.1104	48.0700	542	433	-157	100809	0.43 
61.989	2015-01-01 00:06:37.480	0.0811	-0.9932	0.1108	2.6245	13.1836	2.3804	-81.0132	-7.8827	88.0389	48.0700	542	435	-157	100809	0.43 
62.021	2015-01-01 00:06:37.520	0.0488	-0.9951	0.2046	2.9907	8.9111	-0.6104	-80.8209	-7.6849	87.7863	48.1200	541	436	-154	100809	0.43 
62.083	2015-01-01 00:06:37.560	0.0396	-1.0190	0.1997	0.6104	-2.3193	-0.4883	-80.7111	-7.5476	87.9236	48.0700	542	437	-155	100809	0.43 
62.114	2015-01-01 00:06:37.600	0.0635	-0.9976	0.1597	-1.4038	-10.0708	-4.3945	-80.7440	-7.5751	88.4290	48.1700	542	436	-157	100809	0.43 
62.146	2015-01-01 00:06:37.640	0.1030	-0.9839	0.1152	-1.2817	-4.3945	-7.0801	-80.8978	-7.8003	88.9893	48.0700	542	436	-157	100809	0.43 
62.239	2015-01-01 00:06:37.680	0.1021	-0.9756	0.1426	1.0986	2.4414	-4.2114	-80.9253	-7.9926	89.2035	48.0700	543	438	-157	100809	0.43 
62.239	2015-01-01 00:06:37.720	0.0864	-0.9790	0.1582	-1.4038	0.1831	-3.0518	-80.9253	-8.0420	89.3463	48.0700	541	436	-160	100809	0.43 
62.271	2015-01-01 00:06:37.760	0.1030	-0.9849	0.1323	-0.9155	2.3193	-1.7700	-80.9967	-8.0859	89.5386	48.0700	541	434	-163	100809	0.43 
62.333	2015-01-01 00:06:37.800	0.0898	-0.9810	0.1406	-1.2207	4.2725	3.1128	-81.0406	-7.9596	89.6594	47.9300	540	434	-161	100809	0.43 
62.364	2015-01-01 00:06:37.840	0.1162	-0.9463	0.1475	-4.4556	2.3193	3.8452	-81.1395	-7.7344	89.7418	47.9800	540	436	-158	100809	0.43 
62.427	2015-01-01 00:06:37.880	0.0903	-0.9907	0.0942	-1.9531	9.9487	2.5635	-81.3263	-7.5531	89.7638	48.0700	540	436	-156	100809	0.43 
62.458	2015-01-01 00:06:37.920	0.0405	-1.0117	0.1484	2.6245	10.4370	2.6245	-81.2659	-7.2839	89.5770	48.1700	539	436	-155	100809	0.43 
62.489	2015-01-01 00:06:37.960	0.0493	-0.9922	0.1763	1.7090	5.5542	2.3193	-81.1340	-7.0422	89.5056	47.9300	542	437	-157	100809	0.43 
62.521	2015-01-01 00:06:38.000	0.0527	-1.0215	0.2310	0.2441	-6.3477	9.8267	-81.0571	-6.7566	89.7363	47.9300	545	436	-157	100809	0.43 
62.598	2015-01-01 00:06:38.040	-0.0308	-0.9888	0.2075	-8.3618	-18.4937	15.8081	-81.2219	-6.0699	90.4834	48.0700	547	433	-158	100809	0.43 
62.645	2015-01-01 00:06:38.080	0.0605	-0.9683	0.0430	-5.2490	-13.6108	-6.4697	-81.6943	-5.9381	91.5106	48.1200	547	431	-160	100809	0.43 
62.645	2015-01-01 00:06:38.120	0.0728	-0.9961	0.1250	0.8545	4.2114	-8.7891	-81.8372	-6.2842	91.8182	47.9800	546	433	-163	100809	0.43 
62.692	2015-01-01 00:06:38.160	0.0640	-0.9717	0.1504	-1.6479	2.7466	-1.8311	-81.8152	-6.3885	91.8182	48.0700	545	433	-161	100809	0.43 
62.739	2015-01-01 00:06:38.200	0.0869	-0.9839	0.1060	-2.8076	5.4321	-2.3193	-81.9086	-6.3995	91.8732	48.0700	545	429	-160	100809	0.43 
62.771	2015-01-01 00:06:38.240	-0.0112	-1.0161	0.1948	-0.1221	3.7231	1.2207	-81.9415	-6.3171	91.7578	48.1700	542	427	-160	100809	0.43 
62.849	2015-01-01 00:06:38.280	-0.0049	-1.0518	0.1763	-5.0049	-10.5591	11.8408	-81.9745	-5.8502	92.2192	47.9300	540	427	-162	100809	0.43 
62.880	2015-01-01 00:06:38.320	0.0303	-0.9458	0.0879	-3.6011	-18.0054	-7.3242	-82.2217	-5.6964	93.0377	48.0700	546	428	-159	100809	0.43 
62.895	2015-01-01 00:06:38.360	0.0830	-0.9766	0.0737	-0.1831	0.9155	-10.7422	-82.4194	-6.1469	93.5101	47.9800	550	426	-156	100809	0.43 
62.942	2015-01-01 00:06:38.400	0.1123	-0.9683	0.1094	1.4038	9.8877	-10.9253	-82.4084	-6.5479	93.3783	48.0700	549	428	-157	100809	0.43 
62.989	2015-01-01 00:06:38.440	0.1045	-0.9600	0.0762	0.9766	23.9868	-5.3711	-82.3370	-6.7566	92.8400	47.9800	544	431	-158	100809	0.43 
63.020	2015-01-01 00:06:38.480	0.0225	-1.0283	0.1343	2.5635	21.9727	-6.0425	-82.1832	-6.7621	92.0435	48.1200	540	433	-158	100809	0.43 
63.083	2015-01-01 00:06:38.520	0.0264	-1.0093	0.2085	4.0283	10.0708	-1.0376	-81.9141	-6.6632	91.5546	47.8800	543	432	-159	100809	0.43 
63.114	2015-01-01 00:06:38.560	0.0337	-0.9814	0.1548	0.4272	-0.6104	-7.4463	-81.7603	-6.6907	91.5436	48.1700	546	433	-160	100809	0.43 
63.145	2015-01-01 00:06:38.600	0.0728	-0.9863	0.1514	1.4038	4.2114	-3.4790	-81.7383	-6.8719	91.6315	48.1700	547	433	-160	100809	0.43 
63.192	2015-01-01 00:06:38.640	0.0542	-0.9824	0.1450	-1.0376	-0.9155	-2.9907	-81.6888	-6.8500	91.7358	48.1200	545	434	-159	100809	0.43 
63.254	2015-01-01 00:06:38.680	0.0698	-0.9888	0.1250	-0.6104	1.2817	-7.5073	-81.7438	-6.9983	91.8896	47.9800	550	432	-161	100809	0.43 
63.286	2015-01-01 00:06:38.720	0.0718	-0.9927	0.1548	0.1221	6.3477	-4.7607	-81.7438	-7.1796	91.8732	47.7800	553	430	-161	100810	0.43 
63.333	2015-01-01 00:06:38.760	0.0439	-0.9946	0.1465	-1.2207	2.2583	-5.3711	-81.7328	-7.1960	91.8732	47.8800	549	430	-162	100810	0.43 
63.380	2015-01-01 00:06:38.800	0.0723	-0.9814	0.1348	-0.2441	3.7231	-6.7749	-81.7548	-7.3718	91.9226	48.1200	545	431	-163	100809	0.43 
63.426	2015-01-01 00:06:38.840	0.0630	-0.9731	0.1440	-1.5259	7.0190	-10.7422	-81.7657	-7.5970	91.8292	47.9800	544	431	-164	100809	0.43 
63.458	2015-01-01 00:06:38.880	0.0889	-0.9639	0.1470	-1.2817	3.9673	-13.0615	-81.7822	-7.9871	91.7249	47.8800	544	432	-162	100809	0.43 
63.505	2015-01-01 00:06:38.920	0.1113	-0.9932	0.1245	-0.3662	8.8501	-7.3242	-81.7987	-8.3112	91.6479	47.8800	538	436	-163	100809	0.43 
63.536	2015-01-01 00:06:38.960	0.0874	-1.0044	0.1465	0.3052	11.7188	-0.1221	-81.7438	-8.3221	91.3953	47.9800	537	437	-164	100809	0.43 
63.583	2015-01-01 00:06:39.000	0.0356	-0.9814	0.1592	0.7324	4.4556	0.3662	-81.6669	-8.0969	91.2469	47.9800	539	436	-161	100809	0.43 
63.630	2015-01-01 00:06:39.040	0.0566	-0.9795	0.1343	0.4272	1.1597	-9.3384	-81.6339	-8.1628	91.3293	47.9300	540	437	-158	100809	0.43 
63.693	2015-01-01 00:06:39.080	0.0947	-1.0278	0.1250	3.1128	6.5918	-13.0615	-81.5790	-8.5583	91.3293	47.9800	543	437	-157	100809	0.43 
63.723	2015-01-01 00:06:39.120	0.0874	-0.9771	0.1665	2.6245	5.2490	-4.7607	-81.3977	-8.7231	91.2030	47.8800	541	438	-157	100809	0.43 
63.755	2015-01-01 00:06:39.160	0.1069	-0.9678	0.1440	1.3428	3.8452	-9.2163	-81.3043	-8.9319	91.1865	47.9300	545	437	-155	100809	0.43 
63.802	2015-01-01 00:06:39.200	0.1270	-0.9971	0.1626	0.8545	6.4087	-4.7607	-81.2219	-9.1406	91.0986	47.9300	547	437	-153	100809	0.43 
63.865	2015-01-01 00:06:39.240	0.0815	-0.9839	0.1582	0.0000	5.0659	0.3662	-81.1615	-9.0308	91.0272	47.9800	545	438	-157	100809	0.43 
63.896	2015-01-01 00:06:39.280	0.0898	-0.9800	0.1592	0.1831	3.2349	-2.0752	-81.1340	-8.9484	91.0492	48.1700	539	440	-156	100810	0.43 
63.927	2015-01-01 00:06:39.320	0.0771	-0.9834	0.1592	0.1221	1.6479	-6.0425	-81.1066	-9.0088	91.0822	48.1200	535	440	-155	100810	0.43 
63.958	2015-01-01 00:06:39.360	0.1089	-0.9766	0.1465	-0.1221	1.0376	-5.9814	-81.1011	-9.1571	91.1810	47.8800	537	440	-155	100809	0.43 
64.036	2015-01-01 00:06:39.400	0.1055	-0.9722	0.1602	-0.7324	3.7842	-4.7607	-81.0956	-9.2725	91.1920	47.7400	542	441	-153	100810	0.43 
64.083	2015-01-01 00:06:39.440	0.0947	-0.9854	0.1528	-0.6104	1.0986	-6.1646	-81.1176	-9.3933	91.2305	48.0700	544	441	-153	100810	0.43 
64.115	2015-01-01 00:06:39.480	0.1196	-0.9580	0.1587	-2.0142	2.3804	-3.5400	-81.1395	-9.4867	91.3074	48.0700	543	438	-157	100810	0.43 
64.146	2015-01-01 00:06:39.520	0.1128	-0.9922	0.1460	-1.0376	4.8828	-1.0376	-81.1890	-9.4977	91.3184	47.9800	542	439	-157	100809	0.43 
64.177	2015-01-01 00:06:39.560	0.1040	-0.9722	0.1670	-1.0986	3.7231	1.9531	-81.1890	-9.3604	91.3074	47.9800	541	438	-158	100809	0.43 
64.208	2015-01-01 00:06:39.600	0.0938	-0.9663	0.1465	-1.9531	3.4790	-1.4038	-81.2439	-9.2175	91.3403	47.9300	542	438	-160	100810	0.43 
64.286	2015-01-01 00:06:39.640	0.0908	-1.0098	0.1567	-1.2817	3.2349	-1.6479	-81.2933	-9.1956	91.3788	47.9800	545	438	-164	100810	0.43 
64.301	2015-01-01 00:06:39.680	0.0898	-0.9922	0.1519	-1.5259	2.8076	0.3662	-81.3263	-9.0912	91.4392	47.8800	544	440	-163	100810	0.43 
64.348	2015-01-01 00:06:39.720	0.0654	-0.9976	0.1592	-1.5259	3.4180	-3.7842	-81.3702	-9.0308	91.4722	48.1200	542	440	-159	100810	0.43 
64.396	2015-01-01 00:06:39.760	0.1104	-0.9712	0.1455	-2.5635	2.2583	-2.2583	-81.4471	-9.0527	91.5546	48.0700	540	438	-156	100810	0.43 
64.458	2015-01-01 00:06:39.800	0.1055	-0.9805	0.1499	-2.0142	4.1504	-2.5635	-81.5295	-9.0527	91.5601	47.8800	540	436	-157	100810	0.43 
64.490	2015-01-01 00:06:39.840	0.0947	-0.9849	0.1436	-1.0376	2.1973	1.7090	-81.5735	-8.9648	91.6095	48.0700	541	437	-156	100810	0.43 
64.521	2015-01-01 00:06:39.880	0.0796	-1.0010	0.1343	-0.1831	3.7231	0.0610	-81.6010	-8.8110	91.6974	47.8800	542	437	-154	100810	0.43 
64.567	2015-01-01 00:06:39.920	0.0625	-0.9990	0.1499	0.7935	4.8828	-3.9063	-81.5735	-8.7451	91.6754	48.0700	541	437	-155	100809	0.43 
64.598	2015-01-01 00:06:39.960	0.0674	-1.0117	0.1509	0.8545	2.0752	-7.3853	-81.5295	-8.8440	91.6754	47.9800	541	435	-156	100810	0.43 
64.677	2015-01-01 00:06:40.000	0.0996	-0.9990	0.1509	1.7090	0.4272	-6.2256	-81.4746	-9.0198	91.7853	47.9800	544	436	-156	100810	0.43 
64.693	2015-01-01 00:06:40.040	0.0991	-0.9756	0.1421	2.1362	3.3569	-5.8594	-81.3977	-9.1571	91.8347	47.9800	542	436	-156	100810	0.43 
64.723	2015-01-01 00:06:40.080	0.0957	-0.9927	0.1587	2.2583	2.1973	-6.4087	-81.2714	-9.2889	91.8512	47.9800	538	434	-154	100809	0.43 
64.771	2015-01-01 00:06:40.120	0.0879	-0.9844	0.1646	1.7700	3.5400	-6.5308	-81.1670	-9.4098	91.8237	47.9300	538	433	-154	100809	0.43 
64.817	2015-01-01 00:06:40.160	0.1064	-0.9878	0.1499	2.0752	0.4883	-6.5308	-81.0791	-9.5911	91.8842	48.1200	539	435	-155	100810	0.43 
64.896	2015-01-01 00:06:40.200	0.0747	-1.0083	0.1611	2.3804	1.8311	-9.9487	-80.9747	-9.8108	91.9226	47.9800	542	433	-156	100810	0.43 
64.911	2015-01-01 00:06:40.240	0.1157	-0.9878	0.1475	3.2959	2.5635	-12.2681	-80.8429	-10.1019	91.9446	48.1200	541	433	-158	100810	0.43 
64.958	2015-01-01 00:06:40.280	0.1348	-0.9756	0.1470	3.7842	4.2725	-11.2915	-80.6836	-10.4974	91.8732	48.0700	540	437	-158	100810	0.43 
64.989	2015-01-01 00:06:40.320	0.1543	-0.9429	0.1929	1.2817	5.7373	-8.3008	-80.4968	-10.7721	91.7139	47.9800	542	437	-160	100810	0.43 
65.020	2015-01-01 00:06:40.360	0.1230	-0.9751	0.1787	-0.9155	2.0752	-5.6763	-80.4199	-10.9698	91.6479	47.6400	541	439	-160	100810	0.43 
65.067	2015-01-01 00:06:40.400	0.1460	-0.9395	0.1660	-1.8921	2.8076	-4.2114	-80.4584	-11.0632	91.6589	47.8800	539	442	-158	100809	0.43 
65.114	2015-01-01 00:06:40.440	0.1475	-0.9678	0.1558	-1.8921	3.4790	-3.8452	-80.5133	-11.1456	91.6479	47.9800	538	445	-158	100810	0.43 
65.161	2015-01-01 00:06:40.480	0.1455	-0.9844	0.1577	-0.9766	4.4556	2.0752	-80.5408	-11.0797	91.6260	47.7800	537	440	-155	100810	0.43 
65.208