StartTime: 2017-07-14 14:15:41.614
Time(s)	ax(g)	ay(g)	az(g)	wx(deg/s)	wy(deg/s)	wz(deg/s)	AngleX(deg)	AngleY(deg)	AngleZ(deg)	T(°)	hx	hy	hz	Pressure(Pa)	Altitude(m) 
636.638	-0.1680	-0.1001	1.0146	0.0000	-0.9766	0.6714	-5.5426	9.2230	-12.5574	44.0000	-24	151	-62	100555	0.64 
636.778	-0.1621	-0.0991	1.0117	0.0000	-0.5493	2.1973	-5.5151	9.1901	-12.4915	43.9900	-23	150	-60	100555	0.64 
636.841	-0.1572	-0.1167	1.0127	0.9155	1.1597	0.0000	-5.5096	9.2175	-12.4750	44.0000	-22	147	-63	100555	0.64 
636.966	-0.1563	-0.1094	1.0107	0.4272	5.3101	1.7700	-5.4877	9.5142	-12.4915	44.0100	-24	150	-61	100555	0.64 
637.029	-0.1318	-0.1060	1.0176	1.0376	8.6670	3.7842	-5.4382	10.1569	-12.3596	44.0000	-22	150	-62	100555	0.64 
637.137	-0.2119	0.0093	0.9497	-1.7700	12.4512	7.0801	-5.2130	10.8710	-12.2388	44.0000	-21	151	-66	100554	0.64 
637.232	-0.3682	0.0688	1.2339	-15.4419	7.4463	50.2319	-5.1636	12.7002	-9.2780	44.0200	-14	147	-64	100554	0.64 
637.325	-0.0127	-0.2671	0.9463	-1.5259	3.6621	25.0854	-5.2240	12.4585	-4.3781	44.0200	2	153	-54	100554	0.64 
637.450	-0.1055	-0.0273	1.0005	7.2021	14.8315	5.1880	-4.6747	13.6395	-3.1696	44.0200	12	153	-58	100555	0.64 
637.591	-0.1851	-0.0151	1.0308	1.9531	13.3667	9.0942	-3.8342	15.0348	-2.1368	44.0300	17	151	-58	100555	0.64 
637.653	-0.1982	-0.0659	1.1260	18.1274	19.3481	-16.5405	-3.1256	15.9082	-2.1588	44.0400	21	153	-54	100556	0.64 
637.716	-0.7129	0.1484	1.5474	3.6621	56.5186	18.2495	-1.2195	19.8193	-1.9830	44.0400	24	153	-61	100556	0.64 
637.841	-0.4375	-0.3242	0.6460	0.8545	18.0054	-13.7329	-1.3403	21.6486	-1.5106	44.0300	36	147	-63	100556	0.64 
637.935	-0.4229	0.0474	0.9683	-10.4370	-4.6387	-5.5542	-3.0267	23.3350	-4.0594	44.0300	40	149	-62	100556	0.64 
638.059	-0.2861	-0.1938	0.7808	-15.8081	8.4229	-2.7466	-4.9658	22.7197	-3.2574	44.0300	40	150	-61	100555	0.64 
638.184	-0.3140	-0.0518	0.7852	-7.3242	0.7324	2.8076	-5.9930	22.8900	-2.9938	44.0200	43	150	-60	100555	0.64 
638.247	-0.3823	-0.2534	1.0771	-5.6152	-5.7983	0.7935	-6.7291	22.6978	-1.5656	44.0400	46	158	-60	100556	0.64 
638.356	-0.3989	-0.2759	1.2192	0.4272	6.8359	-14.5874	-7.6190	21.6211	-2.1039	44.0300	45	156	-59	100556	0.64 
638.419	-0.5703	0.1455	0.7251	-2.1362	3.9673	16.6626	-7.8333	23.0438	-2.2797	44.0300	49	156	-57	100556	0.64 
638.528	-0.4482	-0.1592	0.9390	8.8501	-4.3945	2.2583	-6.6083	23.2471	-0.9558	44.0300	53	157	-59	100555	0.64 
638.653	-0.2881	0.0542	0.6943	2.2583	0.8545	7.7515	-5.0427	23.1262	-0.2856	44.0200	52	157	-62	100555	0.64 
638.747	-0.3125	-0.1382	0.8135	5.1880	15.1978	2.5635	-4.1968	23.7689	1.5491	44.0100	59	158	-70	100555	0.64 
638.857	-0.3237	-0.0469	1.0513	13.6719	0.9155	-18.6157	-3.7299	24.0271	0.6866	43.9900	57	155	-68	100554	0.64 
638.950	-0.8818	0.3501	1.5757	7.2632	45.0439	14.2822	-2.6038	26.2738	-0.4724	44.0100	56	156	-75	100554	0.64 
639.044	-0.4414	-0.3784	0.5679	-1.1597	-9.2163	-17.7612	-2.6477	25.7245	0.6042	44.0100	59	157	-73	100554	0.64 
639.138	-0.4917	0.0459	0.9644	-12.8174	11.7188	-3.2959	-4.4495	26.9824	-2.0380	44.0100	54	161	-78	100553	0.64 
639.263	-0.3140	-0.1846	0.7163	-13.6108	0.4272	9.7656	-5.6964	26.8011	-0.3131	43.9900	63	161	-75	100553	0.64 
639.372	-0.3286	-0.1465	0.7314	-10.7422	4.2114	4.2114	-6.6083	26.6144	0.7635	43.9900	65	161	-70	100552	0.64 
639.450	-0.5005	-0.2441	1.3154	-5.3711	-3.4790	-4.1504	-7.5092	27.1857	1.5216	43.9900	70	164	-66	100552	0.64 
639.529	-1.0342	-0.2422	1.0996	-5.5542	-30.9448	-6.1646	-8.0090	25.6476	1.4227	44.0000	65	164	-71	100552	0.65 
639.653	-0.5176	-0.1133	0.8760	1.5259	-5.5542	11.9629	-6.5588	24.3182	3.2794	43.9900	65	164	-76	100551	0.65 
639.747	-0.2471	-0.0254	0.7124	12.5732	-5.2490	3.4180	-5.0757	23.3844	4.4714	43.9900	69	163	-79	100551	0.65 
639.888	-0.2856	-0.1157	0.6968	12.7563	-3.5400	5.9814	-3.3563	22.6923	5.7074	43.9900	68	162	-85	100550	0.65 
639.950	-0.3208	-0.0718	0.8955	17.1509	-13.4277	-39.7949	-2.8619	22.1924	3.9880	43.9900	67	162	-93	100550	0.65 
640.060	-0.2510	0.1729	1.1572	12.2070	-14.8315	-16.4795	-2.9718	20.5829	0.7416	44.0000	52	162	-96	100549	0.65 
640.157	-1.0459	-0.0098	1.5332	-5.9204	12.0239	35.4614	-1.4172	22.9010	2.7795	44.0100	51	164	-100	100549	0.65 
640.247	-0.4238	-0.1401	0.6816	-4.6997	10.3149	2.3193	-2.2742	23.3459	2.3456	44.0000	57	165	-100	100549	0.65 
640.357	-0.3198	-0.0283	0.8433	-19.7754	-7.2632	12.2070	-3.5321	24.6204	2.1753	44.0000	61	167	-97	100549	0.65 
640.450	-0.3037	-0.1978	0.6973	-13.1836	7.2021	3.7842	-5.3064	24.3018	3.3728	43.9900	62	168	-91	100548	0.65 
640.547	-0.3428	-0.1821	0.9399	-9.5215	14.6484	-4.6387	-6.7621	25.2356	2.6532	43.9800	62	172	-88	100548	0.65 
640.656	-0.4888	-0.1475	1.4531	-6.6528	3.9673	3.7231	-7.5531	25.1532	3.3069	44.0100	65	174	-89	100548	0.65 
640.766	-0.6475	0.0508	0.6865	-1.7700	-21.1792	0.4272	-8.2013	24.3732	3.2300	44.0200	66	174	-82	100548	0.65 
640.859	-0.4678	-0.2241	0.8789	10.2539	-9.0942	15.7471	-6.4545	23.7524	5.7513	44.0100	68	178	-87	100548	0.65 
640.954	-0.3394	0.0615	0.8374	14.8315	0.4272	6.7749	-4.5703	23.1427	6.8445	43.9900	69	175	-90	100547	0.65 
641.078	-0.2505	-0.1274	0.7734	12.3901	-7.4463	7.2021	-2.5598	22.5494	8.4595	44.0000	77	171	-97	100547	0.65 
641.156	-0.2944	-0.0371	0.9619	13.0005	2.0142	-19.2871	-1.6040	22.4506	7.7838	44.0000	74	167	-99	100546	0.65 
641.250	-0.4478	0.0576	1.2192	17.7612	7.2632	-29.9072	-1.6150	22.5879	4.5593	44.0100	70	172	-108	100546	0.65 
641.360	-0.6787	-0.0234	0.9849	6.2256	-11.4746	-0.8545	-0.3241	23.9337	3.9496	44.0200	64	169	-110	100545	0.65 
641.469	-0.4531	-0.1646	0.7549	-7.4463	2.6245	-17.1509	-1.2854	24.4611	2.0984	44.0100	60	169	-113	100545	0.65 
641.563	-0.3174	-0.0049	0.6836	-23.4375	-15.0757	9.9487	-2.8345	24.1589	1.3239	44.0000	59	170	-113	100545	0.65 
641.688	-0.3135	-0.1523	0.7168	-13.4277	15.0146	0.6104	-4.6307	24.1699	2.1259	44.0100	61	175	-106	100545	0.65 
641.781	-0.3955	-0.2339	1.0684	-8.0566	14.4043	-0.3662	-5.9766	25.4883	2.4445	44.0100	64	176	-101	100544	0.65 
641.875	-0.5356	-0.1929	1.2676	-4.8828	-0.6104	-6.5308	-6.9434	24.7028	2.2302	44.0200	66	179	-95	100544	0.65 
641.954	-0.5557	0.2065	0.7842	2.5024	-3.6621	8.3008	-7.3444	24.6533	1.3074	44.0400	65	180	-94	100544	0.65 
642.110	-0.4702	-0.0957	0.9336	11.4746	-2.8687	7.8125	-5.9930	24.5544	2.5928	44.0300	71	182	-97	100544	0.65 
642.172	-0.3413	0.0488	0.7388	5.4932	0.6104	13.1836	-3.9551	24.2633	3.9386	44.0300	74	181	-103	100544	0.65 
642.266	-0.2700	-0.1240	0.7402	3.0518	7.5684	-3.5400	-3.4222	24.1974	5.1251	44.0300	74	177	-105	100544	0.65 
642.391	-0.3691	0.0571	1.1069	5.1880	20.1416	-8.0566	-3.3508	25.4279	4.1254	44.0300	75	177	-103	100544	0.65 
642.485	-0.7192	0.1812	1.3472	-4.7607	36.9263	20.9351	-2.5818	27.4164	4.7681	44.0300	81	177	-103	100544	0.65 
642.563	-0.3433	-0.2808	0.5635	-2.0752	-29.7852	1.2207	-2.2687	26.6913	6.8170	44.0300	94	175	-101	100543	0.65 
642.719	-0.5713	-0.0093	1.0649	-10.6812	-0.5493	-18.6768	-4.2792	26.8231	5.1361	44.0200	92	179	-101	100543	0.65 
642.813	-0.2954	-0.1968	0.7461	-11.8408	-6.4697	-0.4883	-5.8612	24.9005	5.7898	44.0300	88	182	-100	100543	0.65 
642.922	-0.2144	-0.0825	0.6616	-5.4932	-4.4556	-1.8921	-6.5808	24.0381	5.7513	44.0200	87	185	-103	100543	0.65 
643.016	-0.4829	-0.2012	1.2451	-3.8452	16.7847	-2.3804	-7.4652	24.7192	6.2567	44.0300	88	186	-94	100542	0.65 
643.047	-0.9365	-0.3555	1.2476	-6.4697	3.7842	-5.7373	-7.8827	24.9335	6.7126	44.0400	91	185	-96	100542	0.65 
643.203	-0.5293	0.1147	0.8154	-5.0049	-8.1787	24.5972	-6.7841	25.0049	8.1024	44.0500	93	189	-97	100542	0.65 
643.282	-0.3120	-0.1206	0.7314	10.4370	-10.8032	13.8550	-5.4987	24.5380	10.9973	44.0600	101	185	-98	100541	0.65 
643.360	-0.2910	-0.0391	0.6748	9.0942	0.6714	11.7188	-3.9880	24.1425	12.3486	44.0500	107	184	-100	100542	0.65 
643.516	-0.3530	-0.0225	0.9561	9.6436	11.7798	-20.0195	-3.2629	24.6368	12.2003	44.0500	109	182	-106	100541	0.65 
643.578	-0.3872	0.0000	1.1250	12.4512	2.5024	-19.7754	-3.1091	24.2413	10.2777	44.0600	106	182	-112	100541	0.65 
643.703	-0.9639	0.0449	1.2900	0.6714	-23.3154	14.0991	-2.1698	26.3342	10.0690	44.0600	102	181	-115	100541	0.65 
643.751	-0.4326	-0.1641	0.6606	-6.2866	-2.5635	-1.9531	-2.8564	25.4993	9.5032	44.0600	99	182	-118	100541	0.65 
643.875	-0.3594	-0.0596	0.7603	-18.5547	-12.6953	5.3101	-4.5044	25.6201	8.7836	44.0500	94	182	-117	100540	0.66 
644.016	-0.2451	-0.1211	0.6733	-16.7236	7.9956	3.2959	-6.3007	25.0763	9.4592	44.0400	94	185	-115	100540	0.66 
644.079	-0.4624	-0.2222	1.0771	-16.6016	17.3950	17.0288	-7.6849	26.7297	10.3381	44.0700	100	188	-107	100539	0.66 
644.173	-0.5737	-0.2568	1.3901	-5.5542	-9.7046	12.8174	-8.4430	26.4990	11.8652	44.0600	107	188	-107	100539	0.66 
644.344	-0.5737	0.1304	0.6816	-4.1504	-3.3569	11.5356	-8.7396	25.9442	12.1234	44.0700	106	189	-109	100539	0.66 
644.391	-0.4307	-0.2378	0.8740	13.1226	-5.3711	14.6484	-7.2345	26.1145	14.1284	44.0600	106	188	-109	100538	0.66 
644.532	-0.3696	0.1338	0.7134	12.6343	6.6528	6.9580	-5.0098	25.9662	14.7217	44.0700	104	184	-122	100538	0.66 
644.579	-0.2773	-0.1514	0.8257	6.4087	11.4136	12.5122	-3.0542	26.0101	16.7651	44.0800	109	185	-126	100537	0.66 
644.672	-0.3877	0.0161	1.1221	15.6860	2.8076	-21.9116	-2.4829	26.3947	15.3644	44.0700	106	179	-127	100537	0.66 
644.797	-1.0649	0.1348	1.6851	6.5308	26.4282	-4.3335	-1.7194	27.4274	14.0350	44.0800	100	174	-134	100537	0.66 
644.891	-0.5830	-0.3062	0.7017	2.3804	-20.2637	-13.6108	-1.3733	25.7849	13.4692	44.0900	93	176	-145	100536	0.66 
645.000	-0.4385	0.0137	0.8662	-8.4839	-12.6953	-14.5874	-2.7356	24.9060	10.0085	44.0800	78	177	-146	100536	0.66 
645.094	-0.3169	-0.1147	0.6602	-15.0757	-1.5259	-0.6104	-4.3890	23.3679	8.7286	44.0700	66	178	-144	100536	0.66 
645.189	-0.3228	-0.1230	0.7686	-10.6201	8.4229	8.8501	-5.9711	23.8458	7.9266	44.0800	58	179	-145	100535	0.66 
645.282	-0.3564	-0.1567	1.0586	-11.2915	3.0518	17.1509	-6.6687	24.7302	8.5474	44.0800	63	185	-141	100535	0.66 
645.391	-0.3960	-0.3447	1.3638	-8.4229	17.4561	1.2207	-7.6355	24.1864	9.3219	44.0800	65	185	-141	100535	0.66 
645.470	-0.6162	-0.0313	0.8911	-7.3853	26.1230	10.3760	-8.5419	24.9994	8.1244	44.1000	63	187	-137	100535	0.66 
645.594	-0.6045	-0.0859	0.7212	-0.1831	-11.4136	3.0518	-8.1409	26.7352	8.4705	44.0800	66	186	-136	100535	0.66 
645.688	-0.5112	-0.0718	0.7979	16.7847	-13.6719	-0.2441	-6.9763	26.2958	7.3938	44.0800	64	184	-140	100535	0.66 
645.797	-0.4692	0.0391	0.8174	11.3525	-10.9253	-5.3711	-5.4987	24.7687	6.3281	44.0900	56	180	-143	100535	0.66 
645.907	-0.3784	-0.1431	0.8320	8.1787	-8.1177	4.0283	-4.1583	23.5162	6.3281	44.1100	48	179	-144	100534	0.66 
645.985	-0.3823	-0.0137	0.9751	11.3525	-10.9253	-17.4561	-3.3563	22.4725	4.7571	44.0900	43	175	-148	100534	0.66 
646.079	-0.3442	0.0557	0.9497	6.1035	-15.8691	-15.3809	-2.8345	20.2423	2.3676	44.1200	29	173	-152	100534	0.66 
646.204	-0.2720	-0.0981	0.8799	5.7983	-12.8174	-0.3052	-2.3676	19.1382	0.6757	44.1100	19	172	-158	100534	0.66 
646.313	-0.2886	-0.1040	0.9531	2.9907	-11.0474	-21.5454	-2.6971	18.0835	-1.3733	44.1100	13	171	-161	100533	0.66 
646.391	-0.3569	-0.0884	0.9673	3.4180	1.8921	-23.7427	-3.1146	17.5452	-4.4385	44.1100	1	171	-162	100533	0.66 
646.470	-0.3257	-0.0850	1.0713	5.0049	6.9580	-3.1128	-3.0597	18.1659	-6.6577	44.1400	-7	171	-163	100533	0.66 
646.594	-0.2778	-0.1362	1.0117	-5.3711	2.6855	-2.6245	-3.3069	17.7264	-7.2455	44.1400	-7	167	-164	100533	0.66 
646.688	-0.3076	-0.1050	0.9678	3.4180	9.5825	-6.6528	-3.9056	18.1989	-8.5748	44.1500	-7	170	-162	100533	0.66 
646.829	-0.3975	-0.0879	1.0454	-3.9673	0.4272	-6.8970	-3.9331	18.7152	-9.8328	44.1400	-4	165	-165	100533	0.66 
646.876	-0.2783	-0.0610	0.9819	-3.1738	-14.3433	6.1646	-4.0320	17.8748	-10.1349	44.1700	-8	169	-164	100533	0.66 
647.016	-0.2793	-0.0664	0.9902	-0.5493	-10.1929	2.3804	-4.2078	16.6058	-10.3986	44.1600	-9	168	-159	100533	0.66 
647.094	-0.2710	0.0073	0.9971	-2.8687	-10.1318	5.4932	-4.0649	15.6555	-10.7062	44.1700	-15	168	-163	100533	0.66 
647.188	-0.2632	-0.1182	0.9863	-2.0752	-5.9204	-2.5635	-4.3835	14.8370	-10.8545	44.1800	-18	170	-163	100533	0.66 
647.298