StartTime: 2017-07-14 13:50:30.215
Time(s)	ax(g)	ay(g)	az(g)	wx(deg/s)	wy(deg/s)	wz(deg/s)	AngleX(deg)	AngleY(deg)	AngleZ(deg)	T(°)	hx	hy	hz	Pressure(Pa)	Altitude(m) 
396.529	-0.1875	-0.1128	0.9839	-2.3804	10.4370	5.4932	-3.1366	10.1788	-15.2161	44.4900	-26	152	-87	100588	0.61 
396.623	-0.1396	-0.1636	1.0210	-0.7935	7.4463	11.7798	-3.3563	11.1346	-14.4305	44.4700	-22	152	-87	100589	0.61 
396.747	-0.2275	-0.1587	0.9736	8.9111	5.1270	6.3477	-3.2190	11.6510	-13.9801	44.4800	-21	151	-86	100589	0.61 
396.841	-0.3394	-0.0977	1.1973	4.9438	15.7471	19.5313	-2.3676	12.9968	-12.6837	44.4800	-20	147	-92	100589	0.61 
396.920	-0.2373	0.1729	1.3643	21.4844	5.7983	-11.9629	-0.6921	13.3649	-11.7169	44.4700	-14	148	-91	100589	0.61 
397.013	-0.1567	0.1289	1.0215	19.4092	5.3711	7.0801	2.1478	12.5079	-11.3379	44.4600	-15	146	-97	100589	0.61 
397.140	-0.1138	0.1172	1.0005	14.9536	13.3057	2.5024	4.3396	12.8485	-10.6348	44.4700	-12	143	-100	100589	0.61 
397.234	-0.0684	0.1646	1.0000	3.6011	22.8271	-1.8921	5.5646	14.1779	-10.4205	44.4800	-9	142	-106	100589	0.61 
397.313	-0.2041	0.1328	1.2378	-8.9722	24.5972	-1.8921	5.4657	16.0071	-9.9152	44.4800	-5	139	-107	100589	0.61 
397.421	-0.5444	-0.1704	1.3145	-32.2876	-22.6440	-7.0190	3.9935	17.1826	-10.1349	44.4900	4	144	-101	100589	0.61 
397.531	-0.4497	-0.1050	1.0034	-25.9399	-9.3384	-18.3716	-0.6976	17.7100	-15.1282	44.4800	0	148	-94	100589	0.61 
397.640	-0.2959	-0.1650	0.7046	-13.3667	4.6387	-42.6636	-3.9880	17.9901	-18.5504	44.4800	-6	150	-96	100589	0.61 
397.719	-0.2671	-0.0269	0.8267	-9.2163	16.9067	-13.9771	-5.9711	18.8196	-21.6925	44.4800	-12	154	-93	100590	0.61 
397.859	-0.2720	-0.2847	1.0132	2.1973	24.7803	-7.8735	-6.7786	20.3687	-21.9891	44.4800	-16	155	-91	100590	0.61 
397.953	-0.3496	-0.0781	1.3481	13.1226	-1.0376	1.6479	-5.9766	20.6598	-22.7802	44.4900	-13	151	-92	100589	0.61 
398.046	-0.4009	0.1997	0.8164	6.3477	-46.3257	13.3057	-5.0043	20.8356	-21.1267	44.4800	-9	152	-97	100589	0.61 
398.110	-0.3013	-0.0718	0.8086	27.9541	-26.5503	2.7466	-2.1588	20.8026	-18.9404	44.4800	-2	150	-104	100589	0.61 
398.234	-0.2529	0.0762	0.7046	24.4751	-15.5029	25.8179	1.5216	19.9347	-17.6111	44.4800	-7	147	-115	100589	0.61 
398.328	-0.2568	0.0264	0.7275	16.4185	5.9204	13.4277	4.0155	19.1382	-15.3918	44.4700	-1	145	-122	100588	0.61 
398.468	-0.1133	0.2061	0.9663	-0.7324	-6.5918	21.0571	5.9985	18.5669	-13.4363	44.4700	5	144	-125	100588	0.61 
398.531	-0.2017	0.1367	1.2114	-21.6064	-3.6011	5.4321	5.4602	17.4408	-11.0962	44.4700	13	143	-124	100588	0.61 
398.640	-0.3843	-0.3652	0.7598	-28.6865	-16.4185	0.2441	3.2849	17.1332	-10.2283	44.4600	17	149	-120	100588	0.62 
398.719	-0.2026	-0.0298	0.6768	-27.0996	-20.3857	-6.3477	-0.4285	18.2043	-12.7167	44.4800	16	155	-119	100587	0.62 
398.843	-0.3066	-0.1138	0.8145	-15.0757	4.7607	-23.0103	-3.3069	18.7537	-14.1174	44.4600	13	158	-114	100587	0.62 
398.937	-0.2061	-0.1465	0.8901	-9.5825	5.1880	-18.1274	-5.3833	18.4625	-16.0126	44.4500	7	161	-111	100587	0.62 
399.062	-0.2202	-0.1138	1.0723	-5.9204	10.7422	-15.9912	-6.6083	18.9899	-17.2321	44.4800	4	165	-107	100587	0.62 
399.125	-0.3447	-0.2578	1.4067	3.2959	-3.5400	0.7324	-7.4707	19.0558	-17.2430	44.4800	4	165	-108	100587	0.62 
399.265	-0.2544	0.2900	0.5933	22.6440	-26.9165	33.1421	-5.5975	18.6548	-17.1442	44.4600	4	167	-110	100587	0.62 
399.344	-0.2622	0.0615	0.8193	27.0386	-10.0098	7.2021	-2.0929	19.0283	-14.9908	44.4700	6	162	-119	100586	0.62 
399.453	-0.2832	-0.0039	0.7065	24.1699	-4.2114	24.6582	1.3953	18.3746	-12.7222	44.4500	7	160	-132	100586	0.62 
399.547	-0.2627	0.1216	0.8101	17.7002	1.5869	7.8735	4.0924	17.8363	-11.3434	44.4400	13	154	-142	100586	0.62 
399.656	-0.1699	0.1807	1.0449	-1.1597	21.3013	11.7188	5.5920	18.2758	-10.0964	44.4400	15	150	-145	100586	0.62 
399.765	-0.3047	0.1826	1.3887	-20.9961	1.8311	1.0986	5.0592	18.9734	-8.3551	44.4500	21	147	-145	100586	0.62 
399.844	-0.2827	-0.3213	0.8403	-30.3955	-13.3667	-46.0815	1.4392	18.8910	-9.5911	44.4400	22	157	-138	100585	0.62 
399.922	-0.3022	-0.0386	0.7715	-30.7617	-5.7983	16.1743	-1.6534	18.8690	-10.3876	44.4400	21	162	-132	100585	0.62 
400.078	-0.2368	-0.1172	0.6631	-18.4326	5.3101	-15.9912	-4.8669	19.1602	-10.6952	44.4200	20	170	-121	100585	0.62 
400.156	-0.2666	-0.1260	0.8306	-9.9487	15.8081	7.9346	-6.2622	20.1544	-10.8105	44.4300	24	180	-117	100584	0.62 
400.250	-0.2842	-0.1987	1.2490	6.4087	-1.5869	-17.8223	-6.9598	21.0718	-10.9863	44.4500	30	177	-116	100583	0.62 
400.328	-0.9448	-0.2075	1.4683	12.8174	-2.9297	-2.8687	-5.8997	20.7092	-11.0907	44.4400	25	174	-120	100583	0.62 
400.484	-0.6167	-0.0073	1.1494	25.3296	-14.4653	7.6904	-3.1476	20.6818	-10.0854	44.4400	25	177	-127	100583	0.62 
400.547	-0.3271	0.0762	0.7383	30.1514	-4.6997	1.3428	-0.2252	19.6326	-10.1459	44.4400	21	175	-134	100582	0.62 
400.703	-0.2227	-0.0020	0.6611	33.0811	17.5781	-7.6294	2.7905	19.8578	-10.0745	44.4500	24	166	-146	100582	0.62 
400.781	-0.2192	0.2935	0.9043	6.5918	7.7515	5.1270	5.1965	20.9290	-10.7391	44.4500	18	161	-154	100582	0.62 
400.906	-0.3105	0.1353	1.2246	-19.1040	-5.9204	10.4980	5.0537	21.1157	-8.8934	44.4300	24	159	-155	100582	0.62 
400.969	-0.5210	-0.2363	0.9941	-29.9683	-35.7666	20.0806	2.8674	20.1654	-9.5032	44.4500	22	157	-150	100581	0.62 
401.031	-0.2832	0.0767	0.7686	-22.7661	-28.0762	-4.5166	-0.8789	19.8523	-13.0627	44.4500	19	166	-143	100581	0.62 
401.172	-0.2856	-0.0723	0.7227	-27.2217	-7.8125	-4.0283	-3.5046	19.1821	-12.9913	44.4400	15	175	-138	100580	0.62 
401.297	-0.2202	-0.1313	0.8706	-18.6157	2.8076	3.4180	-6.2897	18.2153	-13.7659	44.4400	14	179	-134	100580	0.62 
401.359	-0.1504	-0.2085	0.9858	-2.4414	22.4609	-5.7983	-7.6520	18.3032	-13.3044	44.4600	14	182	-125	100580	0.62 
401.437	-0.1445	-0.1890	1.2656	10.4980	-8.7280	-13.6719	-7.7014	18.1055	-14.0735	44.4400	13	183	-126	100580	0.62 
401.567	-0.5571	0.3159	0.9834	7.8125	-29.9072	35.4004	-5.9766	18.5449	-13.0902	44.4500	13	182	-126	100580	0.62 
401.645	-0.3105	0.0034	0.8735	28.9917	-21.1792	16.6016	-2.6477	19.2755	-10.0635	44.4500	23	179	-133	100580	0.62 
401.739	-0.2417	0.0332	0.6177	24.7803	-7.5684	21.4844	1.0107	19.1382	-8.6078	44.4500	28	176	-147	100580	0.62 
401.849	-0.2964	0.0371	0.7407	13.2446	10.4370	18.4326	3.6859	19.1602	-6.6852	44.4700	32	173	-151	100579	0.62 
401.957	-0.1479	0.2026	1.0176	0.8545	20.6909	25.6958	5.6744	19.7534	-4.3121	44.4700	38	166	-158	100579	0.62 
402.036	-0.2705	0.2285	1.4199	-27.0386	-18.2495	-10.4980	4.9493	19.7260	-2.8839	44.4700	51	165	-154	100579	0.62 
402.145	-0.2705	-0.4897	0.8545	-23.1323	-4.8218	-50.2319	1.1536	18.9624	-5.3943	44.4600	48	171	-148	100579	0.62 
402.270	-0.2402	0.0171	0.7588	-26.0010	-2.9297	7.0801	-1.7633	19.1492	-7.9541	44.4500	38	177	-146	100579	0.62 
402.348	-0.3286	-0.0986	0.7295	-15.5029	0.1221	-7.3853	-4.3781	19.3689	-8.7396	44.4500	37	182	-138	100579	0.62 
402.442	-0.2314	-0.0986	0.8872	-9.0942	10.3760	-0.0610	-5.7623	19.3195	-8.8879	44.4600	35	185	-131	100578	0.62 
402.567	-0.1846	-0.2041	1.0898	-2.3804	26.4282	-2.5024	-6.4819	20.4565	-8.1793	44.4600	38	189	-127	100578	0.62 
402.645	-0.4492	-0.1240	1.2148	15.1978	0.1831	15.0146	-6.0205	20.3687	-7.9761	44.4600	43	190	-129	100578	0.62 
402.754	-0.0620	0.0195	0.5952	16.3574	-0.4883	42.4805	-3.5376	20.8466	-5.4932	44.4700	47	188	-134	100578	0.62 
402.833	-0.3296	-0.0044	0.8398	29.1748	1.5869	-2.3804	-1.0107	21.4508	-4.1638	44.4700	57	182	-144	100578	0.62 
402.973	-0.2637	0.1069	0.6460	21.8506	-3.9063	26.2451	2.4829	21.3354	-2.5983	44.4700	55	178	-156	100577	0.62 
403.052	-0.3730	0.1504	0.8330	5.8594	-1.1597	21.3013	4.8724	21.4069	0.2032	44.4700	61	171	-160	100577	0.62 
403.161	-0.3252	0.1206	1.1787	-11.9019	6.7139	15.1367	5.5316	21.6760	2.7740	44.4700	68	165	-160	100577	0.62 
403.239	-0.5024	0.4141	1.2080	-17.4561	-15.8081	-25.6958	3.7958	20.5499	2.3456	44.4600	76	168	-158	100577	0.62 
403.364	-0.6519	0.0757	1.1426	-11.0474	11.5967	-50.8423	0.2307	20.5334	-1.3403	44.4800	69	173	-158	100576	0.62 
403.473	-0.3472	-0.0688	0.6855	-23.7427	-4.3335	-3.4180	-1.9885	19.9786	-2.3566	44.4700	53	180	-155	100576	0.63 
403.567	-0.2573	-0.0703	0.7021	-14.0991	-0.1831	-10.8643	-4.5319	19.8962	-3.7793	44.4700	50	186	-154	100575	0.63 
403.661	-0.2495	-0.1641	0.9277	-4.5166	12.4512	2.4414	-5.7513	20.4895	-3.8562	44.4800	48	190	-145	100575	0.63 
403.770	-0.2832	-0.1787	1.2075	3.6011	3.1128	-13.6108	-6.2183	21.4124	-4.2242	44.4700	51	187	-149	100575	0.63 
403.879	-1.0527	-0.3149	1.6587	10.3760	19.0430	-12.8174	-5.4547	22.0605	-5.0153	44.4700	48	187	-154	100575	0.63 
403.958	-0.6841	-0.0234	1.1689	19.9585	-15.5640	-3.4790	-3.3618	21.8628	-4.8999	44.4900	43	186	-160	100574	0.63 
404.083	-0.4233	0.0918	0.8413	27.5879	-3.7842	1.7700	-1.1151	20.6378	-5.6799	44.4800	35	181	-169	100574	0.63 
404.161	-0.2451	0.0581	0.6621	19.5923	8.1177	14.0381	2.1918	20.1379	-4.6143	44.4900	29	172	-179	100574	0.63 
404.254	-0.2925	0.1787	0.9331	6.3477	17.2119	-2.6245	4.0814	20.9344	-4.1364	44.5000	29	163	-191	100573	0.63 
404.379	-0.2661	0.1606	1.2236	-5.4321	-0.1831	10.1318	4.3781	21.5442	-3.4937	44.5100	34	159	-190	100573	0.63 
404.458	-0.9136	0.0767	1.4253	-23.4375	-11.1084	25.7568	3.3124	21.0114	-3.0542	44.5000	32	156	-189	100572	0.63 
404.567	-0.7422	0.0254	1.1533	-24.3530	-26.9165	1.1597	-0.1868	22.0935	-6.1688	44.5000	28	164	-184	100571	0.63 
404.676	-0.3823	-0.1470	0.7266	-23.0713	-4.8218	-17.3340	-3.0487	20.8795	-7.5861	44.4900	19	172	-182	100571	0.63 
404.755	-0.2925	-0.1064	0.8223	-6.5308	-16.8457	-31.4941	-5.7458	20.0061	-11.9092	44.4900	9	177	-178	100571	0.63 
404.866	-0.2695	-0.1836	0.9082	-7.8125	-10.3149	-26.8555	-7.5201	18.7811	-15.1611	44.4900	-3	180	-173	100571	0.63 
404.975	-0.1904	-0.1357	0.9111	0.7935	11.4136	-5.5542	-8.8275	18.8306	-17.9297	44.5100	-19	179	-170	100570	0.63 
405.054	-0.3516	-0.1553	1.2334	11.1084	-3.9673	10.6812	-8.4100	19.5007	-18.3527	44.5200	-21	176	-175	100570	0.63 
405.178	-0.3237	-0.0762	0.8301	13.9771	-3.5400	35.5225	-6.6357	19.7314	-17.9077	44.5100	-19	173	-178	100570	0.63 
405.287	-0.3462	-0.0264	0.9292	20.2637	-18.9819	7.9956	-4.3176	20.0281	-17.4463	44.5000	-21	166	-189	100570	0.63 
405.381	-0.2920	0.0459	0.7368	14.2822	-25.5737	21.6675	-1.6205	18.0890	-16.4136	44.4900	-27	160	-188	100569	0.63 
405.459	-0.2876	0.0269	0.7441	7.2021	-8.4839	23.4985	0.4504	16.5564	-14.6997	44.4900	-30	155	-193	100569	0.63 
405.569	-0.3296	0.1313	0.9321	-1.5259	-8.4229	24.2310	1.8402	16.2323	-13.1451	44.4900	-24	153	-195	100568	0.63 
405.663	-0.2827	0.0938	1.0015	-4.8218	-20.2637	15.1978	2.1863	15.1007	-11.6510	44.4900	-21	156	-193	100568	0.63 
405.803	-0.2065	0.0742	0.8848	-19.3481	-20.0195	16.0522	1.7908	12.9474	-10.7336	44.5000	-23	157	-194	100568	0.63 
405.881	-0.2373	-0.0703	0.9771	-8.1787	-27.2827	-12.0239	-0.1978	11.4368	-12.2388	44.5200	-28	160	-186	100567	0.63 
405.975	-0.2617	0.0200	1.0444	-5.1880	-10.3149	-12.2681	-1.0327	10.2887	-14.4690	44.5100	-38	161	-185	100567	0.63 
406.084	-0.2227	-0.1035	1.0303	-8.1177	3.6621	3.1738	-1.9336	10.0140	-15.5072	44.5100	-42	163	-181	100567	0.63 
406.194	-0.1885	-0.1113	1.0352	-1.4648	5.9204	-5.6152	-2.4994	10.6677	-16.4136	44.5100	-44	167	-182	100567	0.63 
406.272	-0.2002	-0.0610	1.0439	-1.8311	6.5918	-5.2490	-2.8180	11.2006	-17.7264	44.5300	-45	166	-182	100567	0.63 
406.381	-0.2007	-0.0732	1.0352	-2.7466	4.2725	1.9531	-3.1146	11.5686	-18.4955	44.5300	-45	167	-183	100567	0.63 
406.476	-0.1924	-0.0669	1.0186	-0.3662	1.8311	-0.6104	-3.2739	11.7554	-18.9514	44.5400	-44	167	-180	100567	0.63 
406.600	-0.2090	-0.0498	1.0293	-1.2207	0.9155	3.3569	-3.2959	11.9312	-19.3085	44.5500	-43	169	-181	100567	0.63 
406.679	-0.1958	-0.0591	1.0249	-0.9766	0.7935	4.7607	-3.3289	11.9147	-19.3799	44.5500	-45	166	-182	100567	0.63 
406.819	-0.2021	-0.0566	1.0215	-1.2817	0.0610	3.7231	-3.3618	11.9092	-19.3909	44.5500	-41	168	-179	100567	0.63 
406.866	-0.2031	-0.0737	1.0229	-0.9766	-0.7935	1.7090	-3.4277	11.8652	-19.4952	44.5600	-40	165	-177	100567	0.63 
406.975	-0.2056	-0.0483	1.0215	0.4272	-0.3662	2.6855	-3.4222	11.7279	-19.6271	44.5600	-41	167	-177	100566	0.63 
407.100	-0.2046	-0.0469	1.0195	0.0000	-0.1831	6.8359	-3.2410	11.6345	-19.4513	44.5800	-38	169	-181	100566	0.63 
407.210	-0.2036	-0.0513	1.0205	-0.1831	0.4272	6.5918	-3.0981	11.6345	-19.0942	44.5700	-36	169	-181	100566	0.63