StartTime: 2017-07-14 13:50:30.215
Time(s)	ax(g)	ay(g)	az(g)	wx(deg/s)	wy(deg/s)	wz(deg/s)	AngleX(deg)	AngleY(deg)	AngleZ(deg)	T(°)	hx	hy	hz	Pressure(Pa)	Altitude(m) 
357.372	-0.1855	-0.0498	1.0273	-0.4883	0.3662	0.4883	-3.1036	10.5414	169.3433	45.1800	66	-158	-165	100570	0.63 
357.528	-0.1948	-0.0425	1.0215	-0.3662	0.6714	0.1221	-3.1146	10.5963	169.3378	45.1800	63	-157	-166	100570	0.63 
357.575	-0.2021	-0.0459	1.0151	-0.7935	0.7324	0.1831	-3.1311	10.6732	169.2773	45.1700	66	-160	-166	100570	0.63 
357.731	-0.1890	-0.0732	1.0225	-4.7607	3.4180	-1.5259	-3.4058	10.9094	169.0521	45.1900	68	-157	-165	100570	0.63 
357.794	-0.1929	-0.1333	1.0244	-2.0142	1.6479	2.5635	-3.9386	11.2830	168.9697	45.1600	67	-159	-165	100571	0.63 
357.918	-0.1572	-0.1567	1.0186	-0.7935	0.1221	0.9155	-4.2188	11.1401	169.0192	45.2000	69	-157	-166	100571	0.63 
358.012	-0.1929	-0.1553	0.9829	1.0376	-1.1597	-1.4648	-4.5483	11.0303	168.8489	45.2000	65	-158	-169	100571	0.63 
358.106	-0.1699	-0.1362	1.0591	3.7231	-2.4414	9.2773	-4.4824	11.1237	169.3048	45.1700	63	-158	-168	100570	0.63 
358.231	-0.1460	0.1177	1.0513	12.3291	5.5542	0.8545	-3.1860	11.3654	169.5520	45.1800	64	-163	-165	100571	0.63 
358.325	-0.1777	0.0518	1.0332	16.2964	5.3101	-10.3760	-1.4612	11.2775	168.6237	45.1800	68	-164	-161	100571	0.63 
358.419	-0.1050	0.0703	0.9863	8.1787	6.7749	-8.7280	-0.0989	11.8872	167.4371	45.1800	76	-167	-155	100571	0.63 
358.512	-0.0737	0.1006	0.8940	-1.3428	-7.3853	-22.9492	0.2252	11.5961	165.2069	45.1800	79	-170	-150	100571	0.63 
358.606	-0.0815	0.0708	0.7095	-19.6533	-4.5776	-23.4375	-1.1755	10.6458	162.0044	45.1900	80	-170	-152	100571	0.63 
358.778	-0.0474	0.0845	0.9634	-9.2163	-19.5313	-4.0283	-2.9224	9.0967	160.3949	45.1900	85	-160	-160	100571	0.63 
358.825	-0.6357	-0.3750	1.3477	5.9814	55.6030	-25.3906	-2.8400	9.3878	160.3125	45.2100	78	-156	-169	100571	0.63 
358.903	0.3086	0.0156	0.8076	2.8687	-56.2134	1.9531	-2.1423	8.7671	160.1257	45.1900	83	-159	-160	100572	0.63 
359.028	-0.2119	-0.2197	0.7363	-17.5171	14.6484	45.8984	-2.9718	10.5414	160.7849	45.1800	81	-157	-162	100572	0.63 
359.169	-0.1094	-0.1333	0.7866	13.5498	-3.5400	-3.4790	-3.8068	12.1729	162.1802	45.1800	78	-160	-160	100572	0.63 
359.247	-0.1172	-0.0898	0.8755	19.8364	-20.6299	15.8691	-2.4225	10.8105	162.7295	45.2000	70	-167	-159	100572	0.63 
359.325	-0.6255	0.1084	1.2896	-12.4512	16.7236	11.1084	-1.4008	9.3549	163.5040	45.1800	62	-172	-155	100572	0.63 
359.419	-0.4941	0.1768	1.7607	-9.5825	-17.8833	-20.9351	-1.4557	9.7284	162.6361	45.1700	60	-177	-152	100573	0.63 
359.544	-0.2036	-0.0942	0.7139	5.4932	12.5122	2.6245	-0.8405	9.3054	164.2126	45.1600	55	-175	-152	100573	0.63 
359.622	-0.3062	0.1929	0.9849	-21.6064	23.5596	17.9443	-0.0385	12.3486	165.7178	45.1500	59	-176	-149	100573	0.63 
359.762	0.0205	0.1641	0.5293	-8.5449	17.4561	-0.0610	-2.2522	12.0959	166.6626	45.1500	51	-174	-151	100573	0.63 
359.841	-0.0796	-0.0400	0.7480	7.8125	-0.6104	-19.9585	-2.6587	12.3376	169.4586	45.1400	44	-169	-157	100573	0.63 
359.934	-0.5532	-0.4692	2.0317	10.8643	20.0806	15.2588	-1.8237	12.4915	169.7058	45.1600	40	-172	-154	100574	0.63 
360.044	-0.2368	-0.0352	1.1890	-4.6387	13.1226	-13.0615	-1.7139	11.6840	170.7440	45.1400	34	-171	-150	100574	0.63 
360.153	-0.2651	-0.2690	0.6802	-4.9438	13.7939	4.0283	-3.1641	13.1836	171.9086	45.1300	35	-171	-152	100575	0.63 
360.278	-0.0752	0.0166	0.5728	23.4985	-40.1001	-0.7324	-2.2028	12.6233	171.2549	45.1300	41	-173	-146	100575	0.63 
360.372	-0.1099	-0.2686	0.8442	18.1885	-9.5215	-53.4668	-2.0160	10.8215	168.8873	45.1200	40	-178	-141	100575	0.63 
360.435	-0.5557	-0.0098	1.4409	-1.1597	-0.3662	9.0332	-2.0764	11.3159	168.7939	45.1200	48	-180	-137	100576	0.63 
360.559	-0.0430	0.3237	1.2178	9.5825	-31.5552	-6.7749	-1.0272	10.3491	166.4319	45.1300	53	-177	-133	100576	0.62 
360.669	-0.2671	0.1089	0.7876	2.0752	11.9629	-8.4839	-0.3131	11.4862	168.7610	45.1300	49	-181	-128	100576	0.63 
360.778	-0.1724	0.0229	0.7319	-16.9678	-10.9253	2.3804	-0.5823	12.1564	169.3488	45.1200	54	-181	-128	100576	0.62 
360.872	-0.3105	0.0400	0.9653	-18.5547	6.9580	12.4512	-1.5051	11.6730	169.5245	45.1200	50	-177	-131	100576	0.62 
360.981	-0.1450	0.0371	1.1445	5.7983	-9.7656	-17.5171	-2.3730	10.3491	169.5190	45.0900	50	-169	-131	100576	0.62 
361.075	-0.2646	-0.4082	1.4580	-1.2207	-16.6016	28.9917	-1.8787	10.1184	170.2716	45.1200	49	-173	-132	100577	0.62 
361.200	-0.1748	-0.0874	0.9058	-15.1978	15.1367	8.9722	-2.3456	10.1239	171.0516	45.0900	47	-174	-134	100577	0.62 
361.279	-0.1543	-0.2334	0.8047	4.2725	3.4790	6.6528	-3.2739	11.4038	172.5073	45.0900	48	-174	-135	100577	0.62 
361.419	-0.0957	-0.0171	0.3262	13.9160	-6.8359	16.4795	-1.9940	10.7886	172.9523	45.0900	47	-176	-131	100577	0.62 
361.481	0.0137	-0.0083	0.8062	23.3765	-9.5215	-33.3862	-1.3458	10.8765	171.4142	45.0900	47	-180	-126	100577	0.62 
361.607	-0.4829	-0.3257	1.6475	9.2163	4.1504	-38.5742	-1.0931	12.1729	171.9086	45.0800	53	-179	-120	100577	0.62 
361.669	0.0581	0.1733	1.0161	-1.6479	-4.2725	36.0107	-0.3680	10.6128	168.0853	45.0800	64	-177	-114	100578	0.62 
361.794	-0.2881	0.1797	0.7705	-0.6714	17.0288	-7.5073	-0.3021	12.0905	168.6456	45.1000	65	-178	-111	100578	0.62 
361.888	-0.0566	-0.0068	0.5083	-17.2729	-27.1606	2.6855	-0.8569	11.9641	169.0082	45.0800	67	-176	-112	100579	0.62 
361.997	-0.1812	0.0352	0.7686	-18.0054	-12.3901	10.0708	-2.2137	12.0026	169.2554	45.0800	64	-175	-119	100579	0.62 
362.091	-0.2769	-0.1621	1.0522	-2.4414	3.8452	26.7334	-2.4060	10.5084	171.6010	45.0900	59	-170	-124	100579	0.62 
362.231	-0.8857	-0.3662	2.3018	15.6860	14.0991	-20.5688	-2.1204	12.1399	173.5071	45.0800	49	-168	-122	100580	0.62 
362.310	-0.2441	0.0967	0.8291	-5.4932	8.4839	-5.0659	-2.0435	10.8710	172.6611	45.0700	50	-175	-124	100580	0.62 
362.450	-0.2842	-0.1611	0.7666	3.4180	10.2539	10.6201	-3.0212	12.2223	174.3146	45.0800	46	-172	-123	100580	0.62 
362.513	-0.1201	-0.3052	0.6299	17.0898	7.0801	1.3428	-2.1368	10.4425	175.9845	45.0600	40	-174	-122	100580	0.62 
362.607	-0.3545	-0.0220	1.3477	-2.4414	17.4561	-2.6855	-1.1206	10.5634	174.7705	45.0700	45	-175	-117	100580	0.62 
362.700	-0.7002	0.3354	1.8506	2.0142	0.3662	-14.0991	-0.9558	12.0135	172.8589	45.0600	48	-174	-111	100581	0.62 
362.825	-0.2896	-0.0049	0.9268	8.3008	6.1646	-9.4604	-0.2472	11.1456	173.6444	45.0600	51	-178	-111	100581	0.62 
362.935	-0.2134	0.1914	0.9019	-13.8550	-3.6621	20.4468	0.6152	11.2555	174.6057	45.0300	48	-179	-109	100581	0.62 
363.028	-0.0664	0.0229	0.5596	-21.9727	-9.2163	20.4468	-0.4559	10.2502	177.0117	45.0600	40	-175	-114	100581	0.62 
363.107	-0.1040	0.1865	0.9868	-18.2495	-11.4746	26.4282	-1.7743	10.6293	177.5940	45.0500	36	-170	-118	100581	0.62 
363.232	-0.5166	-0.1616	1.6963	14.0381	22.8271	-15.3198	-1.8567	11.0522	177.2754	45.0600	32	-169	-114	100581	0.62 
363.326	0.0322	-0.0220	1.0137	-1.0986	-39.9170	9.7656	-1.0767	10.4041	177.2919	45.0400	36	-172	-113	100582	0.62 
363.435	-0.1670	-0.1577	0.7129	-6.3477	8.3618	14.0991	-1.5601	10.5139	176.5283	45.0300	37	-168	-114	100582	0.62 
363.544	-0.0991	-0.0742	0.5400	16.1743	-25.6958	2.3193	-1.8567	11.0028	176.2152	45.0300	39	-169	-112	100582	0.62 
363.622	-0.0977	-0.1685	0.9014	18.0054	-5.9814	-20.0806	-1.0327	10.2997	174.8529	45.0200	41	-170	-107	100582	0.62 
363.747	-0.3833	-0.0132	1.4272	3.9063	-11.6577	-27.4048	-1.1206	10.2008	173.9795	45.0200	44	-169	-99	100583	0.62 
363.857	-0.0806	0.1182	1.1313	8.4229	5.4321	3.3569	-0.8405	10.0085	171.4142	45.0100	50	-169	-99	100583	0.62 
363.935	-0.1631	0.1626	0.7676	-1.6479	16.7236	0.5493	-0.2637	10.7611	170.9308	45.0000	54	-167	-97	100584	0.62 
364.044	-0.1431	0.0713	0.7686	-27.2217	-4.8218	13.6108	-0.8624	11.7773	171.2329	45.0100	57	-166	-98	100584	0.62 
364.138	-0.2617	0.1318	0.8389	-21.1182	13.7939	4.6997	-2.9663	10.9479	171.5680	45.0000	52	-161	-105	100584	0.62 
364.232	-0.2686	-0.1592	0.9946	12.0850	17.5781	-22.3389	-3.9606	10.9204	173.0457	45.0000	47	-157	-109	100584	0.62 
364.372	-0.8413	-0.5972	2.5786	17.7002	48.2178	-28.0762	-3.6530	12.7551	172.8589	45.0000	48	-158	-104	100585	0.62 
364.467	-0.1689	0.0454	0.8740	-3.8452	23.3765	-3.0518	-2.9059	11.3379	173.4412	45.0000	47	-157	-98	100585	0.62 
364.575	-0.2007	-0.1987	0.7769	9.1553	-1.5869	7.1411	-3.2080	12.6398	174.6112	44.9900	47	-156	-99	100585	0.62 
364.654	-0.1626	-0.1025	0.4624	14.2822	3.6011	-13.3057	-2.2357	10.7611	174.2487	44.9900	49	-159	-93	100585	0.62 
364.748	-0.2622	0.3784	1.0674	-11.5967	23.0103	26.3672	-0.9668	10.4974	172.3590	44.9700	52	-159	-87	100585	0.62 
364.857	-0.8105	0.4502	2.2168	-6.0425	13.1226	-18.4326	-1.5051	11.7938	170.2606	45.0000	53	-160	-82	100586	0.62 
364.982	-0.2617	-0.0981	0.9033	-4.0894	10.6201	19.0430	-1.3843	10.7117	171.5021	44.9800	58	-157	-81	100587	0.62 
365.045	-0.1870	0.2236	0.8550	-6.4087	11.5356	3.1738	-1.0822	12.1014	170.9583	44.9700	62	-156	-80	100587	0.62 
365.169	-0.0723	0.0308	0.5991	-23.4985	-11.3525	7.3242	-2.1204	11.6345	171.9031	44.9800	61	-157	-83	100587	0.62 
365.263	-0.1499	0.0698	0.7363	-20.3247	-17.4561	18.3716	-3.4717	10.8490	172.6007	44.9700	56	-155	-86	100587	0.62 
365.373	-0.5117	0.0923	1.5454	1.6479	13.3667	20.0195	-3.6310	11.7169	172.6556	44.9600	53	-151	-84	100587	0.62 
365.482	0.0742	0.0073	1.0410	8.7891	-17.8223	-20.6299	-2.9004	10.6897	174.0509	44.9600	53	-152	-80	100587	0.62 
365.560	-0.1719	-0.1724	0.6846	-8.8501	0.7935	17.5171	-2.9718	10.9149	173.3588	44.9400	55	-155	-79	100588	0.62 
365.670	-0.1245	-0.1440	0.7554	21.9727	-22.3999	10.3149	-2.6532	10.8929	173.6334	44.9300	56	-154	-80	100588	0.61 
365.794	-0.2803	-0.2368	0.9775	22.7661	2.5024	-12.1460	-1.1865	10.4645	173.2654	44.9400	58	-157	-73	100588	0.61 
365.888	-0.8364	-0.1221	1.8115	4.2725	3.6621	11.5967	-0.3351	11.5192	174.7321	44.9400	62	-158	-64	100588	0.61 
365.966	-0.0049	0.2412	1.0361	1.8921	-12.7563	9.4604	0.2197	9.9756	171.3702	44.9200	66	-157	-58	100589	0.61 
366.091	-0.1665	-0.0098	0.8423	0.7324	3.4180	-20.3857	-0.0385	10.8655	170.7056	44.9200	69	-159	-62	100589	0.61 
366.185	-0.1860	0.0776	1.0327	-8.2397	-25.6958	-11.1694	-0.6262	10.3876	168.1183	44.9300	75	-154	-61	100589	0.61 
366.279	-0.8340	-0.1885	1.1836	3.0518	-3.1738	12.8784	-1.8622	10.7062	167.1735	44.9200	78	-151	-64	100590	0.61 
366.404	-0.2393	0.1807	1.0313	1.7700	-4.3945	-7.0190	-1.6754	10.0085	165.9320	44.9200	79	-148	-67	100590	0.61 
366.482	-0.2476	-0.0239	0.9951	-5.9814	-8.2397	-0.4272	-2.1039	9.6570	165.5969	44.9200	81	-147	-69	100590	0.61 
366.607	-0.2148	-0.0454	1.0244	-5.3711	-0.5493	7.8125	-2.6147	9.5142	165.6738	44.9200	81	-147	-69	100590	0.61 
366.701	-0.1812	-0.0591	1.0317	-1.7090	1.5259	5.7983	-2.9169	9.5581	165.8441	44.9100	78	-147	-71	100590	0.61 
366.794	-0.1860	-0.0405	1.0396	-1.2817	2.0142	2.0142	-2.9718	9.8053	165.6683	44.9200	78	-150	-70	100590	0.61 
366.904	-0.1841	-0.0591	1.0273	-2.8076	2.7466	4.0283	-3.1641	10.0690	165.5530	44.9100	78	-149	-71	100590	0.61 
366.998	-0.1758	-0.0591	1.0332	-0.5493	3.0518	1.2817	-3.2629	10.2612	165.3992	44.9200	76	-152	-74	100590	0.61 
367.123	-0.1831	-0.0396	1.0308	-0.4883	2.6855	-1.5869	-3.2410	10.4260	164.8279	44.9100	78	-151	-75	100590	0.61 
367.232	-0.1836	-0.0410	1.0200	-0.2441	3.2349	-2.1362	-3.2794	10.6897	164.1632	44.9300	77	-149	-72	100590	0.61