StartTime: 2017-07-11 16:10:50.377
Time(s)	ax(g)	ay(g)	az(g)	wx(deg/s)	wy(deg/s)	wz(deg/s)	AngleX(deg)	AngleY(deg)	AngleZ(deg)	T(°)	hx	hy	hz	Pressure(Pa)	Altitude(m) 
100.920	-0.9761	0.0850	1.8701	0.0610	0.0610	0.6104	2.5983	28.5480	125.0793	38.7900	135	-153	265	100867	0.38 
100.982	-1.0083	0.0796	1.8848	-1.0986	-5.9204	0.1831	2.5708	28.3942	125.1123	38.8100	133	-155	266	100867	0.38 
101.092	-1.0059	0.0781	1.8916	-1.5869	-13.1836	-0.2441	2.3730	27.4603	124.9915	38.8200	134	-153	268	100867	0.38 
101.186	-0.9561	0.0674	1.8765	-0.6714	-21.7896	-1.7090	2.1808	25.6750	124.8157	38.8200	131	-154	265	100867	0.38 
101.296	-0.9116	0.0684	1.8706	0.3052	-27.8931	-1.7700	2.0984	23.1207	124.6948	38.8000	123	-153	254	100867	0.38 
101.421	-0.8608	0.0698	1.8706	1.1597	-37.5366	-1.2817	2.0764	20.1324	124.5740	38.8200	114	-151	243	100867	0.38 
101.499	-0.8149	0.0718	1.8711	1.7700	-49.4995	0.8545	2.1698	16.1993	124.6509	38.8300	106	-150	233	100867	0.38 
101.639	-0.7212	0.0898	1.8457	2.3193	-68.0542	1.6479	2.2687	10.8435	124.8761	38.8300	87	-150	216	100867	0.38 
101.702	-0.5781	0.0972	1.7603	0.9766	-87.1582	6.1646	2.3566	3.7463	125.6067	38.8400	63	-147	200	100867	0.38 
101.827	-0.3438	0.0425	1.6616	2.0752	-96.2524	12.8784	2.3676	-4.1803	127.2272	38.8300	34	-151	186	100867	0.38 
101.936	-0.2373	0.0522	1.5684	6.9580	-83.4351	-0.4883	2.3401	-11.4423	129.0619	38.8300	2	-150	174	100867	0.38 
102.031	-0.2046	0.0825	1.4272	7.3242	-74.0356	-1.6479	2.7795	-18.0945	131.2207	38.8300	-33	-144	166	100867	0.38 
102.155	-0.2021	0.1201	1.3535	5.1270	-70.8008	-2.0142	2.9169	-23.8788	134.3463	38.8300	-61	-146	163	100867	0.38 
102.265	0.0898	0.1309	1.2598	-0.3662	-64.3921	-10.6812	2.7301	-29.3939	137.9279	38.8400	-84	-146	169	100866	0.38 
102.343	0.2231	0.1553	1.0952	3.8452	-74.0356	-1.9531	2.0654	-34.1730	141.9269	38.8100	-106	-148	174	100867	0.38 
102.468	0.4351	0.1982	0.8477	7.6294	-52.7344	-1.7700	1.6809	-39.1608	146.5851	38.8300	-131	-147	183	100867	0.38 
102.561	0.0410	0.1318	0.9272	-0.4272	39.7339	3.1128	0.2032	-38.1610	152.8857	38.8300	-145	-143	190	100867	0.38 
102.656	0.0278	0.0938	0.9819	0.9766	9.3384	19.5313	-1.4063	-33.7939	158.0603	38.8200	-137	-143	187	100867	0.38 
102.765	-0.0464	0.0049	0.8506	-0.5493	5.0659	3.6621	-2.9718	-31.1792	163.0536	38.8100	-137	-143	187	100867	0.38 
102.859	0.0083	0.0322	1.0977	-1.4038	2.5635	2.6245	-3.7354	-28.2788	166.5802	38.8100	-130	-144	183	100867	0.38 
102.999	0.0005	0.0601	1.0039	-0.8545	2.2583	0.0000	-4.2737	-26.6089	169.8157	38.8100	-130	-142	184	100868	0.38 
103.062	-0.0405	0.0605	1.0503	-0.2441	-1.0376	-0.7324	-4.5319	-24.8456	172.6282	38.8000	-130	-142	186	100867	0.38 
103.187	-0.0142	0.0620	1.0352	-0.3662	3.1128	2.7466	-4.6857	-23.2526	175.4132	38.8100	-132	-144	182	100868	0.38 
103.281	-0.0186	0.0688	1.0576	0.7935	1.7090	-4.3335	-4.6802	-21.5277	177.7917	38.7900	-126	-145	185	100868	0.38 
103.390	-0.0225	0.0586	1.0776	-0.1221	-0.7324	-1.0986	-4.6252	-20.0500	-179.9176	38.8000	-125	-144	182	100868	0.38 
103.515	-0.0122	0.0244	1.0732	1.9531	0.4272	0.6104	-4.5099	-18.9240	-177.7423	38.8100	-127	-144	184	100867	0.38 
103.593	-0.0332	0.0249	1.0532	-4.9438	-11.1084	9.1553	-4.4110	-18.1879	-176.2592	38.8000	-129	-144	184	100867	0.38 
103.718	0.3408	0.0591	0.7188	-0.4272	-23.8647	-33.3252	-4.8120	-20.7477	-174.1278	38.7900	-131	-142	187	100867	0.38 
103.796	0.0352	0.2314	1.0195	-6.8970	69.3970	-2.3804	-3.4882	-17.8253	-174.2596	38.7600	-138	-141	187	100867	0.38 
103.906	0.0479	0.0337	1.0615	-7.0801	70.9229	2.8076	-3.8177	-10.3271	-172.1503	38.7500	-121	-144	180	100867	0.38 
104.015	-0.0801	0.0820	1.2412	-5.9814	95.3979	11.7188	-4.0155	-1.3184	-170.7825	38.7300	-94	-145	171	100867	0.38 
104.093	-0.0864	0.0332	1.3667	-5.7373	88.5010	10.0098	-4.2023	8.0914	-169.5795	38.7200	-71	-144	170	100866	0.38 
104.218	-0.2778	0.0557	1.4844	-1.7090	82.4585	-0.7935	-4.3176	16.4465	-170.3705	38.7000	-30	-144	168	100867	0.38 
104.296	-0.3096	0.0581	1.5962	-4.6387	84.3506	-9.7046	-4.7626	24.1974	-172.6666	38.6800	0	-144	171	100866	0.38 
104.421	-0.4790	0.0625	1.6870	-5.1270	85.9985	0.0610	-5.6689	31.7175	-175.4517	38.6900	29	-148	177	100866	0.38 
104.499	-0.6943	-0.0400	1.8306	4.7607	78.4302	11.7798	-5.5920	39.2212	-177.7533	38.6800	58	-147	195	100866	0.38 
104.640	-0.8706	0.0244	1.9082	2.9297	63.4155	2.9297	-5.8777	45.0989	178.8080	38.6500	82	-151	215	100866	0.38 
104.719	-0.9053	0.0713	1.8984	10.1318	40.0391	-9.8267	-6.9104	48.8947	173.9740	38.6500	106	-152	232	100865	0.38 
104.843	-1.0825	0.0396	1.9111	-1.0376	15.6860	13.3667	-6.4819	50.8557	170.7495	38.6500	117	-152	247	100865	0.38 
104.984	-0.9302	0.1079	1.8677	-3.7842	-2.7466	-4.8218	-6.8115	49.8450	168.2886	38.6300	122	-157	252	100864	0.38 
105.046	-0.8999	0.0308	1.8750	-4.7607	-3.0518	-6.3477	-7.9926	48.2739	164.6741	38.6200	126	-153	252	100865	0.38 
105.155	-0.9004	0.0474	1.8833	-1.4038	0.1831	-2.9907	-8.7561	46.5930	161.6638	38.6300	122	-153	251	100864	0.38 
105.280	-0.8994	0.0322	1.8599	2.0142	1.4038	-0.5493	-8.5529	45.4724	159.3457	38.6300	122	-151	253	100864	0.38 
105.343	-0.9102	0.0630	1.8662	5.6152	5.2490	5.6152	-7.8662	44.6979	157.1210	38.6300	124	-152	249	100864	0.38 
105.468	-0.9238	0.1069	1.8691	-0.3052	2.9297	4.6997	-6.8170	44.0112	155.9894	38.6500	126	-155	253	100863	0.38 
105.593	-0.9297	0.0503	1.8647	-4.4556	-2.5024	-3.9673	-6.8665	42.9126	154.1437	38.6600	127	-153	251	100863	0.38 
105.702	-0.9292	0.0244	1.8906	3.0518	-0.0610	1.2817	-7.1246	41.8250	151.8970	38.6500	127	-151	255	100863	0.38 
105.812	-0.9365	0.0791	1.8828	3.5400	-3.6621	4.6387	-6.2567	40.6549	150.7050	38.6600	128	-151	253	100863	0.38 
105.921	-0.9341	0.0796	1.8833	1.1597	-9.9487	1.2817	-5.3668	39.0399	149.7656	38.6700	123	-153	251	100863	0.38 
106.015	-0.8438	0.0562	1.8599	2.2583	-11.5967	-0.4272	-4.9054	36.9690	148.5297	38.6700	121	-156	249	100863	0.38 
106.124	-0.8408	0.0674	1.8457	2.3804	-4.3945	-0.4272	-4.2737	35.6396	147.4255	38.6600	119	-157	248	100864	0.38 
106.218	-0.9160	0.0806	1.8794	1.6479	-8.1787	-1.7090	-3.7518	34.4916	146.2775	38.6700	119	-155	245	100865	0.38 
106.328	-0.9009	0.0967	1.8867	-0.1831	-19.2871	-2.5024	-3.6475	32.5690	144.8108	38.6900	118	-151	241	100864	0.38 
106.469	-0.8496	0.0728	1.8770	-3.7231	-37.1704	-4.7607	-3.6584	29.3665	143.6682	38.6900	109	-153	238	100865	0.38 
106.562	-0.7437	0.0786	1.8481	0.4883	-58.4106	-4.2725	-3.8562	24.0601	142.3938	38.6800	99	-149	228	100864	0.38 
106.656	-0.6880	0.0796	1.8398	-2.0142	-70.0684	5.8594	-3.4332	18.0450	142.4487	38.7000	78	-148	212	100864	0.38 
106.765	-0.5962	0.0767	1.7642	-1.0376	-71.4111	1.8311	-3.1641	11.1292	143.2727	38.6900	53	-146	193	100865	0.38 
106.859	-0.4893	-0.0195	1.6655	-2.3804	-66.5283	-6.8970	-2.7576	3.9771	144.5801	38.7300	23	-141	180	100864	0.38 
106.953	-0.3564	-0.0044	1.5820	2.0142	-70.9839	1.4038	-2.6038	-2.2192	145.8545	38.7100	1	-144	172	100865	0.38 
107.062	-0.2813	0.1802	1.4199	5.6763	-73.3032	23.3765	-2.1918	-8.6847	148.8428	38.6900	-27	-140	165	100864	0.38 
107.156	-0.1699	-0.0308	1.3516	3.7842	-68.9087	5.0049	-2.1478	-14.1833	153.2758	38.7100	-51	-141	163	100864	0.38 
107.265	-0.0664	0.0894	1.1465	6.7749	-66.2842	-13.6719	-1.9061	-19.6710	155.5499	38.6800	-80	-146	165	100864	0.38 
107.374	-0.2124	0.0859	1.0376	4.5166	-60.3638	-23.9868	-1.0986	-24.2084	156.7035	38.6900	-96	-142	170	100864	0.38 
107.468	0.1934	0.2061	0.8735	5.1270	-60.9741	-2.3804	0.0824	-28.8666	158.0713	38.6800	-113	-146	177	100864	0.38 
107.576	-0.2661	0.0483	1.0947	-0.6714	10.0098	18.7988	-0.4065	-28.8940	162.9053	38.6700	-127	-144	183	100865	0.38 
107.685	-0.1768	-0.0190	1.1411	0.9766	-2.6245	18.3105	-1.5546	-26.0925	167.9150	38.6800	-127	-141	182	100864	0.38 
107.779	0.0049	0.0479	1.0586	-0.0610	11.4746	-0.6714	-2.3126	-24.5599	171.4142	38.6800	-129	-144	185	100864	0.38 
107.889	-0.0122	0.0801	1.0962	0.9155	-0.6104	0.7324	-2.6697	-22.5220	174.4519	38.6700	-127	-144	185	100865	0.38 
107.982	-0.0220	0.0815	1.0273	1.4038	-2.7466	-2.1362	-2.7521	-21.3794	177.1051	38.6700	-131	-141	182	100865	0.38 
108.092	-0.0156	0.0708	1.0415	0.7324	-2.0142	-3.7842	-2.6752	-20.1984	179.3298	38.6600	-128	-144	183	100865	0.38 
108.201	-0.0171	0.0581	1.0449	0.2441	-5.6763	-3.1738	-2.5983	-19.1766	-178.5004	38.6600	-131	-142	186	100865	0.38 
108.310	-0.0063	0.0566	1.0342	0.7935	-4.6387	-1.3428	-2.4884	-18.4460	-176.6547	38.6600	-129	-143	182	100865	0.38 
108.404	0.0078	0.0918	1.0063	0.8545	-2.4414	-1.4648	-2.3181	-17.6331	-174.6497	38.6600	-132	-143	184	100865	0.38 
108.514	-0.0029	0.0933	1.0220	0.7935	-2.0142	-1.0376	-2.1039	-16.6827	-172.7710	38.6500	-130	-145	183	100865	0.38 
108.608	-0.0073	0.0757	1.0190	0.3052	-1.7090	0.0000	-1.9226	-15.8038	-170.9253	38.6400	-132	-145	185	100865	0.38 
108.717	-0.0176	0.0796	1.0215	0.0610	-2.9297	-2.0752	-1.7688	-15.0238	-169.2828	38.6400	-134	-144	183	100865	0.38 
108.811	0.0034	0.0874	1.0322	0.0610	-1.6479	-3.9673	-1.5546	-14.2822	-167.8381	38.6200	-132	-148	187	100865	0.38 
108.921	-0.0391	0.0723	0.9951	0.8545	-10.0098	-2.1973	-1.3074	-13.9526	-166.4319	38.6200	-138	-144	189	100865	0.38 
109.014	-0.0303	0.0977	0.9746	1.7090	-7.2632	-0.8545	-0.9174	-13.5791	-165.1685	38.6200	-135	-144	190	100865	0.38 
109.107	0.0020	0.1299	0.9512	0.9155	-14.4653	-1.3428	-0.5328	-13.6670	-163.7952	38.6200	-139	-145	189	100865	0.38 
109.217	0.0566	0.1230	0.9746	-2.6855	-4.6997	-3.2959	-0.3406	-14.1229	-162.1802	38.6100	-143	-147	190	100866	0.38 
109.311	0.0464	0.1655	0.9336	-8.9722	-0.4272	-3.1738	-0.4395	-13.9746	-161.3507	38.6100	-145	-146	191	100865	0.38 
109.420	0.0977	0.0210	0.8169	-12.6953	46.9971	9.3384	-1.1591	-10.7666	-159.8785	38.6000	-142	-146	188	100865	0.38 
109.529	0.0313	-0.0166	1.0386	-6.5308	63.1714	7.6294	-1.9171	-4.6582	-157.4780	38.6100	-130	-141	180	100865	0.38 
109.639	-0.0845	0.0439	1.2256	-2.4414	78.3691	10.9863	-2.0929	2.4994	-156.0553	38.6000	-108	-138	176	100864	0.38 
109.717	-0.0562	0.0303	1.2617	-1.7700	67.9321	9.8267	-2.0325	9.8657	-155.0555	38.6100	-84	-138	166	100864	0.38 
109.889	-0.1426	0.0313	1.4287	0.4272	61.8896	10.7422	-1.7468	16.0730	-154.6655	38.6000	-56	-139	165	100864	0.38 
109.936	-0.2202	-0.0073	1.5239	-0.7935	59.5093	-1.4648	-1.6150	21.4508	-155.3741	38.5900	-35	-141	166	100864	0.38 
110.030	-0.3037	-0.0146	1.5835	-4.0283	62.8052	-10.5591	-2.3730	26.6418	-157.8680	38.5900	-14	-144	168	100864	0.38 
110.139	-0.4067	-0.0020	1.6475	-2.8076	59.8145	-7.4463	-3.6200	31.7725	-161.5155	38.5900	9	-141	174	100864	0.38 
110.233	-0.4688	0.0303	1.7539	1.5869	62.8662	-5.5542	-4.5264	36.7163	-165.3497	38.5900	31	-141	181	100864	0.38 
110.358	-0.6157	0.0356	1.7495	5.7373	61.4014	10.1318	-4.5264	41.6052	-168.6182	38.5800	54	-144	193	100864	0.38 
110.498	-0.7881	0.0601	1.8506	9.9487	61.6455	6.7139	-3.9056	46.4117	-171.6174	38.5600	81	-149	211	100864	0.38 
110.561	-0.8057	0.0625	1.8647	3.2959	59.2041	-2.3193	-3.5156	50.9326	-174.8859	38.5800	97	-154	225	100864	0.38 
110.671	-0.9121	0.0801	1.9048	1.2817	49.7437	-7.0190	-5.3229	54.9316	179.7693	38.5800	117	-155	242	100864	0.38 
110.764	-1.0298	0.0298	1.9023	3.9673	30.0903	-10.2539	-7.6685	56.9861	173.7762	38.5800	129	-157	257	100864	0.38 
110.889	-1.0957	0.1035	1.8926	-2.8076	16.9067	-0.3052	-9.1516	57.2333	168.8269	38.5600	136	-155	264	100864	0.38 
111.030	-1.0425	0.0649	1.8926	-2.0752	11.6577	-1.3428	-10.0305	56.8707	165.4761	38.5700	139	-153	272	100864	0.38 
111.076	-1.0664	0.0381	1.8994	-0.6714	-6.1035	0.0000	-10.5963	55.4974	162.1692	38.5900	142	-151	274	100864	0.38 
111.201	-1.0347	0.0713	1.8716	-2.4414	-4.5776	-1.2817	-10.5029	53.4265	159.8456	38.5700	143	-154	273	100864	0.38 
111.295	-1.0093	0.0303	1.8813	-2.3804	-6.5918	-2.0142	-10.7776	51.3062	157.1759	38.5900	145	-152	273	100863	0.38 
111.405	-1.0151	0.0425	1.8853	-0.6104	-7.1411	-0.7324	-10.6183	49.2462	155.0336	38.5800	141	-153	272	100863	0.38 
111.514	-1.0269	0.0488	1.8970	-1.0376	-20.4468	-6.1035	-10.3931	46.7084	152.9626	38.5900	138	-152	269	100864	0.38 
111.639	-0.9951	0.0298	1.8945	-2.7466	-33.2642	-5.1270	-10.3107	42.8412	151.0291	38.6000	131	-151	261	100864	0.38 
111.718	-0.9546	0.0293	1.8804	-2.9297	-53.8330	-2.6245	-9.8822	37.6337	149.8096	38.6000	123	-144	248	100863	0.38 
111.842	-0.8281	0.0654	1.8975	2.9297	-76.7212	4.3945	-8.8715	30.5640	149.1614	38.6200	107	-141	229	100863	0.39 
111.967	-0.6592	0.0225	1.7778	-0.5493	-83.3130	26.1841	-6.9708	21.6705	151.2103	38.6400	77	-144	212	100863	0.38 
112.046	-0.4766	0.0024	1.7104	-0.1221	-83.7402	6.1646	-5.8557	13.5846	152.9407	38.6300	48	-147	190	100863	0.39 
112.202	-0.3042	0.0063	1.5610	2.9907	-94.0552	3.9063	-5.1196	5.0043	154.2041	38.6100	17	-144	173	100863	0.38 
112.280	-0.2158	0.0420	1.4346	2.9907	-91.6748	-1.9531	-4.5538	-3.4937	156.1267	38.6200	-18	-142	165	100863	0.38 
112.358	-0.2593	-0.0806	1.3369	-1.7700	-83.5571	0.9155	-4.8230	-11.2335	159.1699	38.6200	-50	-142	166	100863	0.39 
112.483	0.0215	0.0161	1.2778	3.4180	-79.2236	-14.5874	-4.9054	-18.6603	161.3617	38.6100	-81	-137	166	100863	0.39 
112.561	0.2925	0.1294	1.0078	3.1738	-77.2095	-20.2026	-4.6637	-24.9664	163.7402	38.6200	-111	-137	174	100863	0.39 
112.670	0.6328	0.1865	0.6660	3.2349	-30.4565	5.8594	-3.7024	-29.6301	166.1627	38.6100	-128	-138	181	100863	0.38 
112.780	0.1489	0.0034	0.8774	7.2632	28.4424	9.8877	-4.2682	-27.6691	171.0626	38.6000	-139	-136	188	100864	0.38 
112.858	-0.0854	0.0337	0.9580	4.6997	5.5542	4.6387	-4.3121	-24.0546	174.5233	38.6000	-134	-138	185	100863	0.38 
113.014	-0.0313	0.0459	1.1172	0.3052	2.7466	-3.1128	-4.2572	-21.2201	176.9293	38.6100	-128	-141	185	100864	0.38 
113.077	-0.0332	0.0386	1.0723	-0.7935	-2.1973	0.3662	-4.4330	-19.7150	179.4397	38.6100	-127	-140	180	100864	0.38 
113.186	-0.0112	0.0332	1.0918	-0.4272	1.1597	-2.0142	-4.4934	-18.3472	-178.4125	38.6000	-125	-141	181	100864	0.38 
113.265	-0.0054	0.0298	1.0562	0.0000	1.3428	1.0986	-4.5099	-17.1277	-176.1658	38.6000	-124	-139	181	100865	0.38 
113.420	-0.0215	0.0352	1.0791	0.1831	0.6104	0.6104	-4.4330	-15.8423	-174.1003	38.6000	-123	-137	178	100864	0.38 
113.483	-0.0137	0.0371	1.0732	-0.4272	1.2207	-0.1221	-4.3781	-14.7656	-172.0514	38.6000	-123	-137	179	100865	0.38 
113.624	-0.0269	0.0366	1.0757	-0.0610	-0.3662	0.4883	-4.2407	-13.8702	-170.3430	38.6100	-123	-138	183	100865	0.38 
113.702	-0.0166	0.0278	1.0752	-0.0610	-1.4038	-0.1221	-4.1199	-13.0408	-168.5797	38.6100	-121	-137	178	100865	0.38 
113.780	-0.0146	0.0474	1.0659	0.1221	-1.2817	0.6714	-3.9606	-12.2113	-166.9153	38.6100	-127	-137	180	100864	0.38 
113.920	-0.0132	0.0386	1.0664	0.1831	-1.5259	0.0000	-3.7628	-11.4807	-165.3442	38.6100	-125	-138	181	100864	0.38 
114.014	-0.0176	0.0376	1.0684	0.1221	-1.3428	-0.1221	-3.5760	-10.8655	-163.8666	38.6200	-122	-140	178	100864	0.38 
114.109	-0.0098	0.0601	1.0718	0.4883	-3.2349	1.3428	-3.3893	-10.4205	-162.4658	38.6100	-125	-138	182	100864	0.38 
114.202	0.0620	0.0264	0.9297	-1.3428	-14.5264	-4.6997	-3.2574	-11.6895	-161.5320	38.6100	-133	-137	184	100864	0.38 
114.296	0.0981	0.0791	0.9307	-5.3101	-13.6719	-14.1602	-3.1586	-13.2770	-161.2024	38.6100	-135	-137	187	100864	0.38 
114.420	0.1362	0.2329	0.8511	-5.9204	14.5264	-24.7192	-2.8455	-13.7494	-161.3892	38.6000	-142	-138	188	100863	0.38 
114.499	0.1152	0.0347	0.9063	-5.7983	66.8335	10.6201	-2.6312	-8.8275	-160.2631	38.6100	-134	-141	184	100863	0.38 
114.624	-0.1353	-0.0195	1.1699	-2.6855	76.7822	1.4648	-2.9388	-1.3953	-158.8074	38.5800	-112	-141	177	100863	0.38 
114.717	-0.2729	0.0605	1.2881	-5.7983	82.4585	2.3193	-3.0707	7.1082	-158.5492	38.6000	-89	-141	168	100863	0.38 
114.842	-0.1807	0.0586	1.3955	0.0000	74.0967	2.8076	-2.9883	14.5789	-158.6591	38.6100	-60	-140	167	100863	0.39 
114.936	-0.1812	0.0859	1.5264	-1.2207	70.0073	-4.1504	-2.8455	21.1432	-160.0488	38.6200	-34	-141	166	100863	0.39 
115.030	-0.3491	0.0801	1.6152	-2.2583	74.2188	-3.1128	-3.2684	27.4384	-162.1692	38.6200	-9	-145	172	100862	0.39 
115.155	-0.4248	0.0894	1.7207	-2.9297	73.4253	-3.1738	-4.0210	33.7225	-165.3827	38.6100	21	-146	176	100862	0.39 
115.249	-0.5420	0.0771	1.7314	-1.4038	78.2471	2.8076	-4.8120	39.8419	-168.7445	38.6300	48	-146	191	100862	0.39 
115.358	-0.7246	0.0708	1.7803	2.3804	84.5947	9.0942	-5.3009	46.5710	-172.3920	38.6100	74	-148	204	100862	0.39 
115.452	-0.9331	0.0620	1.8774	-2.3804	74.5239	-16.0522	-8.0695	53.2892	-178.5828	38.6200	102	-150	228	100862	0.39 
115.546	-1.0586	0.0488	1.8960	0.0000	46.8750	-7.7515	-11.0797	57.4969	174.6277	38.6200	124	-147	251	100862	0.39 
115.671	-1.1436	0.0469	1.8906	0.9766	28.5645	-0.6714	-13.1342	59.1284	168.9807	38.6200	139	-147	266	100862	0.39 
115.749	-1.1104	0.0928	1.9077	1.5869	10.2539	5.3101	-13.4363	59.3811	165.3497	38.6300	146	-147	277	100862	0.39 
115.874	-1.0767	0.0747	1.8794	-0.9155	-4.6997	0.2441	-12.9034	57.6947	162.9492	38.6200	144	-147	277	100863	0.39 
115.983	-1.0503	0.0552	1.8721	-1.2207	-4.9438	0.5493	-12.8320	55.4645	160.3125	38.6300	147	-150	277	100862	0.39 
116.077	-1.0386	0.0586	1.8735	0.1221	-4.2725	0.8545	-12.4200	53.4540	158.0933	38.6300	147	-150	275	100862	0.39 
116.187	-1.0342	0.0693	1.8794	0.4883	-3.8452	0.0610	-11.9641	51.5918	155.9070	38.6500	144	-148	274	100862	0.39 
116.327	-1.0303	0.0669	1.8745	-0.3052	-3.9673	-0.6104	-11.5356	49.7845	153.8361	38.6400	142	-149	274	100862	0.39 
116.389	-1.0366	0.0640	1.8784	0.0000	-5.3711	-0.7935	-11.1072	47.9938	151.8970	38.6300	144	-146	271	100862	0.39 
116.514	-1.0220	0.0601	1.8823	-0.1831	-8.6060	-1.0986	-10.5634	46.1151	150.1776	38.6600	141	-149	270	100862	0.39 
116.624	-1.0381	0.0708	1.8916	-0.7324	-21.1182	-1.9531	-9.9976	43.4564	148.6780	38.6300	137	-148	265	100862	0.39 
116.749	-0.9937	0.0532	1.8950	-0.9155	-34.7290	-1.4648	-9.2780	39.6991	147.5574	38.6600	133	-148	256	100862	0.39 
116.843	-0.9116	0.0586	1.8857	1.4038	-54.8706	0.1221	-8.3606	34.4806	146.8707	38.6600	121	-145	248	100862	0.39 
116.937	-0.8555	0.0571	1.8652	2.1362	-77.2705	4.8828	-6.9653	27.5153	147.0245	38.6700	106	-142	229	100862	0.39 
117.046	-0.7012	0.0820	1.7251	0.0610	-96.1914	18.0664	-5.4547	18.4076	148.3978	38.6500	77	-143	207	100862	0.39 
117.140	-0.6294	0.0532	1.6846	5.3101	-105.9570	15.4419	-4.1748	9.1571	150.5292	38.6500	38	-145	188	100862	0.39 
117.265	-0.2402	0.0503	1.5630	5.0049	-105.7129	-3.8452	-3.2080	-0.3571	151.7871	38.6800	5	-145	173	100862	0.39 
117.358	-0.2148	0.0142	1.3481	12.2681	-103.0884	-5.2490	-2.3730	-10.1678	153.3911	38.6600	-31	-145	169	100862	0.39 
117.468	-0.0142	0.1646	1.1895	18.0664	-93.1396	-26.3672	-0.6427	-19.1602	154.4183	38.6600	-69	-148	167	100862	0.39 
117.562	0.1787	0.3359	0.8970	12.8174	-102.4780	-21.8506	1.6754	-26.8066	155.0665	38.6500	-104	-153	174	100862	0.39 
117.671	0.1855	0.2954	0.6382	0.1221	-35.8887	27.2827	2.7686	-33.0029	158.8513	38.6400	-129	-152	183	100863	0.39 
117.780	-0.1504	0.1763	1.1436	0.0000	36.1328	21.2402	0.6372	-29.1412	164.8499	38.6400	-135	-151	188	100863	0.39 
117.874	-0.0264	0.0010	0.9282	-1.1597	21.0571	2.8687	-1.5436	-26.0870	170.7275	38.6500	-133	-145	186	100863	0.38 
117.968	-0.0352	0.0239	1.1001	0.0000	10.3760	-0.7935	-2.0325	-22.9230	173.6060	38.6400	-131	-143	181	100863	0.38 
118.124	-0.0488	0.0142	1.1104	0.6714	2.4414	7.2632	-2.4664	-20.6873	176.9019	38.6500	-124	-144	180	100863	0.38 
118.187	-0.0156	0.0386	1.0967	-0.2441	3.7231	-0.4272	-2.6587	-18.9734	179.5331	38.6200	-124	-142	179	100863	0.39 
118.296	-0.0127	0.0703	1.0703	0.5493	0.4272	-2.1362	-2.6862	-17.7155	-178.4290	38.6400	-119	-146	181	100863	0.38 
118.390	-0.0283	0.0781	1.0928	-0.3052	-1.1597	-0.6714	-2.5378	-16.5399	-176.5228	38.6400	-124	-146	181	100862	0.39 
118.515	-0.0171	0.0317	1.0913	-0.6104	0.2441	1.7700	-2.5488	-15.4633	-174.5563	38.6300	-123	-145	181	100862	0.39 
118.593	-0.0186	0.0400	1.0869	-0.0610	1.2207	0.3052	-2.5928	-14.4250	-172.5787	38.6400	-122	-148	182	100863	0.39 
118.702	-0.0186	0.0566	1.0903	0.0000	0.1831	-0.4272	-2.5214	-13.4418	-170.8319	38.6200	-122	-146	182	100863	0.39 
118.796	-0.0132	0.0566	1.0864	-0.0610	0.3052	0.3662	-2.4060	-12.5189	-169.1675	38.6200	-120	-146	180	100863	0.38 
118.905	-0.0313	0.0171	1.0928	0.4272	-0.8545	-1.6479	-2.2797	-11.6895	-167.6569	38.6100	-119	-147	181	100863	0.38 
119.000	-0.0010	0.0454	1.1084	-0.6714	-1.6479	-3.9673	-2.1039	-11.0632	-166.5582	38.6200	-122	-144	179	100863	0.38 
119.108	-0.1050	0.0601	1.0308	-2.2583	-25.6958	2.8076	-2.0215	-11.4752	-165.2618	38.6200	-125	-143	185	100863	0.38 
119.203	0.1685	-0.0015	0.7915	-7.1411	-67.9321	-42.6636	-2.3730	-13.7769	-163.9270	38.6200	-129	-145	184	100863	0.38 
119.312	0.1885	0.2192	0.6592	-2.9297	10.4370	-25.5737	-1.2140	-15.2820	-165.5310	38.6300	-140	-147	189	100863	0.38 
119.419	0.0840	0.1377	0.9019	-12.2070	56.5186	8.4839	-1.3403	-10.4150	-164.0753	38.6200	-133	-143	185	100864	0.38 
119.528	0.0703	0.1230	1.1499	-13.5498	70.7397	0.5493	-2.3566	-3.7573	-162.7240	38.6100	-115	-144	180	100864	0.38 
119.622	-0.0815	0.0376	1.2632	-5.6152	83.5571	17.4561	-2.6587	4.2957	-161.3342	38.6300	-90	-141	168	100864	0.38 
119.716	-0.1968	0.0532	1.3838	-3.4790	84.2896	12.1460	-2.7136	12.5189	-160.1587	38.6400	-65	-138	169	100864	0.38 
119.825	-0.2246	0.0405	1.4883	-2.2583	84.8999	1.1597	-2.7081	20.2643	-160.5707	38.6100	-33	-139	167	100864	0.38 
119.919	-0.3433	0.0596	1.5693	-3.5400	83.6182	-3.5400	-3.4442	27.8668	-163.0701	38.6200	-4	-141	171	100864	0.38 
120.044	-0.4507	0.0015	1.6846	-2.0142	80.8716	-1.6479	-4.0759	34.9695	-166.0199	38.6300	25	-142	181	100864	0.38 
120.184	-0.6572	-0.0264	1.6982	3.4180	100.7080	-7.0801	-4.5648	42.1161	-169.6674	38.6200	57	-147	195	100864	0.38 
120.247	-0.8916	0.0000	1.9424	15.9912	93.2617	-13.9160	-6.2567	50.8887	-176.4020	38.6100	88	-150	218	100864	0.38 
120.325	-1.0493	0.2085	1.9248	-4.0283	37.5977	0.3052	-7.8552	55.4315	178.1927	38.6100	115	-148	241	100863	0.38 
120.450	-1.0244	-0.0063	1.8794	-0.6104	30.8838	-11.0474	-8.1958	56.8213	175.0726	38.6200	129	-151	257	100863	0.38 
120.591	-1.0532	0.1094	1.8989	4.2114	5.6152	-10.4980	-11.3104	56.9257	167.9700	38.6100	137	-148	262	100863	0.38 
120.653	-1.0747	0.1714	1.9429	-10.2539	-1.7700	18.1274	-10.1843	55.2942	166.8658	38.6400	136	-151	267	100863	0.39 
120.778	-0.9780	-0.0161	1.8789	0.0000	-3.2349	-6.1646	-10.0360	53.3496	164.8883	38.6200	136	-154	266	100863	0.38 
120.857	-0.9644	0.0659	1.8638	0.0000	-9.4604	0.7324	-10.3601	50.9930	161.7242	38.6200	136	-151	263	100863	0.39 
120.966	-0.8828	0.0562	1.8125	2.4414	-1.7700	-1.8921	-9.3823	48.8837	160.2081	38.6200	135	-150	262	100863	0.38 
121.138	-0.9907	0.0830	1.9106	-0.3662	-3.1738	5.3711	-9.0857	47.8070	157.7252	38.6200	134	-152	260	100863	0.38 
121.200	-0.9272	0.0649	1.8379	-0.6104	-1.0376	-2.1362	-8.4595	46.0931	156.3574	38.6300	133	-154	265	100863	0.39 
121.310	-0.9004	0.0317	1.8472	-1.0986	-3.5400	0.6714	-8.4650	44.6759	154.1052	38.6400	134	-154	262	100863	0.38 
121.404	-0.9761	0.0747	1.8701	3.0518	-17.5781	3.1738	-7.6740	42.5720	152.6715	38.6400	131	-151	256	100863	0.38 
121.513	-0.9980	0.0713	1.8970	1.5869	-43.1519	5.4321	-6.4215	38.8367	152.1277	38.6400	125	-153	251	100863	0.38 
121.638	-0.9087	0.0347	1.8682	4.9438	-73.4863	-5.0659	-5.3174	32.4261	151.3641	38.6500	113	-151	240	100863	0.38 
121.731	-0.7710	0.0977	1.8140	2.9297	-97.3511	14.2822	-3.8562	23.5767	151.3312	38.6300	87	-153	215	100863	0.38 
121.810	-0.4229	0.0630	1.7563	-0.1831	-99.2432	7.1411	-2.9279	13.8593	152.4628	38.6400	54	-150	194	100863	0.39 
121.935	-0.3193	0.0625	1.5474	2.9297	-111.0229	8.1787	-2.1588	3.4552	153.6658	38.6400	13	-153	176	100863	0.39 
122.029	-0.1831	0.0044	1.3696	3.0518	-104.4922	-1.9531	-1.8018	-6.7841	155.2039	38.6300	-21	-151	168	100862	0.39 
122.153	-0.2329	0.0527	1.2827	9.5825	-98.0225	-5.6763	-1.4612	-15.4138	157.4011	38.6300	-64	-150	169	100862	0.39 
122.232	0.0107	0.0537	1.0659	8.9722	-94.1162	-12.7563	-0.6537	-23.1262	159.3292	38.6000	-95	-152	172	100863	0.39 
122.356	-0.0825	0.2480	0.6855	10.5591	-95.6421	6.0425	1.0382	-31.2012	160.7520	38.5900	-124	-154	179	100862	0.39 
122.435	-0.0928	0.0610	0.8813	-0.3052	19.1040	29.7852	0.2252	-31.9922	167.3438	38.5900	-145	-151	193	100863	0.39 
122.560	-0.0957	-0.0869	0.9722	2.3193	13.6719	12.9395	-2.2302	-28.0371	173.6938	38.5900	-145	-143	192	100863	0.38 
122.654	-0.0610	0.1152	1.2407	-2.8687	34.8511	-22.0337	-2.3621	-23.2141	175.6274	38.5800	-136	-146	188	100864	0.38 
122.778	-0.0137	0.0396	1.1577	0.0610	0.0000	1.4038	-2.6862	-20.7257	178.2312	38.5900	-131	-145	182	100864	0.38 
122.873	-0.0151	0.0781	1.0903	-0.5493	-0.2441	-7.4463	-2.7026	-19.5721	-179.8737	38.5700	-128	-145	183	100864	0.38 
122.966	0.0044	0.1240	1.0137	-3.1738	2.3193	2.6855	-2.7136	-18.4680	-177.8906	38.5700	-128	-145	183	100864	0.38 
123.091	-0.0381	0.0229	1.0928	-1.7700	9.0332	0.1221	-3.0487	-16.6498	-175.5231	38.5800	-130	-146	184	100863	0.38 
123.169	-0.0337	0.0239	1.1001	-0.2441	0.7935	3.1738	-3.1805	-15.2271	-173.5345	38.5800	-125	-148	178	100863	0.38 
123.278	-0.0044	0.0669	1.0591	0.8545	0.4272	0.9155	-3.0377	-14.2657	-171.6504	38.5700	-126	-145	179	100863	0.39 
123.388	-0.0112	0.0542	1.0747	-0.1221	2.5635	-0.3052	-2.8674	-13.1781	-169.8267	38.5700	-123	-143	179	100863	0.39 
123.482	-0.0220	0.0430	1.0898	-0.5493	0.1831	0.0610	-2.8070	-12.1619	-168.1842	38.5700	-124	-147	180	100863	0.39 
123.576	-0.0122	0.0347	1.0742	0.3052	-0.1831	-0.6714	-2.6971	-11.3763	-166.6956	38.5700	-125	-146	181	100863	0.39 
123.669	-0.0024	0.0674	1.0835	0.0610	-2.1362	-2.0142	-2.4554	-10.7391	-165.4596	38.5700	-125	-146	178	100863	0.39 
123.794	-0.0571	0.0713	1.0806	0.0610	-8.5449	-0.2441	-2.1918	-10.3436	-164.3445	38.5700	-127	-147	181	100863	0.39 
123.873	-0.0137	0.0298	1.0981	-0.1221	-8.5449	-6.3477	-2.0270	-9.9866	-163.1799	38.5600	-126	-145	183	100863	0.39 
123.997	-0.0952	0.0640	1.0625	-2.2583	-17.8223	-1.7700	-1.9171	-10.6403	-162.1802	38.5600	-128	-146	183	100863	0.39 
124.092	0.3022	0.0337	0.6475	-0.2441	-36.3770	0.2441	-1.8732	-13.6176	-161.0980	38.5700	-138	-147	187	100863	0.39 
124.216	0.1895	0.2427	0.7939	-3.6011	29.7852	-5.9204	-1.0107	-13.3209	-161.0596	38.5600	-141	-144	188	100863	0.39 
124.341	0.0640	0.0264	1.0088	-7.0801	64.0259	8.0566	-1.2360	-8.2288	-159.5160	38.5500	-131	-146	185	100863	0.39 
124.419	-0.1318	0.0576	1.1538	-2.1973	63.3545	2.4414	-1.5765	-1.3513	-158.2855	38.5600	-117	-147	179	100863	0.39 
124.513	-0.1177	0.0313	1.2861	-4.5166	76.0498	-3.2959	-1.7908	6.2183	-157.9285	38.5800	-95	-146	174	100862	0.39 
124.607	-0.1255	0.0566	1.3599	-5.6763	73.5474	-12.8784	-2.2412	13.2990	-158.8733	38.5600	-65	-147	165	100862	0.39 
124.779	-0.2100	0.1440	1.4927	-5.0659	68.7256	-7.8735	-2.8015	19.8853	-160.8948	38.5600	-39	-146	168	100862	0.39 
124.825	-0.3120	0.0952	1.5571	-0.1221	61.4624	3.2959	-2.9333	25.5872	-162.6416	38.5700	-13	-147	169	100862	0.39 
124.920	-0.4077	0.0137	1.6768	3.6621	65.4297	9.3384	-2.5159	31.1353	-163.8391	38.5600	13	-149	173	100862	0.39 
125.029	-0.4688	0.0884	1.7373	-0.6714	68.3594	5.4321	-2.3511	36.6888	-165.7617	38.5600	35	-149	179	100861	0.39 
125.123	-0.6226	0.0869	1.7803	-6.3477	57.8613	-10.2539	-3.3618	41.4459	-169.2773	38.5600	56	-154	196	100861	0.39 
125.216	-0.7354	0.0825	1.8184	-12.8784	58.5938	-15.4419	-6.1414	45.7855	-174.6277	38.5700	75	-151	208	100861	0.39 
125.388	-0.8184	-0.0229	1.8843	-6.7749	55.7861	-10.3149	-9.5526	50.1031	179.3848	38.5900	98	-147	226	100861	0.39 
125.451	-0.9067	-0.0166	1.8657	-3.6011	25.3296	1.8921	-11.3928	51.7236	174.3475	38.5800	111	-143	238	100861	0.39 
125.529	-1.0430	0.0361	1.8579	-3.0518	22.4609	-0.2441	-12.5024	52.7399	170.3320	38.5800	122	-144	252	100861	0.39 
125.654	-0.9624	0.0278	1.8906	1.8311	3.1738	2.6855	-13.1287	52.8333	166.5857	38.5700	128	-143	254	100861	0.39 
125.779	-0.9556	0.0293	1.9082	0.5493	-0.3662	-2.0752	-12.9694	51.3666	163.6578	38.5800	131	-144	257	100861	0.39 
125.857	-0.9609	0.0449	1.8706	0.1831	-4.5166	-1.7700	-12.7826	49.4769	160.9332	38.5600	130	-144	254	100861	0.39 
126.013	-0.9458	0.0435	1.8984	-0.4883	-6.1646	-0.3052	-12.6013	47.6587	158.4778	38.5700	131	-144	255	100861	0.39 
126.091	-0.9150	0.0361	1.8774	-2.0142	-2.7466	0.8545	-12.1674	45.9174	156.5497	38.5900	126	-143	253	100861	0.39 
126.216	-0.9165	0.0122	1.8770	-0.1221	0.5493	0.0000	-11.9257	44.5111	154.5062	38.5900	126	-144	251	100861	0.39 
126.294	-0.9233	0.0186	1.8779	2.5635	3.1128	-0.4883	-11.4587	43.4729	152.5177	38.5900	127	-143	251	100862	0.39 
126.404	-0.9395	0.0430	1.8833	2.7466	2.3193	2.6245	-10.6238	42.6489	150.7874	38.5800	128	-144	253	100862	0.39 
126.498	-0.9370	0.0566	1.8774	1.0376	1.1597	0.3662	-9.9097	41.8524	149.2877	38.5800	132	-146	259	100862	0.39 
126.638	-0.9419	0.0352	1.8677	-0.5493	-0.7935	-0.4272	-9.4812	40.8746	147.6892	38.5900	129	-142	257	100862	0.39 
126.748	-0.9346	0.0381	1.8696	-0.9155	-2.8076	-3.8452	-9.2175	39.8309	146.0028	38.6000	130	-144	255	100862	0.39 
126.826	-0.9277	0.0278	1.8784	1.5869	-0.3052	0.7935	-8.8220	38.8916	144.5471	38.5900	127	-145	255	100862	0.39 
126.936	-0.9351	0.0444	1.8760	1.9531	1.6479	1.1597	-8.1519	38.2159	143.4155	38.6100	130	-146	256	100862	0.39 
127.060	-0.9360	0.0479	1.8799	1.7090	2.8687	1.0986	-7.4927	37.6556	142.3114	38.6000	130	-145	259	100862	0.39 
127.154	-0.9634	0.0381	1.8989	1.3428	1.5259	1.1597	-6.8445	37.1173	141.3336	38.6000	133	-145	255	100862	0.39 
127.279	-0.9502	0.0527	1.8853	0.4883	1.5869	-0.0610	-6.3116	36.4966	140.3503	38.6000	131	-146	257	100862	0.39 
127.373	-0.9468	0.0493	1.8799	-0.0610	1.0376	-0.2441	-5.9326	35.9363	139.3231	38.6000	130	-144	257	100862	0.39 
127.498	-0.9478	0.0503	1.8789	0.2441	1.3428	-0.2441	-5.5426	35.5133	138.3728	38.5900	130	-145	258	100863	0.39 
127.561	-0.9619	0.0542	1.8857	0.6104	0.6104	0.5493	-5.1361	35.0903	137.5104	38.6200	130	-145	256	100863	0.39 
127.686	-0.9658	0.0542	1.8926	0.6104	0.2441	1.2207	-4.7131	34.6234	136.7468	38.6200	131	-144	261	100863	0.38 
127.857	-0.9458	0.0557	1.8750	-0.3052	0.7935	0.3662	-4.3451	34.0961	136.0107	38.6200	133	-145	259	100863	0.39 
127.935	-0.9536	0.0522	1.8750	0.0000	0.4272	-0.1221	-4.0320	33.6951	135.2911	38.6100	129	-144	258	100863	0.38 
128.013	-0.9497	0.0513	1.8730	-0.1831	-0.1831	0.1221	-3.7683	33.2941	134.5770	38.6100	132	-148	260	100863	0.38 
128.138	-0.9492	0.0474	1.8784	0.0000	0.2441	-0.2441	-3.5101	32.9480	133.8904	38.6100	127	-142	260	100863	0.38 
128.232	-0.9473	0.0513	1.8726	0.3662	0.6714	-0.1831	-3.2245	32.5854	133.2806	38.6100	134	-150	259	100863	0.39 
128.326	-0.9517	0.0571	1.8765	0.4272	-2.1973	0.2441	-2.9004	32.2339	132.7203	38.6100	135	-144	258	100863	0.38 
128.435	-0.9575	0.0552	1.8828	0.1831	-0.9766	0.0610	-2.6422	31.8823	132.1600	38.6200	129	-147	259	100863	0.38 
128.545	-0.9668	0.0522	1.8867	0.0000	-1.0376	-0.1221	-2.4500	31.5253	131.6492	38.6200	130	-149	258	100863	0.38 
128.654	-0.9526	0.0522	1.8823	-0.0610	-0.4883	-0.2441	-2.2467	31.1792	131.1987	38.6300	130	-148	257	100864	0.38 
128.779	-0.9517	0.0522	1.8809	0.1831	-1.0986	0.0000	-2.0544	30.8716	130.7648	38.6200	131	-147	257	100864	0.38 
128.873	-0.9331	0.0532	1.8643	-0.0610	0.0000	0.0610	-1.8292	30.6079	130.3912	38.6300	131	-148	256	100863	0.38 
128.951	-0.9526	0.0537	1.8838	-0.3052	0.3052	-0.6714	-1.6370	30.3003	129.9957	38.6200	130	-146	257	100864	0.38 
129.076	-0.9541	0.0552	1.8833	-0.3662	-0.1831	-0.6104	-1.5381	30.0586	129.5343	38.6200	130	-145	259	100864	0.38 
129.186	-0.9448	0.0488	1.8779	0.0610	-0.3052	0.2441	-1.3898	29.8718	129.1608	38.6400	127	-147	256	100864	0.38 
129.279	-0.9517	0.0537	1.8813	0.0610	-0.0610	0.0000	-1.2140	29.6906	128.8586	38.6200	130	-145	257	100864	0.38