StartTime: 2017-07-21 14:57:18.641
Time(s)	ChipTime	ax(g)	ay(g)	az(g)	wx(deg/s)	wy(deg/s)	wz(deg/s)	AngleX(deg)	AngleY(deg)	AngleZ(deg)	T(°)	hx	hy	hz	Pressure(Pa)	Altitude(m) 
96.212	2015-01-01 00:11:45.640	0.0439	0.1138	1.0059	-0.3052	2.4414	-2.5635	5.4767	1.9281	55.7062	49.0300	356	182	-248	100803	0.44 
96.227	2015-01-01 00:11:45.680	0.0420	0.1167	1.0132	-0.6714	2.5024	-2.4414	5.4767	1.9446	55.7227	48.9300	357	180	-249	100803	0.44 
96.259	2015-01-01 00:11:45.720	0.0488	0.1069	1.0264	-1.0986	1.0376	-2.3193	5.4547	1.9116	55.7446	48.8400	354	187	-245	100802	0.44 
96.306	2015-01-01 00:11:45.760	0.0596	0.1035	1.0029	-0.5493	1.9531	-2.3193	5.4272	1.8402	55.7611	49.0300	353	190	-244	100802	0.44 
96.337	2015-01-01 00:11:45.800	0.0342	0.1025	1.0205	-0.6104	2.5635	-2.1973	5.4163	1.8567	55.7666	48.8400	354	186	-246	100802	0.44 
96.415	2015-01-01 00:11:45.840	0.0601	0.0942	1.0020	-1.5259	0.3662	-4.4556	5.3778	1.8073	55.7391	48.8400	355	183	-248	100803	0.44 
96.446	2015-01-01 00:11:45.880	0.0776	0.0996	1.0396	-0.0610	0.1221	-3.2959	5.3778	1.7194	55.7446	48.9800	353	179	-251	100803	0.44 
96.462	2015-01-01 00:11:45.920	0.0537	0.1025	0.9443	1.6479	19.0430	-4.5166	5.3394	1.9006	55.7501	48.9800	353	178	-253	100803	0.44 
96.509	2015-01-01 00:11:45.960	0.0420	0.0991	1.0503	-0.7935	3.1738	-4.3945	5.4657	2.3566	55.7501	48.8400	357	181	-252	100803	0.44 
96.540	2015-01-01 00:11:46.000	0.1123	0.0669	0.9907	-2.5024	7.5073	-7.8735	5.3174	2.4115	55.6732	49.1300	356	179	-251	100803	0.44 
96.618	2015-01-01 00:11:46.040	0.0835	0.0820	0.9751	-1.4648	6.5308	-4.3335	5.2350	2.4609	55.6018	49.1300	358	180	-249	100803	0.44 
96.634	2015-01-01 00:11:46.080	0.0591	0.1118	1.0752	1.2207	5.0659	3.4180	5.2679	2.6312	55.7776	48.9800	362	182	-251	100803	0.43 
96.681	2015-01-01 00:11:46.120	0.0654	0.0786	0.9858	1.4648	0.0000	4.4556	5.3284	2.4664	56.1072	48.8400	363	182	-252	100803	0.43 
96.712	2015-01-01 00:11:46.160	0.0405	0.0444	1.0557	0.8545	-0.3052	0.9155	5.3284	2.3730	56.3489	48.8400	362	185	-249	100803	0.43 
96.743	2015-01-01 00:11:46.200	0.0903	0.0483	1.0127	-2.8687	-13.4888	-0.7324	5.2240	1.9061	56.4587	48.9300	362	188	-248	100803	0.43 
96.821	2015-01-01 00:11:46.240	0.1089	0.0938	1.0020	-1.5869	-2.9907	-0.9766	5.1141	1.3953	56.4917	49.0300	362	190	-247	100803	0.43 
96.853	2015-01-01 00:11:46.280	0.0728	0.1050	0.9873	-2.2583	-13.6108	5.3711	5.0757	0.9174	56.6675	48.9800	358	185	-249	100803	0.43 
96.899	2015-01-01 00:11:46.320	0.1387	0.0806	0.8887	-0.7324	-2.3804	3.3569	4.9988	0.3516	56.9202	48.9800	354	186	-246	100803	0.43 
96.931	2015-01-01 00:11:46.360	0.0654	0.1538	0.9624	-1.2817	9.8267	6.3477	5.0647	0.4120	57.1948	48.7900	352	187	-244	100803	0.43 
96.977	2015-01-01 00:11:46.400	0.1270	0.2056	0.8755	-2.3193	22.3999	11.3525	5.1141	0.8350	57.6288	48.9300	350	188	-243	100803	0.43 
97.009	2015-01-01 00:11:46.440	0.1221	0.1982	1.1025	-1.9531	25.3906	21.8506	5.2350	1.7139	58.3539	49.1300	352	187	-246	100803	0.44 
97.040	2015-01-01 00:11:46.480	0.2500	-0.0063	1.0415	1.5869	8.0566	15.7471	5.2460	1.8951	59.2767	48.9300	349	186	-250	100803	0.43 
97.087	2015-01-01 00:11:46.520	0.2485	-0.0586	1.0088	2.3193	2.1362	-3.4790	5.1855	1.6644	59.6503	49.1300	348	189	-254	100803	0.43 
97.118	2015-01-01 00:11:46.560	0.2070	0.1113	0.9556	4.9438	5.8594	-13.9771	5.2405	1.5546	59.3042	48.8400	347	190	-255	100803	0.43 
97.181	2015-01-01 00:11:46.600	0.1650	0.1582	0.8613	0.9766	1.1597	-7.9346	5.4767	1.4117	58.9032	48.8400	349	187	-252	100803	0.43 
97.243	2015-01-01 00:11:46.640	0.1655	0.0737	0.7769	-8.1787	1.4038	-11.4136	5.3284	1.1920	58.5516	48.9800	348	187	-251	100803	0.44 
97.259	2015-01-01 00:11:46.680	0.2109	0.0659	0.8218	-12.5732	-10.1318	-16.2354	4.8944	0.6976	58.0518	48.9800	348	190	-252	100803	0.43 
97.306	2015-01-01 00:11:46.720	0.1206	0.1021	0.6567	-14.3433	-17.1509	-18.3716	4.3616	-0.0934	57.3761	49.1300	354	190	-252	100803	0.43 
97.337	2015-01-01 00:11:46.760	0.2773	0.1387	0.7656	-11.1084	-20.2026	-7.9346	4.0759	-1.0822	56.8817	48.9800	350	190	-252	100804	0.43 
97.384	2015-01-01 00:11:46.800	0.1523	0.0952	0.6802	-11.2915	-24.5972	-13.9160	3.7408	-2.4719	56.6620	49.0300	347	191	-252	100804	0.43 
97.447	2015-01-01 00:11:46.840	-0.0532	0.0674	1.1665	16.0522	3.6621	-33.5693	3.9606	-2.2577	55.4810	48.9800	346	191	-258	100804	0.43 
97.478	2015-01-01 00:11:46.880	-0.2148	-0.1309	1.6152	47.3022	52.0630	-10.7422	5.2075	-1.0876	55.2722	48.9800	345	191	-260	100804	0.43 
97.509	2015-01-01 00:11:46.920	0.0752	0.5220	2.0278	13.9771	5.6763	-8.7280	6.5424	0.3351	54.7229	49.0300	348	192	-254	100804	0.43 
97.541	2015-01-01 00:11:46.960	0.0439	0.2554	1.6304	-17.9443	-21.6064	20.0195	6.4105	-0.3955	55.0415	48.9800	350	189	-247	100804	0.43 
97.634	2015-01-01 00:11:47.000	0.0713	-0.0996	1.0562	-24.2310	0.0610	13.7329	5.3284	-1.0712	55.8820	49.2200	350	191	-249	100804	0.43 
97.634	2015-01-01 00:11:47.040	-0.0024	-0.1094	0.9575	-4.2725	7.8735	2.0142	4.4824	-0.7416	56.4697	48.9800	350	192	-250	100805	0.43 
97.665	2015-01-01 00:11:47.080	0.1172	0.0313	0.5854	0.6714	-6.1035	-9.6436	4.3451	-0.9009	56.4038	48.9800	348	193	-249	100805	0.43 
97.712	2015-01-01 00:11:47.120	0.1450	-0.0049	0.4927	11.7188	-5.5542	-13.1836	4.5319	-1.4447	56.0632	48.9800	348	194	-247	100805	0.43 
97.759	2015-01-01 00:11:47.160	0.0898	0.1001	0.6284	20.7520	-22.7661	-4.4556	5.3064	-2.0874	55.7996	49.0300	346	194	-243	100805	0.43 
97.822	2015-01-01 00:11:47.200	0.1279	0.1533	0.1938	0.0610	-50.0488	12.5122	6.0315	-4.1034	55.7666	49.1300	346	194	-242	100805	0.43 
97.853	2015-01-01 00:11:47.240	0.3120	-0.0903	0.8164	9.9487	-0.9766	30.5786	6.2238	-5.6305	56.8158	48.9300	342	196	-241	100805	0.43 
97.884	2015-01-01 00:11:47.280	0.1338	-0.1724	0.6895	-7.9956	-28.3203	11.5356	5.9216	-6.6852	57.9749	48.9800	337	196	-241	100805	0.43 
97.916	2015-01-01 00:11:47.320	0.2070	0.1274	0.7100	-22.2168	30.9448	-1.6479	5.0922	-7.1960	58.0408	48.8400	331	198	-239	100805	0.43 
97.993	2015-01-01 00:11:47.360	-0.2646	0.8340	1.8804	-10.9863	65.7959	50.9644	4.9823	-4.9438	59.1174	49.1300	330	200	-241	100805	0.43 
98.040	2015-01-01 00:11:47.400	-0.1738	0.4155	2.6475	-26.3062	29.4800	64.7583	4.1638	-2.9938	62.1002	49.1300	328	204	-240	100805	0.43 
98.040	2015-01-01 00:11:47.440	0.3882	-0.3398	1.5586	24.2920	-18.4937	10.0708	3.9496	-3.1860	63.2648	49.0300	327	208	-243	100805	0.43 
98.071	2015-01-01 00:11:47.480	0.4819	0.4590	1.0044	11.9629	3.0518	21.9116	4.7241	-4.4275	63.5065	49.1700	322	211	-238	100805	0.43 
98.118	2015-01-01 00:11:47.520	0.0923	0.0874	0.9927	15.0146	7.8125	24.5361	5.3229	-4.2957	64.4733	48.8400	320	213	-236	100806	0.43 
98.196	2015-01-01 00:11:47.560	0.0283	0.0205	0.6152	7.8125	6.2866	-2.1362	5.6909	-4.0704	64.6161	48.8400	317	214	-238	100806	0.43 
98.228	2015-01-01 00:11:47.600	0.0752	0.1133	0.7627	-0.8545	-7.8125	-1.0376	5.7898	-3.9825	64.2645	48.9300	316	214	-238	100806	0.43 
98.259	2015-01-01 00:11:47.640	0.1724	0.1265	0.3809	-6.3477	-46.8140	8.4229	5.7953	-5.4877	64.0228	48.9800	313	210	-235	100806	0.43 
98.306	2015-01-01 00:11:47.680	0.2500	-0.0371	0.1313	-7.2021	-32.2266	17.5171	5.5426	-8.2397	64.3469	48.9800	312	208	-234	100806	0.43 
98.337	2015-01-01 00:11:47.720	0.1226	0.0459	0.3418	-25.6958	-19.4092	-5.8594	4.5923	-9.8822	64.3524	48.9300	308	211	-235	100806	0.43 
98.399	2015-01-01 00:11:47.760	0.2373	-0.0874	0.3564	-35.6445	-19.1650	-26.4282	3.4277	-10.7062	63.3527	49.1700	304	217	-237	100806	0.43 
98.431	2015-01-01 00:11:47.800	-0.0322	-0.0410	1.7759	33.5693	25.2686	-21.2402	3.2959	-10.0195	62.7100	48.9800	306	222	-235	100806	0.43 
98.462	2015-01-01 00:11:47.840	-0.2319	-0.0488	2.9941	48.9502	22.8882	-26.1230	5.6415	-8.6078	61.6608	48.9800	308	224	-235	100806	0.43 
98.493	2015-01-01 00:11:47.880	0.3535	0.2012	1.7979	-34.7900	-17.3950	-41.0156	6.0425	-8.5199	60.2106	48.9800	310	220	-231	100806	0.43 
98.540	2015-01-01 00:11:47.920	0.4819	0.2197	1.6582	-29.7852	8.7891	-51.9409	5.0922	-8.7177	58.1177	48.8400	315	218	-228	100806	0.43 
98.603	2015-01-01 00:11:47.960	0.1309	0.2754	0.8901	-35.4004	28.9917	-8.1787	4.0979	-7.9926	57.0740	49.0300	318	218	-230	100807	0.43 
98.650	2015-01-01 00:11:48.000	0.1094	0.0381	0.6118	-16.9678	54.5654	12.2070	3.0762	-6.1359	57.3047	48.7900	321	218	-233	100807	0.43 
98.650	2015-01-01 00:11:48.040	0.0464	-0.1343	0.4976	11.1084	36.9873	8.0566	2.8510	-4.4879	58.0792	48.8400	324	218	-236	100808	0.43 
98.713	2015-01-01 00:11:48.080	-0.0137	-0.0107	0.5957	17.9443	2.6855	-13.5498	3.1421	-3.5486	57.8210	49.0300	327	217	-240	100808	0.43 
98.775	2015-01-01 00:11:48.120	0.0684	0.0410	0.2275	18.7378	-32.9590	-1.9531	4.1034	-4.4385	57.5134	48.9800	331	216	-241	100808	0.43 
98.821	2015-01-01 00:11:48.160	0.1987	0.0181	0.1914	-0.4883	9.2163	2.8076	4.4330	-6.0315	57.3871	48.8400	331	216	-239	100808	0.43 
98.853	2015-01-01 00:11:48.200	0.0039	-0.0249	0.6440	-10.9253	1.5869	8.9722	4.2242	-5.7458	57.8320	48.9300	330	215	-238	100808	0.43 
98.885	2015-01-01 00:11:48.240	0.2466	-0.3179	0.9526	-4.1504	33.8745	6.8970	3.1696	-5.2460	58.2715	48.6900	331	216	-237	100808	0.43 
98.916	2015-01-01 00:11:48.280	0.0181	0.4097	1.2144	0.4883	-25.2686	36.9873	3.5101	-5.1636	59.2548	49.0300	331	217	-237	100808	0.43 
98.978	2015-01-01 00:11:48.320	0.2944	-0.0962	1.6729	-81.6040	-3.1128	-5.9814	1.4667	-5.7184	59.6008	48.9300	330	218	-237	100808	0.43 
99.025	2015-01-01 00:11:48.360	0.1089	0.3262	1.6616	-22.3389	-3.2349	26.3672	-0.5383	-5.8282	59.8920	48.8400	327	224	-239	100808	0.43 
99.056	2015-01-01 00:11:48.400	-0.0806	-0.2295	2.4824	-0.4883	-5.0659	23.2544	-1.0492	-5.5261	60.7434	48.9800	325	229	-235	100808	0.43 
99.088	2015-01-01 00:11:48.440	0.3696	-0.1504	0.9131	31.9824	-33.6304	-1.4648	-0.3900	-6.9324	61.1938	49.0300	324	230	-232	100808	0.43 
99.119	2015-01-01 00:11:48.480	0.3022	0.1753	0.7734	32.4097	10.1929	7.8125	1.0986	-7.6245	61.2653	48.8400	323	230	-230	100809	0.43 
99.181	2015-01-01 00:11:48.520	0.1230	0.1328	0.7324	23.6816	28.9917	-7.0190	2.4060	-6.8115	61.0510	48.8400	320	231	-230	100809	0.43 
99.228	2015-01-01 00:11:48.560	0.0615	0.0522	0.7798	-0.0610	20.1416	-12.1460	3.1531	-5.6635	60.4852	48.8400	320	227	-231	100809	0.43 
99.259	2015-01-01 00:11:48.600	0.0952	-0.1597	0.6587	-11.2305	-19.3481	-11.5356	2.4994	-5.8118	60.0348	49.0300	321	225	-232	100809	0.43 
99.291	2015-01-01 00:11:48.640	0.1611	-0.1460	0.2544	-6.2256	-27.4658	-32.2876	1.7798	-7.2400	59.3976	49.0300	323	226	-231	100809	0.43 
99.353	2015-01-01 00:11:48.680	0.2554	0.0430	0.2573	7.0801	-2.3804	-42.4194	1.6534	-8.7067	57.8320	48.8400	320	225	-228	100809	0.43 
99.385	2015-01-01 00:11:48.720	0.2114	0.2842	0.7358	-1.0376	-4.6997	-25.5737	2.5653	-8.9703	56.3654	48.8400	321	223	-226	100809	0.43 
99.446	2015-01-01 00:11:48.760	0.2549	0.2041	0.2993	-2.0142	1.2207	-18.6157	3.0377	-9.5032	55.5524	48.8400	321	222	-224	100810	0.43 
99.463	2015-01-01 00:11:48.800	-0.0840	0.1479	1.6157	23.3765	73.9136	-16.6016	3.6639	-7.7124	55.0909	48.9800	323	222	-223	100810	0.43 
99.494	2015-01-01 00:11:48.840	-0.3848	-0.3545	2.8472	41.7480	1.1597	-54.0771	5.1526	-4.8340	53.7122	48.8400	334	218	-220	100810	0.43 
99.556	2015-01-01 00:11:48.880	0.2500	1.0020	1.7754	28.3813	-5.8594	-29.6021	7.1411	-4.9658	52.2235	48.8400	341	215	-219	100810	0.43 
99.588	2015-01-01 00:11:48.920	0.1411	0.3862	1.5288	-43.7622	-7.2021	14.2212	6.7072	-4.9438	52.3279	48.9800	344	215	-217	100810	0.43 
99.634	2015-01-01 00:11:48.960	0.1621	-0.1724	1.1260	-23.4375	-5.7983	30.8228	5.1086	-5.5591	53.4705	48.9300	346	214	-216	100810	0.43 
99.666	2015-01-01 00:11:49.000	0.0918	0.0146	0.6694	-13.3667	5.4321	25.3296	4.1473	-5.6415	54.7888	48.9800	345	212	-218	100810	0.43 
99.697	2015-01-01 00:11:49.040	0.0815	0.0293	0.5171	0.0610	15.4419	38.6353	3.7628	-5.3778	56.2061	48.8400	343	210	-216	100811	0.43 
99.760	2015-01-01 00:11:49.080	0.0190	0.0508	0.4922	5.1880	2.0752	45.3491	3.8123	-5.0702	57.9694	48.8400	343	209	-215	100811	0.43 
99.791	2015-01-01 00:11:49.120	0.0947	0.0303	0.2319	6.8359	0.7935	50.4150	3.9441	-5.4108	59.9304	48.8400	341	210	-216	100811	0.43 
99.837	2015-01-01 00:11:49.160	0.1123	-0.1641	0.4712	12.5732	39.6729	44.0674	3.7024	-5.1801	61.9684	48.7900	336	216	-221	100811	0.43 
99.869	2015-01-01 00:11:49.200	0.0400	-0.1050	0.7358	9.8267	-0.9766	34.3018	3.6914	-4.4659	63.6273	48.8400	331	216	-219	100811	0.43 
99.931	2015-01-01 00:11:49.240	0.3208	-0.0732	0.5132	1.8311	3.1738	17.8223	3.5046	-5.0372	64.6161	48.9800	329	215	-217	100811	0.43 
99.947	2015-01-01 00:11:49.280	0.1499	-0.2305	0.6821	-2.9297	-5.4932	-21.2402	3.1366	-5.4272	64.4293	48.7900	327	214	-214	100811	0.43 
99.993	2015-01-01 00:11:49.320	0.0928	0.2188	1.6040	-22.1558	78.4912	-98.6938	3.2574	-4.0924	62.5891	48.9800	327	216	-214	100811	0.43 
100.040	2015-01-01 00:11:49.360	-0.8228	0.9321	4.2246	-28.4424	-10.7422	-72.4487	2.2852	-1.5656	59.1669	48.7900	333	217	-214	100811	0.43 
100.087	2015-01-01 00:11:49.400	0.2319	0.4175	1.4126	-11.2915	-87.5854	-3.7231	1.7358	-4.3176	57.1234	48.9300	336	218	-214	100812	0.43 
100.134	2015-01-01 00:11:49.440	0.0103	0.0498	1.5337	-16.1133	3.6011	20.2026	1.0931	-6.0150	58.0133	48.9300	337	217	-213	100812	0.43 
100.165	2015-01-01 00:11:49.480	-0.1167	-0.0234	1.0669	19.9585	-15.7471	-2.5635	1.1426	-5.7074	57.8705	48.8400	337	217	-214	100812	0.43 
100.212	2015-01-01 00:11:49.520	-0.0112	0.2065	0.3691	16.0522	-3.0518	0.7324	2.4445	-6.2677	57.8156	48.9300	337	219	-215	100812	0.43 
100.275	2015-01-01 00:11:49.560	-0.0439	-0.0781	0.7690	7.0801	-4.5166	-17.5171	2.8949	-5.8667	57.2113	48.8400	337	220	-216	100812	0.43 
100.306	2015-01-01 00:11:49.600	0.0933	0.1953	0.5112	8.8501	-12.5122	-30.7007	3.5101	-6.4325	56.3599	48.7900	336	214	-215	100812	0.43 
100.338	2015-01-01 00:11:49.640	-0.0869	0.1060	0.8726	-0.1221	21.7896	-28.5645	3.9386	-6.0864	54.9042	48.7900	336	211	-214	100812	0.43 
100.369	2015-01-01 00:11:49.680	-0.1860	0.2515	1.8042	9.3994	-21.3013	-18.0054	4.3121	-5.2130	53.9484	48.6900	336	212	-213	100813	0.43 
100.447	2015-01-01 00:11:49.720	0.1577	-0.0322	0.7690	22.5830	-50.5371	2.1973	4.9274	-7.2125	53.9703	48.9300	336	209	-212	100813	0.43 
100.478	2015-01-01 00:11:49.760	0.2471	0.0586	0.3472	2.0752	23.5596	-24.7192	5.5316	-8.1464	53.4705	48.9300	335	203	-210	100813	0.43 
100.493	2015-01-01 00:11:49.800	-0.0381	0.1504	1.0854	5.7373	45.4102	-19.0430	5.7843	-6.4105	52.7673	48.7900	336	203	-209	100813	0.43 
100.540	2015-01-01 00:11:49.840	-0.0571	0.1128	1.0557	-9.2163	25.9399	-17.6392	5.7898	-4.8175	52.2235	48.7900	341	202	-211	100812	0.43 
100.572	2015-01-01 00:11:49.880	-0.0127	0.1709	1.1934	1.2207	11.2915	6.0425	5.6360	-3.8727	52.2345	48.8400	346	197	-210	100812	0.43 
100.618	2015-01-01 00:11:49.920	0.0474	0.1982	0.9990	3.6011	0.0610	10.9253	5.8887	-3.6749	52.7673	48.6900	347	198	-208	100813	0.43 
100.681	2015-01-01 00:11:49.960	0.1274	0.1333	0.9570	-0.3052	8.8501	14.4653	5.9601	-3.6035	53.3551	48.9300	349	200	-206	100812	0.43 
100.712	2015-01-01 00:11:50.000	0.1216	0.0776	1.0317	-3.4790	10.9253	14.5264	5.8722	-3.3179	54.1351	48.7900	349	200	-205	100812	0.43 
100.743	2015-01-01 00:11:50.040	0.1226	0.0479	1.0366	-2.0142	4.8828	12.3901	5.6195	-3.1750	54.8657	48.6900	346	201	-207	100813	0.43 
100.775	2015-01-01 00:11:50.080	0.0757	0.0610	0.9858	-0.4883	1.9531	3.4790	5.5426	-3.1586	55.2887	48.9800	344	202	-208	100813	0.43 
100.822	2015-01-01 00:11:50.120	0.0918	0.0205	1.0400	-3.2959	2.8076	-12.3291	5.3833	-3.0762	55.1678	48.9800	341	203	-209	100812	0.43 
100.868	2015-01-01 00:11:50.160	0.0938	0.0708	1.0181	-3.1738	-3.1128	-17.3340	5.2130	-3.1201	54.6295	48.9300	339	203	-209	100813	0.43 
100.900	2015-01-01 00:11:50.200	0.1064	0.0762	1.0234	-4.8828	-4.0283	-19.6533	5.0867	-3.2629	53.9758	48.8400	341	203	-212	100813	0.43 
100.931	2015-01-01 00:11:50.240	0.0923	0.0776	1.0068	-7.4463	-6.5308	-22.7661	4.8889	-3.4497	53.2452	48.8400	346	203	-216	100813	0.43 
100.978	2015-01-01 00:11:50.280	0.0938	0.0210	0.9819	-7.8735	-4.7607	-30.8838	4.5923	-3.6475	52.3059	48.8400	348	205	-220	100812	0.43 
101.025	2015-01-01 00:11:50.320	0.0713	0.0469	1.0029	-8.3618	-0.1831	-37.9028	4.2847	-3.6475	51.0754	48.7900	349	204	-222	100812	0.43 
101.072	2015-01-01 00:11:50.360	0.0947	0.0991	1.0137	-4.9438	1.8921	-32.1045	4.1034	-3.5211	49.8560	48.8400	349	202	-217	100812	0.43 
101.118	2015-01-01 00:11:50.400	0.0830	0.1675	0.9990	-1.4648	8.7280	-18.3105	4.1418	-3.2520	49.1089	48.8400	352	200	-218	100813	0.43 
101.165	2015-01-01 00:11:50.440	0.0752	0.1401	1.0366	-1.5869	4.3335	-7.3853	4.2078	-2.9608	48.8617	48.6900	353	200	-215	100813	0.43 
101.197	2015-01-01 00:11:50.480	0.0850	0.0962	1.0356	-3.8452	1.9531	-3.6621	4.1913	-2.8510	48.9276	48.8400	359	201	-216	100813	0.43 
101.244	2015-01-01 00:11:50.520	0.1016	0.0513	0.9800	-6.8970	-0.1831	-8.1787	3.9496	-2.8949	48.9825	48.8400	360	199	-217	100813	0.43 
101.306	2015-01-01 00:11:50.560	0.0894	0.0366	0.9990	-3.4790	5.6763	-10.5591	3.7408	-2.8235	48.8892	48.8400	362	197	-219	100812	0.43 
101.338	2015-01-01 00:11:50.600	0.0869	0.1021	1.0186	-0.1831	3.4790	-7.0190	3.7079	-2.6587	48.8452	48.8400	363	197	-219	100813	0.43 
101.369	2015-01-01 00:11:50.640	0.0879	0.0908	1.0161	-0.6714	4.5776	-5.5542	3.7573	-2.5159	48.8727	48.8400	361	197	-218	100813	0.43 
101.400	2015-01-01 00:11:50.680	0.0903	0.0869	0.9980	-0.3662	2.1362	-5.0049	3.7683	-2.4939	48.9551	48.6900	360	198	-217	100813	0.43 
101.478	2015-01-01 00:11:50.720	0.0928	0.0928	1.0254	0.4883	2.7466	0.1221	3.8287	-2.4115	49.1473	48.7900	364	197	-215	100813	0.43 
101.525	2015-01-01 00:11:50.760	0.1104	0.0581	1.0049	1.1597	0.0610	0.1221	3.8837	-2.4719	49.4714	48.7900	366	197	-215	100813	0.43 
101.525	2015-01-01 00:11:50.800	0.0874	0.0518	1.0142	1.1597	4.4556	-5.0049	3.9276	-2.4390	49.6692	48.9300	363	196	-214	100813	0.43 
101.556	2015-01-01 00:11:50.840	0.0811	0.0762	1.0083	0.2441	5.0659	-8.3008	3.9606	-2.2687	49.6472	48.9300	360	195	-214	100813	0.43 
101.603	2015-01-01 00:11:50.880	0.0791	0.0874	1.0225	0.2441	2.9907	-5.3101	4.0155	-2.1149	49.6527	48.9300	361	198	-212	100813	0.43 
101.650	2015-01-01 00:11:50.920	0.0947	0.0811	0.9976	1.5869	1.6479	-3.8452	4.0759	-2.1039	49.7461	48.9300	361	200	-211	100813	0.43 
101.759	2015-01-01 00:11:50.960	0.0820	0.0967	1.0220	0.0610	3.6011	-3.4790	4.1473	-2.0435	49.8450	48.7900	363	199	-212	100814	0.43 
101.791	2015-01-01 00:11:51.000	0.1035	0.0859	1.0015	-0.5493	0.3662	-1.4648	4.1638	-2.0435	49.9988	48.8400	366	198	-212	100814	0.43 
101.822	2015-01-01 00:11:51.040	0.0864	0.0615	1.0039	1.0986	3.0518	-2.7466	4.1858	-2.0490	50.1691	48.8400	365	197	-213	100814	0.43 
101.900	2015-01-01 00:11:51.080	0.1060	0.1074	1.0361	0.9155	0.0000	-0.8545	4.2847	-2.0380	50.3613	48.9300	363	197	-213	100813	0.43 
101.947	2015-01-01 00:11:51.120	0.0991	0.0791	0.9922	0.8545	0.7324	-0.8545	4.3231	-2.1368	50.5646	48.8400	362	198	-215	100814	0.43 
101.947	2015-01-01 00:11:51.160	0.1040	0.0771	1.0127	0.2441	-0.0610	-0.9155	4.3616	-2.2137	50.7733	48.9800	356	198	-218	100813	0.43 
101.962	2015-01-01 00:11:51.200	0.1035	0.0664	0.9971	2.0142	4.6997	-2.1973	4.4110	-2.2247	50.9491	48.9300	352	198	-220	100814	0.43 
101.994	2015-01-01 00:11:51.240	0.0820	0.0884	1.0249	1.6479	2.4414	-3.2349	4.4989	-2.0984	51.0480	48.9800	351	198	-220	100814	0.43 
102.025	2015-01-01 00:11:51.280	0.1177	0.0835	0.9946	2.0752	3.3569	-1.2817	4.5813	-2.1094	51.1743	48.7900	357	198	-216	100814	0.43 
102.072	2015-01-01 00:11:51.320	0.0996	0.1055	0.9961	3.0518	3.3569	5.7983	4.7076	-2.0709	51.5204	48.8400	357	194	-210	100814	0.43 
102.134	2015-01-01 00:11:51.360	0.1143	0.0986	0.9922	0.1221	6.6528	6.5308	4.8010	-1.9720	51.9818	49.0300	357	192	-208	100814	0.43 
102.150	2015-01-01 00:11:51.400	0.0708	0.0693	1.0176	0.9155	9.4604	6.7139	4.8010	-1.7139	52.4982	48.7900	358	193	-210	100814	0.43 
102.197	2015-01-01 00:11:51.440	0.0723	0.0933	1.0449	0.6104	6.4087	4.5776	4.8285	-1.4777	52.9321	48.9300	360	194	-212	100814	0.43 
102.228	2015-01-01 00:11:51.480	0.0986	0.0952	1.0073	0.3662	3.7842	2.3804	4.8505	-1.4063	53.2617	49.0300	360	195	-213	100814	0.43 
102.275