StartTime: 2017-07-21 14:41:29.966
Time(s)	ChipTime	ax(g)	ay(g)	az(g)	wx(deg/s)	wy(deg/s)	wz(deg/s)	AngleX(deg)	AngleY(deg)	AngleZ(deg)	T(°)	hx	hy	hz	Pressure(Pa)	Altitude(m) 
6.485	2015-01-01 00:02:45.240	-0.1992	0.1011	0.9966	-0.6104	-0.0610	-0.1831	4.8615	10.8765	60.4468	47.1100	404	177	-247	100819	0.42 
6.516	2015-01-01 00:02:45.280	-0.2051	0.1025	0.9941	-0.3662	0.7324	0.0000	4.8669	10.9039	60.4413	47.2100	405	177	-245	100819	0.42 
6.563	2015-01-01 00:02:45.320	-0.2104	0.0957	0.9883	-0.6104	0.2441	0.0610	4.8669	10.9479	60.4413	47.0700	407	177	-246	100819	0.42 
6.595	2015-01-01 00:02:45.360	-0.2100	0.0986	0.9961	-0.8545	-0.4272	-0.0610	4.8615	10.9698	60.4413	47.1100	408	178	-244	100819	0.42 
6.657	2015-01-01 00:02:45.400	-0.2090	0.1001	1.0010	-1.2207	1.4038	-1.1597	4.8395	10.9863	60.4193	47.0200	406	176	-246	100819	0.42 
6.688	2015-01-01 00:02:45.440	-0.2358	0.0859	1.0112	-0.7324	0.6714	-2.3804	4.7845	11.0797	60.3754	47.0200	403	173	-248	100819	0.42 
6.720	2015-01-01 00:02:45.480	-0.1992	0.1221	1.0010	-2.2583	0.0000	-0.8545	4.7351	11.1017	60.2820	47.4000	406	177	-247	100819	0.42 
6.766	2015-01-01 00:02:45.520	-0.1987	0.1685	0.9629	1.2817	3.9673	3.4790	4.8450	11.1511	60.3040	47.1100	408	178	-250	100819	0.42 
6.798	2015-01-01 00:02:45.560	-0.1948	0.1128	1.0439	0.6104	0.4272	7.8125	5.0317	11.2775	60.5841	47.2600	411	179	-251	100819	0.42 
6.891	2015-01-01 00:02:45.600	-0.1411	0.0679	0.9990	-2.1973	-12.5122	-1.6479	5.0208	10.9259	60.7104	47.2100	410	178	-250	100819	0.42 
6.891	2015-01-01 00:02:45.640	-0.1118	0.0825	0.9824	-2.8687	-7.5684	-9.4604	4.8285	10.4315	60.4303	47.2600	407	175	-249	100819	0.42 
6.938	2015-01-01 00:02:45.680	-0.1636	0.1240	0.9971	-1.8311	0.1831	-3.4790	4.7186	10.2887	60.1996	47.0700	405	173	-250	100819	0.42 
6.985	2015-01-01 00:02:45.720	-0.1968	0.1206	1.0088	-2.5635	-2.9297	-1.5869	4.6747	10.2502	60.1282	47.0700	405	175	-249	100819	0.42 
7.016	2015-01-01 00:02:45.760	-0.1914	0.1128	0.9727	-2.7466	-2.5024	-1.8921	4.6033	10.1459	60.0513	47.2600	405	178	-249	100819	0.42 
7.095	2015-01-01 00:02:45.800	-0.1865	0.1025	0.9771	-1.9531	0.7935	-1.2207	4.5264	10.1294	59.9744	47.2100	402	180	-249	100819	0.42 
7.095	2015-01-01 00:02:45.840	-0.2192	0.1299	0.9805	-1.9531	4.5166	1.6479	4.5044	10.2942	59.9854	47.2600	407	178	-250	100819	0.42 
7.158	2015-01-01 00:02:45.880	-0.2173	0.1606	0.9673	-1.7700	2.1362	5.1880	4.5538	10.4755	60.1007	47.0700	403	181	-248	100819	0.42 
7.189	2015-01-01 00:02:45.920	-0.2070	0.1143	0.9487	-0.0610	-0.9766	6.3477	4.6582	10.5194	60.3149	47.0200	400	181	-249	100819	0.42 
7.220	2015-01-01 00:02:45.960	-0.2202	0.0107	0.9346	-0.3052	-0.3052	-1.5869	4.6417	10.5029	60.4028	47.2600	399	181	-251	100819	0.42 
7.298	2015-01-01 00:02:46.000	-0.1987	-0.0439	1.0146	1.7700	9.3994	-12.9395	4.4604	10.7336	60.1556	47.4000	401	181	-251	100819	0.42 
7.298	2015-01-01 00:02:46.040	-0.1401	-0.0259	1.0752	-0.2441	10.0708	-23.1323	4.2188	11.1896	59.5129	47.2600	401	179	-250	100819	0.42 
7.345	2015-01-01 00:02:46.080	-0.1045	0.1826	1.1631	-6.5308	-3.0518	-10.8032	3.9166	11.2500	58.8428	47.1100	401	178	-249	100819	0.42 
7.376	2015-01-01 00:02:46.120	-0.0640	0.1265	1.0122	-11.4136	-1.2817	6.5308	3.7079	10.9259	58.8977	46.9200	406	181	-249	100819	0.42 
7.423	2015-01-01 00:02:46.160	-0.1050	-0.0317	0.9072	-13.9160	5.2490	1.2817	3.1641	10.8929	59.2108	47.1100	409	181	-250	100820	0.42 
7.501	2015-01-01 00:02:46.200	-0.1055	0.0332	0.9365	-7.1411	6.3477	2.1973	2.6752	11.0413	59.3646	47.0700	411	181	-250	100820	0.42 
7.533	2015-01-01 00:02:46.240	-0.1440	0.0215	0.9990	-5.6152	8.4839	10.4980	2.4939	11.2445	59.7656	47.2600	411	182	-251	100819	0.42 
7.564	2015-01-01 00:02:46.280	-0.1406	0.0000	1.0039	-2.8687	-9.4604	10.1929	2.3511	11.1566	60.3040	47.1100	412	184	-253	100820	0.42 
7.595	2015-01-01 00:02:46.320	-0.0791	-0.0396	0.8716	3.9063	-16.9678	8.1787	2.3511	10.3876	60.7050	47.1100	410	186	-253	100820	0.42 
7.673	2015-01-01 00:02:46.360	-0.0249	0.0508	0.8223	10.1929	-1.0376	15.1978	2.7081	9.8877	61.2598	47.0700	408	186	-255	100820	0.42 
7.705	2015-01-01 00:02:46.400	-0.0693	0.0547	0.8516	9.7656	0.9766	18.8599	3.3014	9.7449	61.9904	47.1100	406	185	-256	100820	0.42 
7.736	2015-01-01 00:02:46.440	-0.1040	-0.0757	0.9746	8.4229	-11.6577	10.8643	3.6090	9.4263	62.6276	47.1100	405	185	-257	100820	0.42 
7.767	2015-01-01 00:02:46.480	-0.0337	-0.1475	0.9683	10.4370	-26.7944	-0.3052	3.7903	8.4045	62.8308	47.1100	402	186	-256	100820	0.42 
7.798	2015-01-01 00:02:46.520	-0.0391	-0.0239	0.7578	10.1318	1.6479	-2.3193	3.9111	7.8003	62.8967	47.2600	399	182	-251	100820	0.42 
7.876	2015-01-01 00:02:46.560	0.0200	0.0762	0.9355	6.7139	3.0518	-8.7280	4.2792	7.9047	62.6495	47.3500	399	180	-249	100820	0.42 
7.908	2015-01-01 00:02:46.600	-0.0654	0.0190	0.8823	2.7466	-15.6860	4.8828	4.3121	7.4323	62.5946	47.2100	398	182	-248	100820	0.42 
7.939	2015-01-01 00:02:46.640	-0.1812	0.1284	1.2935	-0.9766	23.4375	8.8501	4.4550	7.2510	62.7100	47.4000	397	185	-249	100820	0.42 
7.970	2015-01-01 00:02:46.680	-0.6729	0.2280	1.2500	-1.5259	22.2168	-10.6812	4.5483	8.4485	62.7649	47.5400	396	185	-249	100820	0.42 
8.001	2015-01-01 00:02:46.720	-0.6411	0.2881	1.0669	-0.7935	-6.2256	-0.4272	4.6802	9.3713	62.0013	47.1100	395	187	-249	100820	0.42 
8.079	2015-01-01 00:02:46.760	-0.3691	0.2935	1.6772	-9.5215	13.9160	-11.5356	4.6637	9.7284	61.6937	47.3500	396	186	-248	100821	0.42 
8.111	2015-01-01 00:02:46.800	-0.2983	0.0400	1.0439	6.5918	-1.9531	-25.9399	4.5099	9.9646	60.7159	47.1100	399	189	-246	100821	0.42 
8.126	2015-01-01 00:02:46.840	-0.0137	0.0122	0.7490	13.1836	-14.5264	-9.3994	4.6802	9.3933	60.0293	47.2600	400	189	-246	100821	0.42 
8.173	2015-01-01 00:02:46.880	-0.0400	0.1406	0.8066	16.1743	21.4233	4.8218	5.3833	9.4153	60.0897	47.1100	399	188	-246	100821	0.42 
8.204	2015-01-01 00:02:46.920	-0.2554	0.1641	1.0962	4.0894	7.0801	-10.3760	5.8502	10.1678	60.0513	47.1100	397	186	-244	100821	0.42 
8.251	2015-01-01 00:02:46.960	-0.1997	0.0952	0.9912	3.1128	-13.3667	-31.1890	5.8008	10.0690	58.9911	47.1100	398	184	-244	100821	0.42 
8.313	2015-01-01 00:02:47.000	-0.1167	0.2437	0.8755	-0.1221	-6.0425	-10.8032	5.8008	9.7559	58.0298	47.2600	400	187	-241	100821	0.42 
8.345	2015-01-01 00:02:47.040	-0.0928	0.3052	0.8867	2.2583	-2.7466	10.9863	6.1908	9.5087	58.1396	47.2600	402	188	-240	100821	0.42 
8.392	2015-01-01 00:02:47.080	-0.0527	0.1245	0.8921	-5.9814	-13.6108	4.8828	6.3776	8.9978	58.4912	47.3500	403	187	-240	100821	0.42 
8.423	2015-01-01 00:02:47.120	0.0059	0.0972	0.8057	-12.8174	-19.9585	-6.8359	5.9271	8.1134	58.3759	47.0700	400	187	-240	100821	0.42 
8.485	2015-01-01 00:02:47.160	0.0635	0.2061	0.7554	-18.9209	-12.5732	-1.1597	5.4218	7.2070	58.1946	47.2100	400	189	-238	100821	0.42 
8.517	2015-01-01 00:02:47.200	-0.0083	0.2646	0.8481	-20.9961	-6.1646	4.6387	4.8285	6.6028	58.2715	47.2100	400	189	-239	100821	0.42 
8.548	2015-01-01 00:02:47.240	-0.1567	0.0962	0.9341	-14.5264	7.0801	14.9536	4.3506	6.6907	58.7164	47.2600	396	194	-244	100821	0.42 
8.595	2015-01-01 00:02:47.280	0.0313	-0.0259	0.9585	-15.0146	-23.3154	5.3711	3.7408	6.2787	59.2548	47.4000	395	197	-248	100821	0.42 
8.626	2015-01-01 00:02:47.320	-0.0786	-0.0356	1.2368	-4.8828	-21.5454	-20.3857	2.9663	4.6527	58.8483	47.1100	392	201	-250	100821	0.42 
8.688	2015-01-01 00:02:47.360	-0.7002	0.1982	1.3608	16.7847	24.2920	18.4326	3.3069	5.6085	58.4198	47.2600	387	201	-249	100822	0.42 
8.720	2015-01-01 00:02:47.400	-0.7212	0.1440	1.2261	19.8364	7.9956	10.7422	4.4989	6.8829	58.8647	47.3500	384	200	-247	100822	0.42 
8.751	2015-01-01 00:02:47.440	-0.3135	-0.1108	1.0996	-1.6479	10.8032	4.8828	4.6747	7.5421	58.9087	47.2100	383	199	-246	100822	0.42 
8.798	2015-01-01 00:02:47.480	-0.1929	0.0396	0.9668	-3.9063	11.5967	6.1646	4.4330	8.1573	59.2822	47.3500	385	199	-246	100822	0.42 
8.845	2015-01-01 00:02:47.520	-0.1113	0.0288	0.9116	-6.0425	21.3013	-11.0474	4.1693	8.7946	59.1229	47.1100	388	201	-248	100822	0.42 
8.923	2015-01-01 00:02:47.560	-0.1206	0.0405	0.9893	-0.1831	28.2593	-6.5918	3.9276	9.8328	58.8098	47.2600	389	201	-249	100822	0.42 
8.954	2015-01-01 00:02:47.600	-0.1987	0.0356	0.9194	3.3569	19.0430	6.2256	3.9880	10.7007	58.9252	47.0700	395	201	-246	100822	0.42 
8.970	2015-01-01 00:02:47.640	-0.1777	0.0439	0.9521	11.0474	18.3716	8.7891	4.3451	11.4972	59.2822	47.0700	394	204	-245	100822	0.42 
9.001	2015-01-01 00:02:47.680	-0.1445	-0.0552	0.9238	11.5967	12.8174	-3.2349	4.7571	12.0685	59.4745	47.2100	394	206	-245	100823	0.42 
9.048	2015-01-01 00:02:47.720	-0.1143	0.0830	0.8960	5.5542	3.8452	-3.9673	4.8834	12.2717	59.2493	47.3500	398	205	-243	100823	0.42 
9.126	2015-01-01 00:02:47.760	-0.0713	0.1548	0.9155	12.2681	-7.7515	9.3994	5.4163	12.0905	59.3207	47.5400	402	203	-242	100823	0.42 
9.126	2015-01-01 00:02:47.800	-0.0239	-0.0498	0.8042	5.0049	-19.1650	13.4277	5.8337	11.1127	59.8315	47.2100	400	199	-240	100823	0.42 
9.173	2015-01-01 00:02:47.840	-0.0576	-0.0469	0.8730	6.4087	-13.3667	-3.4180	5.8282	10.3821	60.0073	47.4000	399	202	-240	100823	0.42 
9.235	2015-01-01 00:02:47.880	-0.0781	-0.0518	0.8501	9.9487	-9.8877	-3.9063	5.9216	9.7284	59.8645	47.1100	397	200	-241	100823	0.42 
9.251	2015-01-01 00:02:47.920	-0.1035	0.1675	0.8335	-1.4038	-11.5356	-0.7935	6.0260	9.3713	59.6173	47.2600	395	199	-244	100823	0.42 
9.329	2015-01-01 00:02:47.960	-0.4692	0.2090	1.3569	-8.8501	17.3950	4.3945	5.9161	9.1516	59.6338	47.2600	394	199	-243	100823	0.42 
9.360	2015-01-01 00:02:48.000	-0.7510	0.3882	1.1631	0.7935	24.3530	-7.2632	6.0864	10.4150	59.2767	47.4000	396	199	-240	100823	0.42 
9.392	2015-01-01 00:02:48.040	-0.5293	0.2378	1.2734	6.0425	10.5591	3.8452	6.5588	11.5192	59.1394	47.2600	399	199	-237	100824	0.42 
9.423	2015-01-01 00:02:48.080	-0.3242	0.2544	1.3091	-10.9863	-19.1650	-13.2446	6.5039	10.8270	58.8483	47.2100	401	199	-236	100824	0.42 
9.470	2015-01-01 00:02:48.120	-0.2363	0.2402	1.0786	-7.0801	36.6211	-13.8550	5.9821	11.7389	58.1177	47.2600	401	201	-234	100824	0.42 
9.532	2015-01-01 00:02:48.160	-0.2788	0.1362	0.8477	4.8828	15.9302	16.2354	6.2018	12.8815	58.2385	47.3500	398	201	-234	100824	0.42 
9.548	2015-01-01 00:02:48.200	-0.2104	0.0044	0.7578	3.2349	-0.1221	16.7236	6.4874	13.1122	58.9252	47.0200	397	202	-234	100824	0.42 
9.595	2015-01-01 00:02:48.240	-0.1108	0.2056	0.9131	-5.2490	2.3804	23.3765	6.6248	13.0463	59.6887	47.3500	397	202	-232	100824	0.42 
9.626	2015-01-01 00:02:48.280	-0.1323	0.4077	1.0547	-18.0664	-13.2446	31.4331	6.6467	12.4750	60.6940	47.4500	397	201	-233	100824	0.42 
9.673	2015-01-01 00:02:48.320	-0.1606	0.0591	0.9019	-21.6064	-15.9912	13.1836	6.2238	11.6016	61.5125	47.2600	396	203	-233	100824	0.42 
9.735	2015-01-01 00:02:48.360	-0.0918	-0.0962	0.9282	-25.1465	-14.5874	-9.0942	4.9438	10.9534	61.4081	47.1100	394	203	-234	100825	0.42 
9.751	2015-01-01 00:02:48.400	-0.0527	0.0815	0.8184	-8.5449	-36.6211	-4.3335	4.0924	9.7504	61.0565	47.3500	390	205	-234	100825	0.42 
9.798	2015-01-01 00:02:48.440	0.0679	0.2236	0.6963	-5.9814	-31.9214	-17.4561	4.0759	8.1189	60.3864	47.2600	387	210	-235	100825	0.42 
9.845	2015-01-01 00:02:48.480	-0.0024	0.1021	0.8184	-18.4326	-14.1602	-19.7754	3.5486	6.9928	59.5074	47.4000	387	212	-235	100825	0.42 
9.876	2015-01-01 00:02:48.520	-0.0801	0.2607	0.7241	-6.1646	-20.6909	-11.2305	3.1201	6.2842	58.7439	47.2100	384	211	-236	100825	0.42 
9.939	2015-01-01 00:02:48.560	-0.5596	0.0825	1.0439	15.5029	-7.0190	0.0000	3.4882	5.8777	58.0627	47.3500	384	212	-236	100825	0.42 
9.985	2015-01-01 00:02:48.600	-0.6851	-0.0420	1.6973	29.8462	-35.1563	-11.7798	4.6307	5.7458	57.3926	47.3500	384	213	-235	100825	0.42 
10.001	2015-01-01 00:02:48.640	-0.3926	0.1323	1.1074	13.1226	-15.6250	-16.8457	5.4492	5.3339	56.5796	47.3500	384	211	-234	100826	0.42 
10.032	2015-01-01 00:02:48.680	-0.0728	0.0488	1.1904	-6.7139	-22.2778	-8.2397	5.3229	4.5099	55.8215	47.5400	384	210	-231	100826	0.42 
10.079	2015-01-01 00:02:48.720	-0.0669	0.0645	1.2993	11.1694	31.5552	23.2544	5.4547	4.9823	56.5247	47.5400	384	208	-229	100826	0.42 
10.142	2015-01-01 00:02:48.760	-0.2114	0.0918	1.0605	-14.0991	16.3574	8.3008	5.5316	6.1523	57.2992	47.2600	385	207	-228	100826	0.42 
10.157	2015-01-01 00:02:48.800	-0.0454	-0.0117	0.7334	-26.1230	-2.1973	-11.9629	4.3781	6.2128	57.1564	47.5400	384	208	-230	100826	0.42 
10.220	2015-01-01 00:02:48.840	-0.0205	-0.0933	0.8091	-0.1831	22.2168	-2.1362	3.7189	6.5643	56.9971	47.0700	387	210	-232	100826	0.42 
10.251	2015-01-01 00:02:48.880	-0.1411	-0.0752	1.0039	7.0190	16.7847	5.8594	3.7408	7.3553	57.2772	47.3500	388	212	-233	100826	0.42 
10.314	2015-01-01 00:02:48.920	-0.1143	0.0273	0.9722	12.5122	2.5024	2.5635	4.0869	7.7783	57.6288	47.4000	389	210	-232	100827	0.42 
10.345	2015-01-01 00:02:48.960	-0.1011	-0.0093	0.7466	18.4326	2.8687	-11.0474	4.5868	7.6685	57.3816	47.3500	390	211	-230	100827	0.42 
10.376	2015-01-01 00:02:49.000	-0.0356	-0.0571	0.8892	19.2871	-9.0942	-3.6011	5.1746	7.6740	57.1179	47.2100	389	212	-227	100827	0.42 
10.407	2015-01-01 00:02:49.040	-0.0371	0.0161	0.6987	18.9819	-12.6343	1.2817	5.7568	6.9653	57.1783	47.2600	388	211	-226	100827	0.42 
10.455	2015-01-01 00:02:49.080	0.0313	-0.0098	0.9912	10.4980	-16.9678	-7.4463	6.2732	6.4435	56.9641	47.4500	389	204	-222	100827	0.42 
10.517	2015-01-01 00:02:49.120	-0.0420	-0.0303	0.7695	9.2163	-14.7095	-15.3198	6.3062	5.5261	56.6016	47.3500	388	203	-224	100827	0.41 
10.548	2015-01-01 00:02:49.160	-0.0723	0.2256	0.9888	15.0146	-32.1655	20.2637	6.7401	4.7186	56.5576	47.2600	388	202	-223	100827	0.41 
10.626	2015-01-01 00:02:49.200	-0.9263	0.3125	1.8203	-4.1504	17.3950	-1.7090	6.8829	5.0647	56.9641	47.2600	387	202	-219	100827	0.41 
10.626	2015-01-01 00:02:49.240	-0.6523	0.3457	1.3765	-14.9536	21.2402	-31.6772	6.4270	6.4490	55.3711	47.3500	387	202	-220	100827	0.41 
10.657	2015-01-01 00:02:49.280	-0.2822	0.1909	1.0586	-0.4883	-15.1978	-24.2310	6.1578	6.6028	54.3933	47.5400	387	202	-221	100827	0.41 
10.751	2015-01-01 00:02:49.320	-0.1968	0.0396	0.9980	15.3809	31.9824	-15.3198	6.3831	7.1851	53.6407	47.2600	392	200	-219	100827	0.41 
10.751	2015-01-01 00:02:49.360	-0.2827	0.1841	0.9844	13.2446	13.1226	-6.1646	6.9653	8.4265	53.4265	47.5400	402	202	-216	100828	0.41 
10.798	2015-01-01 00:02:49.400	-0.1987	0.2422	1.0566	2.0752	-1.8921	-19.7144	7.3553	8.6243	53.1134	47.2100	405	199	-215	100828	0.41 
10.829	2015-01-01 00:02:49.440	-0.1763	0.1382	0.9067	-7.7515	12.1460	-37.7197	7.0642	9.0747	51.9269	47.2100	408	196	-211	100828	0.41 
10.876	2015-01-01 00:02:49.480	-0.1621	0.2617	0.9092	-14.9536	3.2959	-18.0054	6.5424	9.6021	50.9985	47.0700	412	197	-209	100827	0.41 
10.954	2015-01-01 00:02:49.520	-0.0884	0.2930	0.9326	-20.0195	-6.7139	6.2256	6.1084	9.3878	51.0205	47.6400	417	197	-209	100828	0.41 
10.954	2015-01-01 00:02:49.560	-0.1313	0.0547	0.9375	-19.4702	-3.2349	-3.4180	5.4108	9.1571	51.3556	47.4500	419	197	-209	100827	0.41 
11.001	2015-01-01 00:02:49.600	-0.1011	-0.0454	0.8154	-14.2212	-4.1504	-21.2402	4.4934	8.9758	51.0754	47.4000	417	199	-211	100828	0.41 
11.048	2015-01-01 00:02:49.640	-0.0630	0.1860	0.7783	-15.7471	-6.2256	-14.0991	3.8342	8.7286	50.4987	47.4000	414	203	-215	100827	0.41 
11.079	2015-01-01 00:02:49.680	-0.1094	0.2212	0.8828	-16.7236	-5.5542	-4.2114	3.4003	8.4045	50.3613	47.4000	412	204	-216	100828	0.41 
11.126	2015-01-01 00:02:49.720	-0.0747	0.0581	0.8730	-16.9678	-7.8125	-5.7373	2.8180	8.1628	50.3723	47.2600	414	205	-217	100827	0.41 
11.158	2015-01-01 00:02:49.760	-0.0537	0.0142	0.7480	-18.6768	-13.0005	-6.1646	2.0819	7.5916	50.3064	47.2600	416	207	-218	100828	0.41 
11.204	2015-01-01 00:02:49.800	-0.1626	-0.0439	0.9277	-19.1650	-23.9868	-14.3433	1.2360	6.9324	50.3448	47.3500	416	208	-218	100828	0.41 
11.236	2015-01-01 00:02:49.840	-0.4292	0.0884	1.9258	14.3433	-6.2256	1.2817	1.1755	6.7896	50.2899	47.2600	417	210	-219	100828	0.41 
11.282	2015-01-01 00:02:49.880	-0.6489	0.0430	1.2280	23.5596	20.3247	6.1035	2.0544	7.3883	51.0754	47.4000	416	211	-217	100828	0.41 
11.329	2015-01-01 00:02:49.920	-0.5425	-0.0952	1.2061	1.8921	5.6152	-17.0898	2.3566	8.1189	50.7513	47.4500	417	207	-217	100828	0.41 
11.361	2015-01-01 00:02:49.960	-0.2803	0.0996	1.2046	8.6060	28.1982	-2.5635	2.4170	9.1736	50.4437	47.4500	418	209	-215	100828	0.41 
11.423	2015-01-01 00:02:50.000	-0.2847	0.1226	0.9102	0.7324	21.5454	12.8784	2.8455	10.3876	50.9766	47.3500	422	208	-212	100828	0.41 
11.454	2015-01-01 00:02:50.040	-0.2642	0.0405	0.7944	-13.9771	6.6528	11.1084	2.6587	10.9204	51.6742	47.2100	423	201	-213	100828	0.41 
11.501	2015-01-01 00:02:50.080	-0.2549	-0.1235	0.8916	-10.4370	20.8130	3.5400	2.0270	11.6620	52.2015	47.2100	424	198	-213	100829	0.41 
11.564	2015-01-01 00:02:50.120	-0.3164	-0.0552	1.0244	-2.2583	13.0615	5.7983	1.6479	12.4310	52.6025	47.5400	427	200	-214	100828	0.41 
11.596	2015-01-01 00:02:50.160	-0.2646	-0.0356	0.9990	5.7983	8.4229	8.9111	1.7249	12.8705	53.1903	47.3500	426	203	-219	100829	0.41 
11.627	2015-01-01 00:02:50.200	-0.2422	-0.0703	0.9648	4.6387	12.8174	-1.2207	1.8512	13.3813	53.5309	47.4000	426	203	-222	100829	0.41 
11.658	2015-01-01 00:02:50.240	-0.2344	0.0728	1.0889	3.9673	15.2588	3.2959	1.9666	13.8538	53.7561	47.2100	426	204	-217	100829	0.41 
11.705	2015-01-01 00:02:50.280	-0.2930	0.1406	1.1709	2.5635	3.9673	17.8223	2.3456	14.3152	54.3274	47.2600	427	204	-211	100828	0.41 
11.751	2015-01-01 00:02:50.320	-0.2065	-0.0337	1.0298	-0.3662	-16.2354	20.8740	2.5708	13.8867	55.3052	47.4000	428	204	-212	100828	0.41 
11.783	2015-01-01 00:02:50.360	-0.1758	-0.0430	0.9082	8.2397	-10.6812	20.2637	2.7631	13.1506	56.2720	47.2100	428	205	-212	100829	0.41 
11.829	2015-01-01 00:02:50.400	-0.3013	0.1133	1.0669	14.1602	18.9209	17.2119	3.4387	13.3649	57.2168	47.3500	425	203	-212	100829	0.41 
11.861	2015-01-01 00:02:50.440	-0.4336	0.1772	1.0127	4.8218	6.8970	4.3945	4.0704	14.0515	57.5354	47.5900	423	200	-209	100829	0.41 
11.908	2015-01-01 00:02:50.480	-0.2749	0.1577	0.9668	0.4272	2.5635	6.6528	4.2737	14.3152	57.7496	47.2600	423	197	-210	100829	0.41 
11.954	2015-01-01 00:02:50.520	-0.2529	0.0874	0.7866	5.1270	0.9155	-3.7231	4.5538	14.3262	57.7826	47.4000	423	197	-209	100829	0.41 
11.986	2015-01-01 00:02:50.560	-0.2998	0.0137	0.9893	-2.1973	-5.0659	-1.1597	4.4934	14.4086	57.6727	47.5900	422	198	-209	100829	0.41 
12.033	2015-01-01 00:02:50.600	-0.3032	0.0649	1.0366	2.7466	-13.2446	2.6855	4.4220	14.0076	57.7386	47.3500	421	199	-209	100829	0.41 
12.064	2015-01-01 00:02:50.640	-0.3091	0.1265	1.0259	4.2725	-9.7046	-0.1831	4.6307	13.5736	57.7771	47.5400	421	199	-211	100829	0.41 
12.111	2015-01-01 00:02:50.680	-0.2920	0.1655	0.9482	2.9907	-1.8311	-2.9907	4.8505	13.4528	57.6453	47.1100	417	197	-210	100829	0.41 
12.189	2015-01-01 00:02:50.720	-0.2852	0.1235	0.9736	1.7700	0.7935	0.3662	5.0372	13.5681	57.5739	47.5900	415	197	-210	100829	0.41 
12.220	2015-01-01 00:02:50.760	-0.2744	0.0708	0.9844	-1.4038	-6.5308	-0.7324	5.0372	13.4692	57.5958	47.2600	418	195	-208	100829	0.41 
12.251	2015-01-01 00:02:50.800	-0.2354	0.1147	0.9829	-2.2583	-11.7798	-2.5635	4.9329	13.1012	57.5189	47.2100	418	193	-208	100829	0.41 
12.283	2015-01-01 00:02:50.840	-0.2261	0.1118	0.9663	-0.0610	-6.7139	-2.0142	4.9219	12.7222	57.4475	47.4000	415	191	-208	100829	0.41 
12.330	2015-01-01 00:02:50.880	-0.2588	0.0830	0.9893	-0.1221	-0.6104	-2.6245	4.9109	12.6727	57.3871	47.4000	414	191	-206	100829	0.41 
12.392	2015-01-01 00:02:50.920	-0.2520	0.1060	0.9766	0.3662	-1.7700	-3.4180	4.8944	12.6947	57.3047	47.4000	417	191	-206	100828	0.41 
12.408	2015-01-01 00:02:50.960	-0.2471	0.1172	0.9795	0.3052	-1.0376	-2.9907	4.9274	12.6837	57.2113	47.4000	417	193	-207	100829	0.41 
12.454	2015-01-01 00:02:51.000	-0.2388	0.1094	0.9976	-0.0610	-3.6011	-4.3335	4.9329	12.6288	57.1179	47.4500	417	194	-207	100829	0.41 
12.486	2015-01-01 00:02:51.040	-0.2295	0.0972	0.9932	-0.6714	-3.5400	-5.4932	4.8889	12.5244	56.9641	47.4500	419	196	-208	100829	0.41 
12.533	2015-01-01 00:02:51.080	-0.2305	0.0981	0.9917	0.2441	-2.3193	-5.1880	4.8450	12.4530	56.7993	47.4500	420	195	-208	100829	0.41 
12.595	2015-01-01 00:02:51.120	-0.2227	0.1177	0.9717	0.1831	-1.7090	-3.6621	4.8395	12.3871	56.6785	47.5400	420	195	-206	100829	0.41 
12.611	2015-01-01 00:02:51.160	-0.2280	0.1157	0.9985	-0.9155	-1.5869	-1.8921	4.8505	12.3541	56.6400	47.4000	420	196	-206	100828	0.41 
12.658	2015-01-01 00:02:51.200	-0.2285	0.0981	0.9902	-1.2207	-2.7466	-0.5493	4.8285	12.2827	56.6620	47.4500	420	194	-206	100829	0.41 
12.689	2015-01-01 00:02:51.240	-0.2227	0.0889	0.9868	-0.9155	-1.7090	-1.4038	4.7845	12.2168	56.6949	47.4000	416	192	-205	100828	0.41 
12.736	2015-01-01 00:02:51.280	-0.2275	0.0957	0.9858	-0.4883	-1.4648	-2.0142	4.7571	12.1729	56.7004	47.4500	414	190	-204	100829	0.41 
12.799	2015-01-01 00:02:51.320	-0.2295	0.1021	0.9854	-0.1831	-0.8545	-2.1973	4.7571	12.1454	56.6840	47.4000	418	192	-206	100829	0.41 
12.830	2015-01-01 00:02:51.360	-0.2261	0.0938	0.9976	-0.1221	-1.0986	-1.9531	4.7516	12.1344	56.6675	47.3500	418	192	-203	100829	0.41 
12.893	2015-01-01 00:02:51.400	-0.2295	0.0952	0.9888	0.0610	-0.7935	-2.5635	4.7516	12.1234	56.6510	47.4000	419	191	-201	100829	0.41 
12.924	2015-01-01 00:02:51.440	-0.2275	0.0981	0.9937	0.0610	-1.3428	-2.0142	4.7626	12.1179	56.6345	47.5400	420	191	-202	100828	0.41 
12.970	2015-01-01 00:02:51.480	-0.2227	0.1040	0.9907	0.1831	-1.5259	-0.6714	4.7791	12.0740	56.6620	47.5400	420	193	-207	100828	0.41 
13.002	2015-01-01 00:02:51.520	-0.2310	0.1074	0.9824	-0.7324	0.7935	1.7700	4.7955	12.0850	56.7609	47.4000	422	193	-209	100828	0.41 
13.033	2015-01-01 00:02:51.560	-0.2271	0.1035	1.0015	-0.2441	1.3428	2.6855	4.8340	12.1454	56.9476	47.3500	420	194	-210	100828	0.41 
13.065	2015-01-01 00:02:51.600	-0.2300	0.0933	0.9941	-1.2207	-0.6104	1.7700	4.8450	12.1619	57.1014	47.2100	416	195	-209	100828	0.41 
13.127	2015-01-01 00:02:51.640	-0.2251	0.0801	0.9868	-0.9155	-1.7090	1.1597	4.8175	12.1179	57.2223	47.5400	416	197	-206	100828	0.41 
13.173	2015-01-01 00:02:51.680	-0.2310	0.0913	0.9971	-0.7324	-0.5493	1.2207	4.8010	12.1124	57.3267	47.5400	416	199	-204	100828	0.41 
13.205	2015-01-01 00:02:51.720	-0.2217	0.0869	0.9858	-0.9766	-1.5869	-0.7324	4.7900	12.0850	57.3816	47.4000	417	198	-208	100828	0.41 
13.236	2015-01-01 00:02:51.760	-0.2236	0.0815	0.9932	-0.9766	-0.5493	-1.7700	4.7351	12.0630	57.3761	47.3500	414	195	-208	100828	0.41 
13.267	2015-01-01 00:02:51.800	-0.2261	0.0923	0.9927	-0.0610	-0.3662	-1.2207	4.7131	12.0685	57.3651	47.2100	411	194	-208	100828	0.41 
13.314	2015-01-01 00:02:51.840	-0.2246	0.0938	0.9893	-0.2441	-0.1831	-1.2817	4.7131	12.0850	57.3651	47.3500	411	195	-208	100828	0.41 
13.376	2015-01-01 00:02:51.880	-0.2134	0.0972	0.9902	-0.3662	-1.0986	-0.1221	4.7076	12.0575	57.3871	47.4500	416	196	-208	100828	0.41 
13.408	2015-01-01 00:02:51.920	-0.2163	0.0938	0.9888	0.0000	-0.5493	0.3052	4.7076	12.0355	57.4475	47.4500	426	200	-207	100828	0.41 
13.439	2015-01-01 00:02:51.960	-0.2104	0.0933	0.9819	-0.1831	-0.1221	0.3052	4.7186	12.0355	57.5134	47.5400	430	201	-207	100828	0.41 
13.486	2015-01-01 00:02:52.000	-0.2173	0.0908	0.9976	-0.1221	0.4272	0.7935	4.7351	12.0520	57.6068	47.4000	425	199	-207	100828	0.41 
13.533	2015-01-01 00:02:52.040	-0.2236	0.0908	0.9937	-0.3052	0.0000	-0.4883	4.7461	12.0740	57.6617	47.2600	420	199	-210	100828	0.41 
13.580	2015-01-01 00:02:52.080	-0.2202	0.0923	0.9971	-0.6104	0.4272	-0.6104	4.7351	12.1069	57.6782	47.3500	421	198	-208	100828	0.41 
13.611	2015-01-01 00:02:52.120	-0.2241	0.0928	1.0000	-0.6714	0.4883	-0.4883	4.7241	12.1509	57.7057	47.5400	421	195	-207	100828	0.41 
13.673	2015-01-01 00:02:52.160	-0.2202	0.0938	0.9902	-0.1831	-0.0610	0.6104	4.7296	12.1729	57.7661	47.2600	418	195	-208	100828	0.41 
13.705	2015-01-01 00:02:52.200	-0.2217	0.0903	0.9878	-0.6714	-0.2441	0.5493	4.7241	12.1729	57.8375	47.5900	417	195	-208	100828	0.41 
13.736	2015-01-01 00:02:52.240	-0.2173	0.0864	0.9897	-0.3052	0.1221	-0.5493	4.7131	12.1729	57.8815	47.5400	415	195	-208	100828	0.41 
13.783	2015-01-01 00:02:52.280	-0.2168	0.0913	0.9868	0.0000	1.4038	-1.5259	4.7076	12.2168	57.8925	47.5900	417	195	-208	100827	0.41 
13.815	2015-01-01 00:02:52.320	-0.2241	0.0913	0.9907	0.2441	1.3428	-1.8311	4.7131	12.2937	57.8595	47.4000	416	197	-208	100827	0.41 
13.877	2015-01-01 00:02:52.360	-0.2202	0.0947	0.9858	0.3662	2.0142	-1.2207	4.7296	12.3816	57.8430	47.4000	417	198	-209	100827	0.41 
13.908	2015-01-01 00:02:52.400	-0.2300	0.1006	0.9878	0.4272	2.1973	-0.6104	4.7681	12.4750	57.8595	47.5900	418	197	-208	100827	0.41 
13.940	2015-01-01 00:02:52.440	-0.2422	0.0923	0.9932	0.4272	2.9297	-1.2817	4.7955	12.6068	57.8705	47.5400	417	196	-208	100828	0.41 
14.018	2015-01-01 00:02:52.480	-0.2354	0.1084	0.9932	0.0610	1.4038	-1.9531	4.8065	12.7112	57.8540	47.5400	417	193	-203	100828	0.41 
14.018	2015-01-01 00:02:52.520	-0.2324	0.0952	0.9907	0.1831	2.1973	-2.9907	4.8010	12.8046	57.7991	47.5900	418	192	-204	100828	0.41 
14.080	2015-01-01 00:02:52.560	-0.2446	0.1074	0.9863	0.3052	1.2207	-2.6245	4.8120	12.9034	57.7277	47.5400	419	194	-206	100828	0.41 
14.112	2015-01-01 00:02:52.600	-0.2397	0.1064	0.9756	-0.1831	0.6104	-2.5024	4.8175	12.9694	57.6672	47.5900	420	193	-208	100828	0.41 
14.142	2015-01-01 00:02:52.640	-0.2344	0.1035	0.9922	0.0610	0.5493	-2.3193	4.8340	13.0133	57.6068	47.4000	421	195	-208	100828	0.41 
14.189	2015-01-01 00:02:52.680	-0.2363	0.0918	0.9902	0.1831	0.1831	-2.6245	4.8340	13.0353	57.5629	47.5400	418	196	-207	100827	0.41 
14.252	2015-01-01 00:02:52.720	-0.2339	0.0962	0.9897	0.4883	0.4272	-3.0518	4.8395	13.0737	57.5079	47.5400	418	194	-206	100828	0.41 
14.283	2015-01-01 00:02:52.760	-0.2339	0.0981	0.9775	0.6714	0.9766	-2.0752	4.8669	13.1067	57.4585	47.5400	418	194	-204	100828	0.41 
14.315	2015-01-01 00:02:52.800	-0.2402	0.1016	0.9922	0.4883	0.4883	-1.6479	4.8999	13.1561	57.4475	47.4000	418	194	-203	100828	0.41 
14.346	2015-01-01 00:02:52.840	-0.2441	0.0947	0.9927	0.3662	0.7935	-2.0142	4.9219	13.2001	57.4310	47.6400	422	195	-204	100828	0.41 
14.440	2015-01-01 00:02:52.880	-0.2480	0.0962	0.9834	0.3662	0.3052	-2.6245	4.9274	13.2495	57.3981	47.6400	423	196	-205	100828	0.41 
14.440	2015-01-01 00:02:52.920	-0.2461	0.0962	0.9819	0.9155	-0.3052	-3.7231	4.9384	13.2825	57.2937	47.2600	424	197	-205	100828	0.41 
14.471	2015-01-01 00:02:52.960	-0.2446	0.1030	0.9819	1.9531	1.2207	-3.9063	4.9878	13.3154	57.2113	47.5900	424	196	-205	100829	0.41 
14.517	2015-01-01 00:02:53.000	-0.2510	0.1099	0.9897	3.7231	0.6714	-2.8687	5.0977	13.3978	57.1179	47.5400	423	195	-205	100829	0.41 
14.564	2015-01-01 00:02:53.040	-0.2378	0.1094	0.9712	2.8076	0.5493	-1.5259	5.2295	13.4308	57.1124	47.5400	424	194	-204	100829	0.41 
14.627	2015-01-01 00:02:53.080	-0.2466	0.1118	0.9863	2.6245	1.5869	-0.6714	5.3503	13.4912	57.1289	47.5400	425	193	-205	100829	0.41 
14.658	2015-01-01 00:02:53.120	-0.2505	0.1016	0.9829	0.6714	1.5259	-0.3662	5.4218	13.5681	57.1783	47.6400	424	195	-205	100829	0.41