StartTime: 2017-07-21 14:57:18.641
Time(s)	ChipTime	ax(g)	ay(g)	az(g)	wx(deg/s)	wy(deg/s)	wz(deg/s)	AngleX(deg)	AngleY(deg)	AngleZ(deg)	T(°)	hx	hy	hz	Pressure(Pa)	Altitude(m) 
485.780	2015-01-01 00:18:1.480	0.0083	0.1348	1.0181	-0.7324	3.7231	-1.5869	6.1963	3.2904	52.6685	45.2400	553	329	-205	100798	0.44 
485.780	2015-01-01 00:18:1.520	0.0068	0.1445	1.0239	0.1221	2.9907	0.4883	6.2347	3.3234	52.7783	45.1500	552	327	-206	100798	0.44 
485.826	2015-01-01 00:18:1.560	-0.0029	0.1216	1.0161	-0.6714	2.9907	-0.3662	6.2512	3.3508	52.9156	45.1000	551	328	-206	100798	0.44 
485.873	2015-01-01 00:18:1.600	-0.0020	0.1265	1.0010	0.0000	2.4414	0.3052	6.2732	3.3783	53.0255	45.2400	552	327	-208	100798	0.44 
485.904	2015-01-01 00:18:1.640	-0.0171	0.1045	1.0405	-2.0752	1.0986	-4.9438	6.2238	3.4442	53.0200	45.2900	553	326	-206	100798	0.44 
485.983	2015-01-01 00:18:1.680	-0.0547	0.1270	1.0249	-3.4790	-0.3052	-5.6763	6.1194	3.4113	52.9486	45.2400	555	326	-207	100798	0.44 
485.998	2015-01-01 00:18:1.720	-0.1108	0.1934	1.0527	-3.1738	-3.6621	-5.1880	6.0150	3.3728	52.7893	45.2400	554	325	-207	100798	0.44 
486.029	2015-01-01 00:18:1.760	-0.1011	0.1772	1.0322	1.2817	-10.4370	6.4087	6.1029	3.1970	52.8937	45.1500	553	327	-206	100798	0.44 
486.076	2015-01-01 00:18:1.800	-0.0034	0.1772	0.9136	3.6011	-3.3569	10.6201	6.3281	2.7740	53.3057	45.2400	550	329	-207	100798	0.44 
486.107	2015-01-01 00:18:1.840	-0.0190	0.1895	0.9253	4.0894	17.2729	16.7847	6.6962	2.9718	53.9978	45.2400	548	329	-208	100798	0.44 
486.154	2015-01-01 00:18:1.880	-0.1206	0.1436	0.9468	6.2866	35.8887	16.7236	6.9983	4.0540	54.8602	45.2900	547	328	-206	100798	0.44 
486.185	2015-01-01 00:18:1.920	-0.1572	0.1582	0.9292	8.7280	45.7764	17.3950	7.4268	5.7184	55.7446	45.2400	545	329	-202	100797	0.44 
486.232	2015-01-01 00:18:1.960	-0.1523	0.1235	0.7817	10.3760	69.5801	9.8267	7.9541	7.9321	56.6071	45.2400	555	323	-202	100798	0.44 
486.279	2015-01-01 00:18:2.000	-0.1748	0.1421	0.9194	17.1509	84.0454	1.8311	8.6407	11.1786	57.2607	45.4400	563	317	-197	100798	0.44 
486.310	2015-01-01 00:18:2.040	-0.1587	0.0825	0.8706	14.6484	60.6079	-0.1831	9.3329	13.8208	57.7496	45.2900	569	314	-189	100798	0.44 
486.388	2015-01-01 00:18:2.080	-0.2305	0.1626	0.9185	21.7285	86.9141	-10.2539	10.0690	16.7706	57.9584	45.1500	578	314	-185	100798	0.44 
486.420	2015-01-01 00:18:2.120	-0.0112	0.5044	0.5957	22.5220	72.9980	35.4004	11.5466	19.3799	59.0295	45.2400	582	316	-184	100798	0.44 
486.451	2015-01-01 00:18:2.160	-0.1782	0.2637	0.9199	41.3818	86.8530	80.8716	14.7821	21.7090	62.8033	45.4400	591	310	-167	100798	0.44 
486.482	2015-01-01 00:18:2.200	-0.1553	-0.2266	0.7300	22.2778	88.3179	-6.3477	16.4355	24.1644	65.1984	45.1500	593	306	-157	100798	0.44 
486.529	2015-01-01 00:18:2.240	-0.2124	0.2539	0.9478	17.4561	67.8101	-32.0435	16.6992	27.5757	64.9622	45.2900	597	300	-148	100798	0.44 
486.560	2015-01-01 00:18:2.280	-0.0234	0.2437	0.3862	0.0000	42.1143	-51.2085	16.5344	29.3445	63.6493	45.2400	601	295	-137	100798	0.44 
486.607	2015-01-01 00:18:2.320	-0.2715	0.3735	0.6875	28.8086	55.7251	23.7427	17.7209	31.1682	63.7427	45.2900	601	293	-133	100798	0.44 
486.655	2015-01-01 00:18:2.360	-0.3037	0.0044	0.7173	-18.5547	11.9629	-28.0151	18.0670	32.0306	64.2480	45.1000	611	295	-117	100798	0.44 
486.686	2015-01-01 00:18:2.400	-0.4453	0.3213	1.0986	-9.5215	-28.9307	-24.8413	16.2817	31.8933	62.5232	45.2400	614	298	-110	100798	0.44 
486.763	2015-01-01 00:18:2.440	-0.5283	0.3125	0.9785	-8.0566	-22.2168	-6.2256	15.5951	30.6683	61.6278	45.2900	613	300	-108	100798	0.44 
486.811	2015-01-01 00:18:2.480	-0.6357	0.2422	1.1401	-5.0659	-43.7012	-2.1973	15.1501	29.5697	61.1389	45.1000	610	300	-113	100799	0.44 
486.811	2015-01-01 00:18:2.520	-0.6289	0.3540	1.1470	-1.6479	-27.5879	-1.7090	14.7711	28.1909	60.5182	45.4800	607	298	-116	100799	0.44 
486.873	2015-01-01 00:18:2.560	-0.5479	0.3564	1.0479	-16.7236	-19.5923	-17.5781	14.2108	27.3724	59.8315	45.4400	604	304	-119	100799	0.44 
486.920	2015-01-01 00:18:2.600	-0.5615	0.2031	1.0107	-12.2070	0.0000	-23.8647	13.1396	27.4493	58.7164	45.2400	600	306	-122	100799	0.44 
486.967	2015-01-01 00:18:2.640	-0.3540	0.2412	0.9380	-9.2163	-24.5972	-14.8926	12.1454	27.0593	57.6563	45.1500	602	310	-124	100799	0.44 
487.013	2015-01-01 00:18:2.680	-0.2065	0.2456	1.0898	-0.3662	-44.3115	1.2207	11.8323	25.2850	57.1124	45.2400	601	313	-124	100800	0.44 
487.030	2015-01-01 00:18:2.720	-0.6997	0.2861	1.5356	-5.4321	-16.2354	16.2354	11.9147	23.8293	57.5739	45.3400	601	314	-125	100800	0.44 
487.092	2015-01-01 00:18:2.760	-0.4438	0.2300	1.4507	-26.0010	-60.4248	0.3052	11.0852	22.0715	57.3651	45.2900	600	312	-131	100800	0.44 
487.123	2015-01-01 00:18:2.800	-0.2241	0.2104	1.0259	-22.3389	-47.2412	-5.9204	9.8163	19.7864	56.8323	45.1500	596	311	-140	100800	0.44 
487.170	2015-01-01 00:18:2.840	-0.1050	0.1763	0.8711	-6.0425	-25.4517	-3.7231	9.2505	18.2318	56.5027	45.2400	592	314	-146	100800	0.44 
487.201	2015-01-01 00:18:2.880	-0.0923	0.1396	0.9199	0.3662	-22.1558	-4.0283	9.1077	17.1552	56.2610	45.1500	589	313	-149	100800	0.44 
487.232	2015-01-01 00:18:2.920	-0.0645	0.1597	0.8589	-3.1738	-29.6631	6.2256	9.0253	15.5731	56.2720	45.3400	588	314	-153	100800	0.44 
487.279	2015-01-01 00:18:2.960	-0.3340	0.1553	1.0610	1.9531	-13.7939	4.8218	9.0088	14.8810	56.4038	45.3400	583	315	-156	100801	0.44 
487.310	2015-01-01 00:18:3.000	-0.2114	0.1519	1.0190	-2.8687	-30.7617	2.3804	8.9923	13.8538	56.4258	45.3400	580	316	-158	100801	0.44 
487.373	2015-01-01 00:18:3.040	-0.1294	0.1563	1.0278	-3.7231	-26.2451	1.9531	8.8055	12.6398	56.3544	45.2400	576	314	-164	100801	0.44 
487.404	2015-01-01 00:18:3.080	-0.0928	0.1699	1.0122	-1.7700	-12.6343	2.7466	8.7341	11.7554	56.4093	45.2900	578	318	-166	100801	0.44 
487.451	2015-01-01 00:18:3.120	-0.0703	0.1567	1.0464	-0.5493	-14.6484	0.6104	8.6957	11.0742	56.4368	45.1000	578	319	-168	100802	0.44 
487.498	2015-01-01 00:18:3.160	-0.0894	0.1992	1.0186	1.8311	-8.2397	-3.6011	8.7067	10.5853	56.2994	45.2400	573	315	-172	100802	0.44 
487.529	2015-01-01 00:18:3.200	-0.0854	0.1929	0.9702	4.3945	-7.8735	-2.1362	8.8550	10.1019	56.1841	45.1000	572	313	-176	100802	0.44 
487.607	2015-01-01 00:18:3.240	-0.0840	0.1968	0.9648	5.3711	-0.1221	-4.0283	9.0912	9.8767	56.0907	45.1500	570	314	-178	100802	0.44 
487.654	2015-01-01 00:18:3.280	-0.1011	0.2119	1.0073	3.0518	1.0986	-6.1646	9.3054	9.8438	55.9369	45.1500	565	313	-176	100803	0.44 
487.685	2015-01-01 00:18:3.320	-0.1035	0.2119	1.0059	1.5869	-1.5869	-4.0283	9.4263	9.7394	55.7831	45.2900	564	312	-175	100803	0.44 
487.701	2015-01-01 00:18:3.360	-0.0972	0.1968	0.9912	0.9155	-0.6104	-4.9438	9.4812	9.6185	55.6567	45.2400	567	314	-178	100803	0.44 
487.732	2015-01-01 00:18:3.400	-0.0889	0.2085	0.9951	0.9766	-1.8921	-2.3804	9.5636	9.4977	55.5798	45.2400	567	315	-181	100803	0.44 
487.827	2015-01-01 00:18:3.440	-0.0874	0.2134	0.9634	-0.1221	2.3193	-3.4790	9.6295	9.3878	55.5359	45.4400	565	313	-182	100803	0.44 
487.827	2015-01-01 00:18:3.480	-0.1006	0.2070	0.9707	0.2441	6.7749	-3.1738	9.6790	9.5197	55.4919	45.2900	559	312	-180	100803	0.44 
487.857	2015-01-01 00:18:3.520	-0.1392	0.2183	0.9448	4.5776	18.3105	-7.7515	9.7998	9.9426	55.4370	45.2900	560	310	-180	100803	0.43 
487.904	2015-01-01 00:18:3.560	-0.1128	0.2231	0.9951	4.2114	22.1558	-12.5122	10.0031	10.8051	55.1459	45.1000	565	310	-177	100803	0.43 
487.935	2015-01-01 00:18:3.600	-0.1064	0.2314	1.0161	2.1362	9.9487	-3.1128	10.1733	11.3983	55.0635	45.2900	569	311	-174	100804	0.43 
488.014	2015-01-01 00:18:3.640	-0.0713	0.1772	0.9380	-0.5493	9.2163	0.6104	10.2228	11.5302	55.1898	45.2900	570	311	-171	100804	0.43 
488.029	2015-01-01 00:18:3.680	-0.1201	0.1777	0.9712	-0.5493	18.4937	-0.6104	10.2502	11.9751	55.4041	45.2900	568	311	-170	100804	0.43 
488.077	2015-01-01 00:18:3.720	-0.1118	0.1875	1.0005	-2.3804	24.1089	-4.5166	10.1898	12.7112	55.5194	45.2900	569	312	-171	100804	0.43 
488.139	2015-01-01 00:18:3.760	-0.1094	0.1978	0.9629	-2.7466	27.4048	-7.3853	10.1019	13.6230	55.5304	45.2900	570	310	-173	100804	0.43 
488.185	2015-01-01 00:18:3.800	-0.1426	0.2012	0.9873	-1.2207	37.4756	-8.2397	10.0305	14.7986	55.5084	45.4400	574	312	-171	100804	0.43 
488.217	2015-01-01 00:18:3.840	-0.1709	0.2100	1.0146	-2.2583	28.5645	-9.2773	9.9756	16.0016	55.4755	45.2900	577	309	-166	100805	0.43 
488.248	2015-01-01 00:18:3.880	-0.2207	0.2056	1.0161	-1.5869	23.9258	-6.5918	9.8987	16.9519	55.3986	45.4800	577	309	-161	100805	0.43 
488.280	2015-01-01 00:18:3.920	-0.2319	0.1655	0.9492	-3.6621	11.9629	-8.2397	9.7559	17.5067	55.2942	45.2900	583	312	-158	100804	0.43 
488.311	2015-01-01 00:18:3.960	-0.2295	0.2158	0.8750	-3.6621	24.1089	-10.6812	9.5746	18.1879	55.0854	45.1000	584	315	-156	100804	0.43 
488.389	2015-01-01 00:18:4.000	-0.1978	0.1860	0.8574	-0.5493	52.4292	-9.8877	9.5471	19.6655	55.0140	45.2900	588	315	-154	100805	0.43 
488.436	2015-01-01 00:18:4.040	-0.3115	0.1826	0.9458	-2.8687	73.9136	-14.7705	9.5526	22.2473	55.0745	45.2400	589	316	-155	100804	0.43 
488.436	2015-01-01 00:18:4.080	-0.3130	0.1533	1.0342	-4.7607	79.5288	-16.2354	9.3219	25.2246	55.0195	45.1000	593	318	-146	100805	0.43 
488.482	2015-01-01 00:18:4.120	-0.3687	0.1963	1.1167	0.3052	84.0454	-25.7568	9.0143	28.1854	54.7339	45.2900	601	318	-134	100805	0.43 
488.514	2015-01-01 00:18:4.160	-0.9761	0.5591	1.5479	33.8745	125.1831	-4.6387	9.9756	32.6404	54.8877	45.2900	603	319	-125	100804	0.43 
488.561	2015-01-01 00:18:4.200	-0.8237	0.1392	1.5361	42.7856	10.4370	-7.2021	11.8268	35.0299	55.2338	45.2900	609	318	-110	100805	0.43 
488.623	2015-01-01 00:18:4.240	-0.5391	0.1938	1.0322	23.9258	0.9155	-3.6011	12.6727	34.6619	54.8767	45.2900	612	320	-105	100805	0.43 
488.654	2015-01-01 00:18:4.280	-0.8228	0.3979	1.2480	10.2539	14.0991	-9.8877	13.4308	35.3375	54.8328	45.3400	615	320	-103	100805	0.43 
488.701	2015-01-01 00:18:4.320	-0.6650	0.2549	0.9160	-5.6152	-11.7798	-12.2070	12.9199	35.2057	54.0582	45.2400	616	321	-100	100805	0.43 
488.748	2015-01-01 00:18:4.360	-0.5928	0.1816	1.0913	2.8076	20.5688	-13.7329	12.7332	35.4858	53.7396	45.2900	618	324	-98	100804	0.43 
488.795	2015-01-01 00:18:4.400	-0.6348	0.3452	1.2285	-7.6294	-19.1650	-11.4746	12.3596	35.5243	53.3331	45.2900	616	322	-99	100804	0.43 
488.857	2015-01-01 00:18:4.440	-0.4058	0.0908	0.9155	-16.4185	-52.6733	-8.9111	11.2445	33.5138	52.5256	45.2400	614	323	-103	100804	0.43 
488.889	2015-01-01 00:18:4.480	-0.2227	0.1445	0.7041	-15.0146	-58.2886	-1.4038	10.1898	31.1023	51.9653	45.2900	615	324	-106	100804	0.43 
488.904	2015-01-01 00:18:4.520	-0.1670	0.1045	0.5137	-20.8130	-55.1758	12.1460	9.5361	28.4601	52.0697	45.3400	616	324	-111	100804	0.43 
488.951	2015-01-01 00:18:4.560	-0.1440	0.0776	0.3481	-25.5737	-58.0444	24.5972	8.7836	25.8783	52.6300	45.1000	612	322	-122	100804	0.43 
488.998	2015-01-01 00:18:4.600	-0.1548	0.1113	0.2002	-17.7612	-43.2739	38.7573	8.6353	23.7085	53.8000	45.2400	610	321	-127	100803	0.43 
489.029	2015-01-01 00:18:4.640	-0.3413	0.1157	0.6533	-26.0620	-19.7754	31.9824	8.5638	22.6648	55.1953	45.2400	606	319	-132	100803	0.44 
489.076	2015-01-01 00:18:4.680	-0.5562	0.2197	1.0313	-37.1704	-60.4858	18.6768	7.5806	20.9949	55.9698	45.4400	602	315	-140	100803	0.44 
489.107	2015-01-01 00:18:4.720	-0.2378	0.2036	0.8477	-22.1558	-79.1626	29.9072	6.7621	17.9242	56.6180	45.4400	598	315	-149	100802	0.44 
489.154	2015-01-01 00:18:4.760	-0.1846	0.0625	0.7021	-15.1367	-51.4526	22.0337	6.3226	15.1831	57.5189	45.2900	593	312	-160	100802	0.44 
489.201	2015-01-01 00:18:4.800	-0.1978	0.1450	0.8760	-12.8784	-38.2690	3.7231	5.8502	13.4418	57.7441	45.2900	588	309	-167	100802	0.44 
489.248	2015-01-01 00:18:4.840	-0.2046	0.1445	0.8364	-3.2959	-38.6353	7.5073	5.6525	11.9312	57.8265	45.3400	586	308	-172	100802	0.44 
489.295	2015-01-01 00:18:4.880	-0.1704	0.1006	0.8125	10.4370	-23.2544	6.7139	5.8777	10.7117	58.0188	45.2900	576	308	-175	100802	0.44 
489.326	2015-01-01 00:18:4.920	-0.2158	0.2070	1.0313	19.6533	-9.9487	-2.8076	6.7236	10.0909	58.0902	45.2900	570	308	-176	100802	0.44 
489.373	2015-01-01 00:18:4.960	-0.3062	0.3066	1.1475	-3.0518	-6.5918	-24.1699	7.0642	10.1129	57.4036	45.2900	570	306	-182	100801	0.44 
489.436	2015-01-01 00:18:5.000	-0.1060	0.2124	0.9341	-7.0190	-19.3481	-6.5308	6.7786	9.5416	56.6455	45.4400	566	306	-183	100802	0.44 
489.451	2015-01-01 00:18:5.040	-0.0708	0.0815	0.8765	2.9297	-6.7749	8.4229	6.8280	8.8605	56.8433	45.4400	565	307	-186	100801	0.44 
489.482	2015-01-01 00:18:5.080	-0.0996	0.1191	1.0352	2.8687	-0.4883	-0.6714	6.9543	8.7561	57.0410	45.4400	565	308	-190	100801	0.44 
489.530	2015-01-01 00:18:5.120	-0.1289	0.1807	1.0049	-2.8076	-0.9766	-7.2021	6.9598	8.6078	56.8982	45.5300	564	306	-189	100800	0.44 
489.576	2015-01-01 00:18:5.160	-0.1274	0.1338	0.9819	-7.7515	-7.5684	-5.0049	6.7566	8.4045	56.6565	45.3400	566	307	-189	100801	0.44 
489.639	2015-01-01 00:18:5.200	-0.0566	0.1294	0.9937	-4.2725	-6.0425	-7.3853	6.4764	8.1903	56.4862	45.5300	569	307	-190	100800	0.44 
489.671	2015-01-01 00:18:5.240	-0.0137	0.1821	0.9858	-3.8452	0.2441	-7.0190	6.3226	8.0365	56.2061	45.3400	565	308	-192	100800	0.44 
489.702	2015-01-01 00:18:5.280	-0.0767	0.1650	0.9995	-3.9063	6.7749	-4.0283	6.2402	8.0804	56.1017	45.3400	561	306	-195	100800	0.44 
489.733	2015-01-01 00:18:5.320	-0.0586	0.1094	1.0439	-0.7324	1.2817	-1.3428	6.1633	8.1519	56.0907	45.2900	561	307	-196	100800	0.44 
489.811	2015-01-01 00:18:5.360	-0.0215	0.1587	0.9834	-0.6714	3.4180	-3.2349	6.1688	8.1354	56.0742	45.5300	561	306	-195	100800	0.44 
489.858	2015-01-01 00:18:5.400	-0.0405	0.1460	1.0352	-0.6714	4.7607	-2.5635	6.1908	8.1848	56.0468	45.3400	561	306	-195	100800	0.44 
489.858	2015-01-01 00:18:5.440	-0.0415	0.1167	0.9956	0.1221	2.7466	-1.0986	6.1908	8.1519	56.0852	45.5300	561	309	-194	100799	0.44 
489.889	2015-01-01 00:18:5.480	-0.0571	0.1431	1.0190	-1.3428	3.0518	-2.2583	6.2018	8.2123	56.1127	45.4400	564	309	-193	100799	0.44 
489.936	2015-01-01 00:18:5.520	-0.0684	0.1309	1.0449	1.2207	-0.3662	-1.5259	6.2183	8.2178	56.0852	45.3400	563	312	-194	100799	0.44 
490.014	2015-01-01 00:18:5.560	-0.0220	0.1255	0.9966	-1.5869	3.6621	-0.6714	6.2238	8.0859	56.1237	45.2900	566	312	-196	100799	0.44 
490.045	2015-01-01 00:18:5.600	-0.0552	0.1416	1.0098	-2.2583	2.1362	-0.4883	6.2128	8.0859	56.2170	45.3400	568	312	-197	100799	0.44 
490.077	2015-01-01 00:18:5.640	-0.0728	0.1240	1.0444	-0.7935	4.0894	0.7935	6.1523	8.1683	56.2720	45.4400	566	309	-196	100799	0.44 
490.108	2015-01-01 00:18:5.680	-0.0684	0.0889	1.0293	-0.0610	0.0000	0.1831	6.1469	8.1189	56.4038	45.4400	567	304	-199	100799	0.44 
490.154	2015-01-01 00:18:5.720	-0.0352	0.1250	0.9814	-0.3052	-1.2817	-2.8687	6.1249	7.9596	56.4148	45.2900	567	305	-199	100799	0.44 
490.217	2015-01-01 00:18:5.760	-0.0488	0.1206	1.0244	-0.7935	-0.2441	-4.0283	6.1249	7.8333	56.3434	45.2900	563	308	-197	100799	0.44 
490.248	2015-01-01 00:18:5.800	-0.0151	0.1172	0.9980	-1.8311	-1.5259	-2.0142	6.0699	7.6300	56.3104	45.1000	563	308	-196	100799	0.44 
490.279	2015-01-01 00:18:5.840	-0.0503	0.0850	1.0117	-2.8076	2.1973	-4.7607	5.9546	7.5366	56.2720	45.4800	561	309	-194	100799	0.44 
490.311	2015-01-01 00:18:5.880	-0.0630	0.0967	1.0171	-3.2959	5.0049	-10.0098	5.7678	7.6135	56.0632	45.4400	562	310	-194	100799	0.44 
490.374	2015-01-01 00:18:5.920	-0.0293	0.1069	0.9839	-3.9673	0.0000	-12.7563	5.5536	7.6355	55.6677	45.5300	563	310	-194	100799	0.44 
490.420	2015-01-01 00:18:5.960	-0.0425	0.1167	1.0063	0.0610	0.7935	-5.7983	5.4492	7.5641	55.3876	45.3400	562	310	-195	100799	0.44 
490.452	2015-01-01 00:18:6.000	-0.0488	0.1367	1.0010	0.6104	1.8311	-1.8311	5.5151	7.4762	55.3766	45.5300	561	310	-194	100799	0.44 
490.483	2015-01-01 00:18:6.040	-0.0615	0.1592	1.0112	0.4272	3.8452	-1.2207	5.6030	7.5366	55.4041	45.3400	559	309	-190	100799	0.44 
490.529	2015-01-01 00:18:6.080	-0.0586	0.1309	0.9619	0.6714	3.7231	-0.8545	5.7019	7.5476	55.5139	45.2900	558	308	-190	100799	0.44 
490.561	2015-01-01 00:18:6.120	-0.1216	0.0986	1.0063	-0.1831	22.0337	-12.9395	5.6854	8.0750	55.3107	45.4400	561	309	-195	100799	0.44 
490.623	2015-01-01 00:18:6.160	-0.1421	0.1211	1.0674	-2.3193	13.7939	-14.2822	5.5481	8.8385	54.8438	45.4400	567	305	-197	100799	0.44 
490.655	2015-01-01 00:18:6.200	-0.1484	0.0884	0.9424	-1.5869	7.3242	-14.5874	5.4053	9.2120	54.4647	45.3400	567	307	-192	100799	0.44 
490.686	2015-01-01 00:18:6.240	-0.1602	0.0991	0.8779	2.5024	15.5029	-16.5405	5.3174	9.7119	53.9648	45.2400	567	311	-193	100799	0.44 
490.749	2015-01-01 00:18:6.280	-0.1055	0.1978	0.8071	6.9580	26.3672	-8.7891	5.6250	10.6293	53.6407	45.3400	568	314	-192	100799	0.44 
490.764	2015-01-01 00:18:6.320	-0.1738	0.1475	0.5562	-13.7329	53.5278	-16.6016	5.6470	12.1564	53.4814	45.4400	569	315	-189	100799	0.44 
490.826	2015-01-01 00:18:6.360	-0.1992	0.0879	1.0522	-19.1650	50.0488	-42.0532	4.7845	14.6667	52.4542	45.4800	571	314	-189	100799	0.44 
490.858	2015-01-01 00:18:6.400	-0.2202	-0.1206	0.7988	-12.0239	21.4233	-60.1196	3.3508	15.5786	50.5096	45.4400	578	319	-179	100799	0.44 
490.921	2015-01-01 00:18:6.440	-0.1133	0.2544	0.6455	26.8555	55.4810	-36.9263	3.2739	17.4243	48.7024	45.4400	575	325	-174	100799	0.44 
490.952	2015-01-01 00:18:6.480	-0.1885	0.3970	0.6650	27.8320	30.8228	4.4556	4.9878	19.0283	48.5815	45.4400	576	328	-169	100799	0.44 
490.983	2015-01-01 00:18:6.520	-0.1797	0.0913	0.7324	20.3857	47.0581	-5.9204	6.2622	20.3027	49.1034	45.5300	584	327	-163	100799	0.44 
491.061	2015-01-01 00:18:6.560	-0.2554	0.0747	1.0474	29.3579	19.7754	1.5869	7.2565	21.7969	49.1803	45.4400	588	327	-159	100799	0.44 
491.093	2015-01-01 00:18:6.600	-0.1763	0.1445	0.5498	28.2593	25.2075	-0.9155	8.6353	22.2363	49.7131	45.5300	591	323	-158	100799	0.44 
491.124	2015-01-01 00:18:6.640	-0.5693	0.1064	1.3926	21.0571	37.4146	-12.2070	9.5581	24.0051	49.7791	45.4400	596	324	-152	100800	0.44 
491.155	2015-01-01 00:18:6.680	-0.2441	0.2598	0.5166	-1.5259	-6.5308	-18.0054	9.6460	23.6975	49.2737	45.4800	597	326	-150	100800	0.44 
491.186	2015-01-01 00:18:6.720	-0.5020	0.1680	1.2676	-0.5493	30.0293	-16.5405	9.6460	24.8346	49.0265	45.4400	599	325	-148	100800	0.44 
491.264	2015-01-01 00:18:6.760	-0.3198	0.1719	0.8315	0.4883	-10.8643	-17.2729	9.2780	24.6863	48.4442	45.4800	600	325	-151	100800	0.44 
491.264	2015-01-01 00:18:6.800	-0.4521	0.3481	1.1201	14.7705	7.1411	-4.6997	9.6185	24.9005	48.2135	45.5300	600	327	-149	100800	0.44 
491.327	2015-01-01 00:18:6.840	-0.3711	0.2109	0.8384	-0.8545	-25.6348	-4.2114	9.9097	24.2029	48.0817	45.4800	605	331	-148	100800	0.44 
491.358	2015-01-01 00:18:6.880	-0.2974	0.2290	1.0107	-1.2817	-28.1372	9.8877	9.9481	23.3459	48.2849	45.3400	602	333	-147	100801	0.44 
491.390	2015-01-01 00:18:6.920	-0.1323	0.1528	1.2856	-6.1035	-71.2280	32.5928	9.9591	20.5060	49.0430	45.5300	602	329	-148	100801	0.44 
491.468	2015-01-01 00:18:6.960	-0.4053	0.2715	2.0830	-17.7002	-67.3218	15.3198	9.6405	17.3804	49.8175	45.2900	602	327	-150	100801	0.44 
491.468	2015-01-01 00:18:7.000	-0.5347	0.5283	2.6968	-33.5693	-64.2700	13.9160	8.8440	14.3207	50.6799	45.2900	594	324	-158	100801	0.44 
491.530	2015-01-01 00:18:7.040	0.5361	-0.0811	0.3252	-24.2310	-93.0786	-9.3384	7.1960	10.7062	49.5428	45.4800	584	324	-170	100802	0.44 
491.561	2015-01-01 00:18:7.080	0.1064	0.0679	0.8848	7.8125	34.7290	-13.7329	6.8774	9.1571	49.4055	45.2900	575	326	-178	100802	0.44 
491.592	2015-01-01 00:18:7.120	-0.2090	0.2266	1.0342	-10.4980	-38.7573	-7.6294	6.8225	9.2010	49.0759	45.2900	574	331	-184	100803	0.44 
491.670	2015-01-01 00:18:7.160	-0.1152	0.0869	0.6079	-10.1318	-31.4941	-8.0566	6.3171	7.3389	48.8397	45.4800	574	334	-187	100803	0.43 
491.702	2015-01-01 00:18:7.200	0.0635	0.2354	1.2437	-4.5166	-32.4097	4.5776	6.2457	6.7181	48.6639	45.4800	571	334	-189	100804	0.43 
491.733	2015-01-01 00:18:7.240	0.2251	0.0913	1.0361	-5.1880	-34.7290	15.1978	6.0974	4.4275	49.3726	45.2900	571	334	-191	100804	0.43 
491.765	2015-01-01 00:18:7.280	0.0708	0.1006	1.0156	-8.1177	-33.6914	10.0708	5.8392	2.5708	49.9933	45.4400	563	333	-196	100804	0.43 
491.842	2015-01-01 00:18:7.320	0.0571	0.1294	0.9233	-4.0283	-8.1787	-3.1128	5.6470	1.8567	50.1526	45.4800	559	331	-202	100804	0.43 
491.873	2015-01-01 00:18:7.360	0.0718	0.1353	0.9507	-0.1831	4.3335	-4.3945	5.6525	1.6974	50.1746	45.3400	557	331	-204	100804	0.43 
491.889	2015-01-01 00:18:7.400	0.0562	0.1401	0.9985	0.6104	6.4087	-3.3569	5.7404	1.8292	50.2460	45.4400	555	330	-204	100804	0.43 
491.937	2015-01-01 00:18:7.440	0.0513	0.1431	1.0171	-1.6479	-0.3662	-0.8545	5.8008	1.8237	50.3668	45.2900	554	329	-203	100804	0.43 
491.968	2015-01-01 00:18:7.480	0.0811	0.1406	0.9946	-2.5635	2.3193	1.7090	5.7294	1.6864	50.5591	45.2400	553	329	-205	100804	0.43 
492.045	2015-01-01 00:18:7.520	0.0449	0.1470	1.0054	-1.2207	8.3618	8.3008	5.7568	1.8018	50.9711	45.2900	553	332	-206	100805	0.43 
492.077	2015-01-01 00:18:7.560	0.0137	0.0957	1.0562	-2.5024	2.6855	5.9204	5.7184	1.9226	51.4819	45.3400	552	332	-206	100805	0.43 
492.108	2015-01-01 00:18:7.600	0.0522	0.0596	1.0093	-4.1504	3.9673	-7.0190	5.5261	1.8732	51.6193	45.2900	555	329	-207	100805	0.43 
492.140	2015-01-01 00:18:7.640	-0.0010	0.1255	1.0361	-5.4321	2.6855	-13.1836	5.3174	1.9885	51.3171	45.3400	559	327	-208	100805	0.43 
492.171	2015-01-01 00:18:7.680	0.0435	0.1113	0.9819	-5.7373	2.8687	-12.5732	5.1196	2.0325	50.9985	45.3400	556	328	-207	100805	0.43 
492.248	2015-01-01 00:18:7.720	0.0474	0.1006	1.0151	-2.4414	6.0425	-10.8032	4.9823	2.1698	50.7019	45.4400	556	334	-211	100805	0.43 
492.280	2015-01-01 00:18:7.760	0.0283	0.1147	1.0308	-1.6479	1.5869	-11.3525	4.9384	2.3016	50.4602	45.2900	555	334	-210	100805	0.43 
492.312	2015-01-01 00:18:7.800	0.0396	0.1089	0.9971	-2.9907	0.2441	-10.6201	4.8560	2.2247	50.1801	45.2900	553	335	-208	100805	0.43 
492.343	2015-01-01 00:18:7.840	0.0391	0.1343	1.0078	-1.0986	5.2490	-7.5684	4.8285	2.2852	50.0208	45.4800	555	336	-208	100805	0.43 
492.405	2015-01-01 00:18:7.880	0.0146	0.1401	1.0137	-0.4883	5.7983	-3.1128	4.8724	2.4554	50.0043	45.4800	551	335	-205	100805	0.43 
492.452	2015-01-01 00:18:7.920	0.0293	0.0957	0.9932	-1.4038	8.3008	-2.2583	4.8724	2.6422	50.1416	45.4800	554	333	-206	100805	0.43 
492.483	2015-01-01 00:18:7.960	0.0166	0.1001	1.0176	-1.0376	8.4229	-5.7373	4.8285	2.8949	50.1691	45.2400	555	333	-203	100805	0.43 
492.515	2015-01-01 00:18:8.000	0.0127	0.1138	1.0190	-0.6104	5.9814	-5.3101	4.8285	3.1146	50.1636	45.2900	559	332	-201	100805	0.43 
492.545	2015-01-01 00:18:8.040	0.0308	0.1079	1.0264	-0.3052	4.2725	-3.2959	4.8285	3.2080	50.1855	45.5300	561	331	-201	100805	0.43 
492.592	2015-01-01 00:18:8.080	0.0210	0.1274	0.9980	-1.3428	2.9907	-2.7466	4.8505	3.2410	50.2899	45.2400	558	332	-203	100805	0.43 
492.655	2015-01-01 00:18:8.120	0.0283	0.1382	0.9795	-2.0752	6.8359	-2.8687	4.8505	3.3344	50.3613	45.5300	556	332	-204	100805	0.43 
492.686	2015-01-01 00:18:8.160	-0.0093	0.1587	1.0073	-3.1128	14.1602	0.3052	4.8450	3.7573	50.5206	45.4400	555	332	-204	100805	0.43 
492.733	2015-01-01 00:18:8.200	0.0015	0.0913	0.9648	-1.2207	21.8506	3.1128	4.8175	4.3176	50.8063	45.3400	554	334	-202	100805	0.43 
492.765	2015-01-01 00:18:8.240	-0.0239	0.0986	1.0298	-0.8545	31.6772	3.2959	4.8230	5.3558	51.2128	45.4800	556	334	-202	100805	0.43 
492.827	2015-01-01 00:18:8.280	-0.0386	0.0977	1.0181	0.6714	23.3765	4.9438	4.8505	6.3501	51.5698	45.4400	561	338	-194	100805	0.43 
492.873	2015-01-01 00:18:8.320	0.0249	0.1162	0.9805	1.6479	29.1748	9.0332	5.0043	7.1796	52.1191	45.5300	562	342	-188	100805	0.43 
492.921	2015-01-01 00:18:8.360	0.0381	0.0869	0.9902	2.5024	41.2598	4.4556	5.1801	8.3551	52.6630	45.4400	566	337	-189	100805	0.43 
492.921	2015-01-01 00:18:8.400	0.0020	0.0811	1.0054	3.2349	47.1802	-2.7466	5.3174	9.9097	52.9706	45.4400	567	335	-186	100805	0.43 
492.983	2015-01-01 00:18:8.440	-0.0854	0.0908	1.0225	1.2207	42.2363	-11.8408	5.3833	11.5631	52.9486	45.3400	570	333	-185	100805	0.43 
493.014	2015-01-01 00:18:8.480	0.2104	0.0859	0.7100	10.1929	76.4771	-6.2256	5.4932	13.2220	52.7838	45.4800	576	332	-181	100805	0.43 
493.045	2015-01-01 00:18:8.520	-0.1548	0.0962	1.0864	12.5732	87.3413	-15.1978	6.1084	16.5784	53.0640	45.2900	580	332	-179	100805	0.43 
493.109	2015-01-01 00:18:8.560	-0.1792	0.0557	1.1616	15.0757	82.0923	-20.5078	6.4160	19.6106	52.7179	45.3400	585	332	-166	100805	0.43 
493.140	2015-01-01 00:18:8.600	-0.4678	0.2881	1.2437	19.5923	92.4683	-15.5640	6.9543	23.1921	52.4432	45.6300	593	333	-154	100804	0.43 
493.171	2015-01-01 00:18:8.640	-0.8433	0.3413	1.4253	24.2310	100.7080	4.1504	8.3936	27.1967	53.1079	45.4800	601	332	-144	100805	0.43 
493.202	2015-01-01 00:18:8.680	-0.7280	0.0889	1.5029	11.4136	19.0430	-20.7520	8.8550	29.2401	53.0310	45.5300	606	327	-129	100805	0.43 
493.249	2015-01-01 00:18:8.720	-0.6401	0.2944	1.1675	16.8457	16.7847	-16.5405	9.0967	29.9268	52.3389	45.5300	608	327	-122	100805	0.43 
493.312	2015-01-01 00:18:8.760	-0.6455	0.2305	1.2554	15.6860	18.0664	-14.5264	9.4922	30.5804	51.8555	45.4800	609	331	-121	100805	0.43 
493.343	2015-01-01 00:18:8.800	-0.7939	0.2539	1.2866	9.4604	-2.2583	-16.0522	9.6790	31.0913	51.2292	45.4800	610	333	-120	100805	0.43 
493.405	2015-01-01 00:18:8.840	-0.5508	0.2256	1.0366	5.7373	-2.9907	-6.1035	9.7284	30.8881	50.8612	45.5300	615	333	-120	100805	0.43 
493.437	2015-01-01 00:18:8.880	-0.4702	0.2021	0.8452	-2.4414	-5.0049	-5.9204	9.7229	30.7178	50.6525	45.3400	615	333	-121	100805	0.43 
493.515	2015-01-01 00:18:8.920	-0.3774	0.1455	0.8477	-8.8501	-11.5967	1.8921	9.4373	30.3003	50.6525	45.5300	614	335	-120	100805	0.43 
493.530	2015-01-01 00:18:8.960	-0.2856	0.1113	0.7422	-13.6108	-24.7803	3.7231	9.0198	29.4049	50.8667	45.3400	614	335	-122	100805	0.43 
493.577	2015-01-01 00:18:9.000	-0.2109	0.0156	0.5435	-13.3667	-39.2456	4.2725	8.3331	27.7734	50.9491	45.2900	611	335	-126	100805	0.43 
493.609	2015-01-01 00:18:9.040	-0.1953	0.0508	0.6470	-8.7280	-42.2974	-3.7231	7.7124	25.9607	50.8997	45.6300	609	338	-127	100805	0.43 
493.640	2015-01-01 00:18:9.080	-0.3057	0.0986	0.5903	-7.0801	-73.4253	-4.7607	7.1466	23.6261	50.4492	45.5300	608	339	-129	100804	0.43 
493.718	2015-01-01 00:18:9.120	-0.2241	0.0337	0.5103	0.7324	-86.4868	-7.9956	6.7786	20.4456	49.8889	45.4400	601	336	-142	100804	0.43 
493.718	2015-01-01 00:18:9.160	-0.1885	0.0796	0.4712	4.6387	-74.2188	-17.8223	6.5424	17.4243	49.0375	45.2900	599	337	-149	100804	0.43 
493.764	2015-01-01 00:18:9.200	-0.3164	0.1187	0.4893	13.9160	-53.4668	-12.3901	6.8665	15.2820	48.3014	45.3400	589	337	-160	100804	0.43 
493.796	2015-01-01 00:18:9.240	-0.3306	0.3184	0.8330	4.3945	-41.3208	-9.8267	7.2455	13.9032	47.6202	45.6300	586	339	-169	100803	0.44 
493.842	2015-01-01 00:18:9.280	-0.1978	0.3306	0.8936	-16.1743	-39.7339	0.7324	7.2784	12.1783	47.5433	45.3400	583	340	-177	100803	0.44 
493.889	2015-01-01 00:18:9.320	-0.3418	0.1226	1.2402	-7.3853	2.3804	11.6577	6.7950	11.7114	47.8180	45.2900	577	340	-183	100803	0.44 
493.920	2015-01-01 00:18:9.360	-0.2529	0.2666	1.0264	-6.7139	-12.9395	27.2827	6.8665	11.3708	48.8947	45.4400	573	338	-185	100803	0.44 
493.967	2015-01-01 00:18:9.400	-0.0488	0.1943	0.6836	-7.1411	12.6953	24.5361	6.9763	11.1237	50.0702	45.4800	572	338	-189	100803	0.44 
493.999	2015-01-01 00:18:9.440	-0.1606	0.0962	1.1938	-5.3711	0.0610	31.0059	7.0258	11.4697	51.4215	45.2900	573	341	-191	100802	0.44 
494.061	2015-01-01 00:18:9.480	-0.0635	-0.0015	0.9541	-5.0659	-22.4609	19.5313	6.8280	10.3711	52.5476	45.5300	573	339	-191	100802	0.44 
494.124	2015-01-01 00:18:9.520	-0.0503	0.1812	0.9771	-3.1128	2.3193	0.1221	6.7676	9.8932	52.9596	45.4400	568	337	-194	100802	0.44 
494.139	2015-01-01 00:18:9.560	-0.0933	0.2100	1.1016	-3.6621	-4.8218	2.0142	6.7126	9.7339	52.9980	45.4800	568	333	-195	100802	0.44 
494.186	2015-01-01 00:18:9.600	-0.0688	0.1353	0.8867	-1.7090	2.6245	8.3008	6.7511	9.4427	53.3771	45.3400	568	333	-195	100802	0.44 
494.217	2015-01-01 00:18:9.640	-0.1191	0.1704	0.9712	-3.9063	7.4463	3.5400	6.7346	9.6350	53.7067	45.3400	567	334	-195	100801	0.44 
494.264	2015-01-01 00:18:9.680	-0.0840	0.1680	1.1133	-6.6528	-8.9722	3.8452	6.6302	9.5032	53.9319	45.4800	569	330	-192	100801	0.44 
494.342	2015-01-01 00:18:9.720	-0.0601	0.1074	0.9795	-3.8452	-3.0518	-3.9673	6.4215	9.1077	54.0088	45.4800	567	327	-191	100801	0.44 
494.358	2015-01-01 00:18:9.760	-0.0044	0.0923	1.0430	-3.1128	-11.5967	-6.1035	6.2402	8.5474	53.8879	45.4800	565	326	-193	100801	0.44 
494.374	2015-01-01 00:18:9.800	-0.0786	0.1641	1.0552	1.8311	-15.1978	-13.1836	6.1908	8.0310	53.4045	45.4400	567	333	-196	100801	0.44 
494.421	2015-01-01 00:18:9.840	-0.0186	0.1704	0.8984	6.2866	-3.5400	0.8545	6.4435	7.3773	53.3661	45.4800	565	334	-197	100801	0.44 
494.467	2015-01-01 00:18:9.880	-0.0483	0.1826	1.0459	5.2490	2.9907	3.8452	6.7896	7.3499	53.5419	45.6800	563	331	-198	100801	0.44 
494.530	2015-01-01 00:18:9.920	-0.0503	0.1279	1.0088	-1.2207	-0.6104	3.3569	6.9324	7.2729	53.7946	45.5300	563	330	-198	100801	0.44 
494.546	2015-01-01 00:18:9.960	-0.0298	0.0947	1.0063	-1.4038	0.0000	1.2817	6.8500	7.1246	53.9813	45.2900	563	328	-198	100801	0.44 
494.577	2015-01-01 00:18:10.000	-0.0313	0.1147	0.9966	-3.1738	1.4648	-1.6479	6.7621	7.0093	54.0747	45.4400	562	328	-202	100801	0.44 
494.624	2015-01-01 00:18:10.040	-0.0107	0.1787	1.0083	-4.5166	4.0283	0.9766	6.6357	6.9763	54.1351	45.5300	562	329	-202	100801	0.44 
494.671	2015-01-01 00:18:10.080	-0.0742	0.1367	1.0146	-9.1553	6.1646	-0.1221	6.4435	7.1027	54.3109	45.4400	560	328	-202	100801	0.44 
494.733	2015-01-01 00:18:10.120	-0.0313	0.0845	1.0190	-6.2866	4.4556	-1.5259	6.0864	7.2070	54.3494	45.4800	563	327	-201	100801	0.44 
494.765	2015-01-01 00:18:10.160	-0.0562	0.1182	0.9849	-2.6855	1.7700	-1.3428	5.9546	7.2455	54.4263	45.2900	561	324	-202	100801	0.44 
494.796	2015-01-01 00:18:10.200	-0.0483	0.1069	1.0239	0.6714	4.5166	-5.6763	5.9052	7.2784	54.3604	45.4800	560	323	-202	100800	0.44 
494.827	2015-01-01 00:18:10.240	-0.0342	0.1211	1.0127	0.5493	3.2959	-10.6201	5.9161	7.3663	54.1461	45.3400	563	325	-196	100800	0.44 
494.874	2015-01-01 00:18:10.280	-0.0713	0.1240	1.0156	2.0142	5.4932	-10.7422	5.9436	7.4707	53.8220	45.5300	564	325	-196	100801	0.44 
494.952	2015-01-01 00:18:10.320	-0.0449	0.1436	1.0288	1.3428	-0.8545	-7.4463	6.0095	7.4707	53.5748	45.5300	564	325	-195	100801	0.44 
494.984	2015-01-01 00:18:10.360	-0.0532	0.1309	0.9912	0.1831	0.9155	-6.5308	6.0315	7.3828	53.3936	45.7700	563	331	-200	100800	0.44 
495.015	2015-01-01 00:18:10.400	-0.0347	0.1445	1.0024	-0.1221	2.9297	-3.7231	6.0645	7.3828	53.2947	45.5300	562	334	-200	100800	0.44 
495.046	2015-01-01 00:18:10.440	-0.0562	0.1221	0.9897	-0.4272	4.8218	-3.2349	6.0699	7.4323	53.2837	45.4400	563	331	-201	100800	0.44 
495.124	2015-01-01 00:18:10.480	-0.0601	0.1450	1.0229	0.4883	4.2114	-1.9531	6.1139	7.5476	53.3167	45.6300	563	330	-199	100800	0.44 
495.155	2015-01-01 00:18:10.520	-0.0547	0.1392	1.0176	-1.5869	1.4648	-2.7466	6.1194	7.5586	53.3221	45.4800	562	329	-199	100800	0.44 
495.171	2015-01-01 00:18:10.560	-0.0459	0.1455	1.0342	-2.0752	1.1597	-0.1221	6.0809	7.5092	53.3771	45.6300	561	326	-201	100800	0.44 
495.217	2015-01-01 00:18:10.600	-0.0474	0.1221	0.9839	-0.9155	1.6479	1.0376	6.0535	7.4158	53.5254	45.6300	563	327	-199	100799	0.44 
495.249	2015-01-01 00:18:10.640	-0.0581	0.1250	1.0273	0.3052	3.2349	1.2207	6.0754	7.4268	53.6847	45.6300	563	329	-200	100799	0.44 
495.296	2015-01-01 00:18:10.680	-0.0498	0.1211	0.9976	-0.1831	2.0142	-0.3662	6.0974	7.3883	53.8000	45.5300	565	331	-202	100800	0.44 
495.359	2015-01-01 00:18:10.720	-0.0859	0.1299	1.0151	0.5493	4.6997	-0.1831	6.1359	7.4323	53.8989	45.3400	562	329	-199	100800	0.44 
495.390	2015-01-01 00:18:10.760	-0.0269	0.1367	0.9980	-0.0610	2.5024	-0.2441	6.1688	7.4652	53.9484	45.4800	558	327	-198	100800	0.44 
495.421	2015-01-01 00:18:10.800	-0.0708	0.1421	1.0220	0.0000	5.7983	0.4883	6.2238	7.5696	54.0802	45.4800	561	327	-198	100799	0.44 
495.452	2015-01-01 00:18:10.840	-0.0620	0.1484	1.0054	-1.0376	4.4556	1.1597	6.2622	7.6355	54.2175	45.4800	560	328	-198	100799	0.44 
495.499	2015-01-01 00:18:10.880	-0.0581	0.1567	0.9937	-2.9907	5.6763	2.4414	6.2457	7.7509	54.3768	45.4800	560	326	-196	100799	0.44 
495.561	2015-01-01 00:18:10.920	-0.0503	0.1738	0.9893	-2.1973	10.9863	7.9346	6.2787	7.9376	54.7119	45.5300	562	325	-197	100799	0.44 
495.593	2015-01-01 00:18:10.960	-0.0845	0.1567	0.9980	-1.2817	10.3149	13.3057	6.3501	8.2562	55.2777	45.6800	566	321	-197	100799	0.44 
495.624	2015-01-01 00:18:11.000	-0.1021	0.1372	1.0356	-2.3804	8.6060	11.8408	6.4215	8.5089	55.9149	45.6300	565	321	-197	100799	0.44 
495.671	2015-01-01 00:18:11.040	-0.1143	0.0718	1.0176	0.7324	4.1504	4.8828	6.4050	8.6353	56.3214	45.4400	563	324	-198	100799	0.44 
495.733	2015-01-01 00:18:11.080	-0.1235	0.0781	0.9990	4.4556	5.5542	-8.1787	6.4655	8.7671	56.2775	45.5300	564	324	-197	100799	0.44 
495.765	2015-01-01 00:18:11.120	-0.1460	0.1455	1.0229	4.2725	5.3101	-16.4185	6.5698	9.0088	55.8105	45.6800	565	318	-196	100799	0.44 
495.796	2015-01-01 00:18:11.160	-0.1753	0.1938	0.9160	1.3428	9.6436	-22.3999	6.6302	9.4208	55.0745	45.5300	568	315	-194	100799	0.44 
495.827	2015-01-01 00:18:11.200	-0.1113	0.2134	0.7822	-3.9673	18.8599	-20.2026	6.6193	10.1019	54.3054	45.6300	568	318	-193	100799	0.44 
495.874	2015-01-01 00:18:11.240	-0.0586	0.0596	0.7744	-6.5308	28.1372	-32.1045	6.2952	11.0907	53.5364	45.5300	568	322	-193	100799	0.44 
495.936	2015-01-01 00:18:11.280	-0.1245	0.0449	0.8335	-4.7607	15.0146	-29.7852	5.6799	11.8048	52.3718	45.5300	569	325	-189	100799	0.44 
495.968	2015-01-01 00:18:11.320	-0.1597	0.1333	0.6665	6.8970	34.5459	-25.0854	5.6415	12.9254	51.4874	45.5300	573	327	-188	100799	0.44 
495.999	2015-01-01 00:18:11.360	-0.0879	0.1826	0.6880	15.6860	43.7012	1.0986	6.2512	14.5679	51.3940	45.6300	574	327	-189	100799	0.44 
496.031	2015-01-01 00:18:11.400	-0.2075	0.0503	0.6030	9.7046	35.4614	-12.3291	6.8829	16.0291	51.5533	45.5300	578	329	-183	100799	0.44 
496.093	2015-01-01 00:18:11.440	-0.2388	0.1714	0.9404	12.5732	58.8379	-17.3950	7.0203	18.2153	51.0699	45.7700	580	329	-182	100799	0.44 
496.139	2015-01-01 00:18:11.480	-0.3521	0.3105	0.9839	2.5024	-1.5259	13.9771	7.7399	19.1656	51.4655	45.5300	582	328	-174	100799	0.44 
496.171	2015-01-01 00:18:11.520	-0.2817	0.0259	0.7974	13.3057	31.6162	12.0850	8.2288	19.5831	52.2345	45.5300	590	329	-167	100799	0.44 
496.218	2015-01-01 00:18:11.560	-0.4019	0.1987	1.1860	-5.1880	-1.7090	3.7842	8.4760	20.4620	52.7069	45.6300	592	330	-164	100799	0.44 
496.249	2015-01-01 00:18:11.600	-0.1982	0.2070	0.7056	-9.9487	3.9673	5.4321	8.2343	20.0500	52.8827	45.8700	592	331	-163	100800	0.44 
496.296	2015-01-01 00:18:11.640	-0.1445	0.0342	0.8662	-10.6201	13.6108	1.8311	8.0035	20.2863	53.2837	45.5300	592	327	-161	100799	0.44 
496.374	2015-01-01 00:18:11.680	-0.2539	0.0181	1.0024	-10.0708	13.0005	-17.4561	7.3334	20.7202	53.1958	45.4400	591	328	-160	100800	0.44 
496.389	2015-01-01 00:18:11.720	-0.3027	0.1597	1.0698	-2.3804	5.4932	-18.6768	6.8390	20.9729	52.5916	45.5300	594	328	-153	100800	0.44 
496.405	2015-01-01 00:18:11.760	-0.3096	0.2529	1.2100	-3.1738	-28.0151	-4.7607	6.6138	20.5115	52.1246	45.5300	594	328	-150	100800	0.44 
496.468	2015-01-01 00:18:11.800	-0.1929	0.1196	1.0288	4.0894	-43.3960	4.5166	6.6577	18.6768	52.1411	45.5300	593	331	-155	100800	0.44 
496.499	2015-01-01 00:18:11.840	-0.2402	0.2168	1.6519	6.1035	-68.1152	6.3477	6.8994	16.4685	52.1851	45.6300	589	333	-159	100800	0.44 
496.546	2015-01-01 00:18:11.880	-0.1768	0.1992	1.4014	-13.4888	-53.5278	4.3945	6.8170	13.4637	52.3004	45.4800	585	332	-167	100800	0.44 
496.578	2015-01-01 00:18:11.920	-0.0713	0.1704	1.9546	-18.4326	-43.2739	19.1040	6.1249	11.1127	52.6959	45.4400	587	331	-173	100801	0.44 
496.609	2015-01-01 00:18:11.960	-0.1123	0.1465	1.1719	-19.3481	-92.3462	-0.0610	5.3888	8.4814	52.8607	45.5300	583	330	-177	100801	0.44 
496.671	2015-01-01 00:18:12.000	0.3428	0.0830	0.6328	-3.7231	-42.7856	0.1221	5.0262	4.9823	52.7618	45.6800	572	330	-189	100801	0.44 
496.702	2015-01-01 00:18:12.040	0.0444	0.1426	1.0034	2.0752	-15.0757	-3.7842	5.1306	3.8892	52.7014	45.4800	564	331	-194	100802	0.44 
496.749	2015-01-01 00:18:12.080	0.0605	0.2036	1.0454	-9.1553	-60.4248	-2.9297	5.0812	2.1698	52.5641	45.6300	559	333	-201	100802	0.44 
496.781	2015-01-01 00:18:12.120	0.2837	0.1143	0.8916	-7.6294	-47.0581	8.3008	4.8175	-0.4449	52.5641	45.6300	556	336	-202	100802	0.44 
496.843	2015-01-01 00:18:12.160	0.1465	0.0483	1.0522	-8.9111	-35.1563	9.7656	4.5264	-2.1863	53.0310	45.4400	552	336	-206	100802	0.44 
496.875	2015-01-01 00:18:12.200	0.1787	0.1147	0.9902	-8.7280	-35.0342	0.4883	4.1473	-3.8232	53.2123	45.8200	543	334	-213	100802	0.44 
496.952	2015-01-01 00:18:12.240	0.2070	0.1802	0.9312	-6.7139	-10.3149	-8.3008	3.9880	-4.8560	53.0310	45.6300	537	332	-217	100802	0.44 
497.000	2015-01-01 00:18:12.280	0.1577	0.1216	0.9580	-1.7090	-2.3804	-2.9907	4.0045	-5.1086	52.9102	45.2400	534	334	-220	100802	0.44 
497.000	2015-01-01 00:18:12.320	0.1963	0.0581	0.9819	-1.7090	-0.3052	-0.7935	3.9716	-5.2954	52.9376	45.6300	531	334	-225	100802	0.44 
497.030	2015-01-01 00:18:12.360	0.1655	0.0278	1.0176	-2.9907	0.9155	0.5493	3.8397	-5.3558	53.0804	45.6800	530	334	-227	100803	0.44 
497.077	2015-01-01 00:18:12.400	0.1709	0.0400	1.0073	-2.6855	-3.2959	1.4648	3.6804	-5.5371	53.2233	45.6800	531	334	-228	100803	0.44 
497.124	2015-01-01 00:18:12.440	0.1870	0.0713	1.0000	-1.6479	-0.6714	3.1738	3.5870	-5.7184	53.4430	45.6300	529	335	-227	100803	0.43 
497.186	2015-01-01 00:18:12.480	0.2012	0.0776	0.9907	-0.3052	2.3804	2.1362	3.5431	-5.8392	53.6572	45.5300	527	333	-228	100803	0.43 
497.218	2015-01-01 00:18:12.520	0.1714	0.0942	0.9927	1.3428	5.2490	0.1831	3.6145	-5.7678	53.7946	45.6300	526	333	-229	100803	0.44 
497.233	2015-01-01 00:18:12.560	0.1992	0.0815	1.0190	2.6855	2.7466	0.3052	3.7244	-5.6744	53.8989	45.3400	526	332	-229	100803	0.43 
497.280	2015-01-01 00:18:12.600	0.2295	0.0693	0.9863	1.4648	3.9063	3.2349	3.8287	-5.7678	54.0692	45.6300	526	331	-226	100803	0.44 
497.311	2015-01-01 00:18:12.640	0.1895	0.0791	1.0122	-0.8545	-0.1221	6.2866	3.8232	-5.8063	54.3933	45.5300	525	329	-225	100803	0.43 
497.358	2015-01-01 00:18:12.680	0.1455	0.1079	1.0244	-5.3101	-1.5869	4.8218	3.7024	-5.9271	54.7119	45.3400	527	328	-225	100803	0.43 
497.405	2015-01-01 00:18:12.720	0.1479	0.1064	0.9595	-4.5776	0.9155	-1.4648	3.5431	-5.9985	54.8438	45.6300	527	324	-229	100803	0.43 
497.436	2015-01-01 00:18:12.760	0.1465	0.0991	1.0264	-2.3193	-1.6479	-1.2207	3.5046	-6.0205	54.8602	45.4400	528	325	-228	100803	0.43 
497.499	2015-01-01 00:18:12.800	0.1680	0.0903	0.9834	-4.0894	-3.1738	-3.5400	3.4277	-6.2073	54.8328	45.4800	529	328	-227	100803	0.43 
497.530	2015-01-01 00:18:12.840	0.1484	0.0928	1.0044	-2.9297	-2.5635	-1.5259	3.3289	-6.3446	54.7778	45.4400	528	331	-227	100803	0.43 
497.593	2015-01-01 00:18:12.880	0.1328	0.0879	0.9902	-5.4932	-1.6479	3.1738	3.1970	-6.4819	54.9261	45.4800	525	332	-229	100803	0.44 
497.625	2015-01-01 00:18:12.920	0.2119	0.0767	0.9844	-6.5308	-1.9531	0.0000	3.0157	-6.6522	55.0580	45.5300	524	333	-232	100803	0.43 
497.656	2015-01-01 00:18:12.960	0.2813	0.0430	0.9844	-5.8594	2.1362	-4.6387	2.7631	-6.8665	54.9976	45.4800	524	333	-230	100803	0.43 
497.718	2015-01-01 00:18:13.000	0.2568	0.0439	0.9893	-3.2959	8.9111	0.5493	2.6147	-6.8060	55.0360	45.7700	522	333	-228	100804	0.43 
497.765	2015-01-01 00:18:13.040	0.2148	0.0142	1.0044	-1.8921	9.2163	-0.7935	2.4884	-6.5753	55.1349	45.5300	524	332	-229	100804	0.43 
497.797	2015-01-01 00:18:13.080	0.2100	0.0264	0.9897	-0.4272	9.9487	-1.6479	2.4390	-6.3501	55.1953	45.7700	526	333	-229	100803	0.43 
497.828	2015-01-01 00:18:13.120	0.1787	0.0376	1.0029	0.3662	11.0474	-0.5493	2.4280	-6.0095	55.2557	45.5300	528	331	-229	100803	0.43 
497.859	2015-01-01 00:18:13.160	0.1621	0.0430	1.0283	0.8545	4.9438	0.2441	2.4554	-5.7898	55.3381	45.8200	528	332	-229	100804	0.43 
497.922	2015-01-01 00:18:13.200	0.2056	0.0254	0.9458	1.4038	15.4419	-6.2256	2.4939	-5.4932	55.3217	45.5300	528	330	-226	100804	0.43 
497.970	2015-01-01 00:18:13.240	0.1948	0.0513	1.0005	4.4556	20.3857	-10.4980	2.6422	-4.8889	55.0745	45.3400	529	330	-224	100804	0.43 
498.006	2015-01-01 00:18:13.280	0.1777	0.0698	0.9888	5.7983	28.0151	-10.0708	2.9114	-4.0375	54.7943	45.5300	533	332	-221	100804	0.43 
498.047	2015-01-01 00:18:13.320	0.1699	0.0693	0.9775	7.2021	36.2549	-10.1929	3.2190	-2.8619	54.5251	45.7700	538	335	-223	100804	0.43 
498.079	2015-01-01 00:18:13.360	0.1665	0.1196	0.9565	6.7749	45.1050	-3.7231	3.5706	-1.3953	54.4427	45.6300	539	334	-221	100804	0.43 
498.142	2015-01-01 00:18:13.400	0.1313	0.1016	0.9663	6.6528	58.1055	1.7700	3.9111	0.4944	54.6240	45.5300	543	333	-217	100804	0.43 
498.188	2015-01-01 00:18:13.440	0.1089	0.0391	0.8613	8.4229	62.9883	2.5635	4.2078	2.6971	55.0360	45.4800	547	332	-213	100804	0.43 
498.220	2015-01-01 00:18:13.480	0.1997	-0.0474	1.0122	27.6489	101.0742	-8.5449	4.7791	5.7898	55.1953	45.6300	554	331	-204	100804	0.43 
498.251	2015-01-01 00:18:13.520	0.0815	0.0410	0.9902	25.1465	98.7549	-15.1978	5.7623	9.4482	55.1953	45.6800	554	329	-196	100804	0.43 
498.282	2015-01-01 00:18:13.560	-0.0391	0.1318	1.0244	13.9160	97.9004	-20.0806	6.4764	13.0188	55.0140	45.6800	564	329	-185	100804	0.43 
498.314	2015-01-01 00:18:13.600	-0.2222	-0.1113	1.1543	12.2070	81.4209	-48.1567	6.6467	16.6168	54.1846	45.5300	578	326	-174	100804	0.43 
498.391	2015-01-01 00:18:13.640	-0.5718	0.3354	1.3042	8.3618	93.8721	-82.2144	5.9656	20.4346	51.6138	45.8200	588	330	-162	100804	0.43 
498.423	2015-01-01 00:18:13.680	-0.7031	0.4707	1.5767	62.9883	93.8721	-22.4609	7.4762	24.8621	49.8395	45.5300	596	336	-152	100805	0.43 
498.438	2015-01-01 00:18:13.720	-0.5537	0.2437	1.5073	33.4473	17.8223	-34.4849	8.9813	26.8506	49.2133	45.4400	600	340	-145	100805	0.43 
498.485	2015-01-01 00:18:13.760	-0.5308	0.2671	1.2324	38.9404	49.1333	-9.7656	9.9866	27.9492	48.5870	45.6300	600	340	-136	100805	0.43 
498.516	2015-01-01 00:18:13.800	-0.8618	0.4160	1.4429	37.8418	12.8784	-2.1362	11.8158	29.4159	48.8617	45.5300	606	344	-132	100805	0.43 
498.563	2015-01-01 00:18:13.840	-0.7173	0.2983	1.1943	0.4883	-0.4272	-31.4941	12.0850	29.6521	48.1091	45.6300	609	345	-130	100805	0.43 
498.626	2015-01-01 00:18:13.880	-0.5806	0.2290	1.1982	9.5825	-6.9580	-10.2539	11.7004	29.6796	47.2302	45.4800	610	344	-126	100805	0.43 
498.641	2015-01-01 00:18:13.920	-0.3950	0.2388	0.8706	0.9155	-27.5269	-10.0708	11.8158	28.7183	46.9885	45.6300	611	344	-126	100805	0.43 
498.704	2015-01-01 00:18:13.960	-0.2852	0.1768	0.6172	-10.1929	-10.3149	-4.8828	11.3873	27.9712	46.6205	45.6300	611	344	-128	100805	0.43 
498.736	2015-01-01 00:18:14.000	-0.2427	0.1826	0.5669	-15.8081	-17.6392	19.5923	11.1621	27.3065	47.1588	45.7700	609	344	-131	100805	0.43 
498.813	2015-01-01 00:18:14.040	-0.1782	0.1055	0.5933	-19.9585	-36.8652	34.2407	11.0193	25.8179	48.4332	45.5300	605	344	-135	100805	0.43 
498.861	2015-01-01 00:18:14.080	-0.1836	0.1025	0.5293	-26.4282	-56.4575	33.8745	10.4315	23.4174	49.6472	45.3400	604	343	-140	100804	0.43 
498.861	2015-01-01 00:18:14.120	-0.3193	0.1890	0.5117	-25.6958	-45.7764	35.3394	9.9811	21.3025	50.9052	45.6800	602	340	-146	100804	0.43 
498.923	2015-01-01 00:18:14.160	-0.2554	0.0552	0.6606	-21.9116	-57.4341	28.3813	9.5142	19.2480	52.0587	45.6800	599	336	-151	100804	0.43 
498.954	2015-01-01 00:18:14.200	-0.1533	-0.0576	0.3770	-29.1138	-66.5894	4.4556	8.3057	16.5070	52.4652	45.5300	594	332	-155	100804	0.43 
498.986	2015-01-01 00:18:14.240	-0.2432	0.0479	0.4912	-9.6436	-13.4888	-3.8452	6.9818	15.1556	52.1741	45.6800	592	330	-160	100804	0.43 
499.032	2015-01-01 00:18:14.280	-0.3438	0.3433	1.0952	1.2817	-37.4756	20.6909	7.2015	14.4635	52.5421	45.8200	586	330	-168	100803	0.43 
499.063	2015-01-01 00:18:14.320	-0.3506	0.3550	0.7588	2.5635	-28.9917	24.2920	7.7893	12.7112	53.4705	45.4800	583	330	-171	100803	0.43 
499.094	2015-01-01 00:18:14.360	-0.4502	0.0859	1.4370	-2.4414	1.8311	7.2021	7.9211	13.0792	53.9868	45.6800	581	328	-178	100803	0.44 
499.141	2015-01-01 00:18:14.400	-0.0537	0.2622	0.8013	-4.8218	-24.3530	3.2349	7.8552	12.0959	54.1187	45.7700	578	327	-182	100803	0.44 
499.173	2015-01-01 00:18:14.440	-0.0547	0.1323	0.8252	-6.4087	2.7466	12.3291	7.8278	11.4532	54.4702	45.4800	574	327	-184	100803	0.44 
499.235	2015-01-01 00:18:14.480	-0.0356	0.0859	1.0117	1.8311	-12.4512	14.3433	7.8552	11.0358	55.1349	45.7700	572	326	-182	100802	0.44 
499.282	2015-01-01 00:18:14.520	-0.0933	-0.0645	0.9790	1.9531	9.3994	1.2207	7.8003	10.7446	55.5524	45.6300	569	324	-181	100802	0.44 
499.313	2015-01-01 00:18:14.560	-0.2075	0.2280	1.0703	-7.8125	21.3013	-13.6108	7.5916	11.2665	55.2832	45.5300	569	322	-184	100802	0.44 
499.360	2015-01-01 00:18:14.600	-0.1543	0.2808	1.0664	-4.8218	-1.7090	5.6152	7.3444	11.4093	55.1624	45.5300	570	321	-187	100802	0.44 
499.407	2015-01-01 00:18:14.640	-0.0786	0.1313	0.9492	-2.3804	-4.6997	8.6670	7.4048	11.1401	55.6403	45.4400	571	321	-189	100802	0.44 
499.438	2015-01-01 00:18:14.680	-0.0288	0.0894	0.9985	0.0610	-1.0376	-1.0986	7.2949	10.8051	55.7611	45.4800	568	322	-185	100801	0.44 
499.485	2015-01-01 00:18:14.720	-0.0942	0.1978	0.9897	-0.1221	2.2583	-2.0142	7.3828	10.6897	55.7941	45.4800	565	320	-181	100801	0.44 
499.516	2015-01-01 00:18:14.760	-0.1069	0.1763	0.9922	-0.9155	0.4272	-2.9297	7.3883	10.6403	55.7227	45.4400	569	321	-185	100801	0.44 
499.563	2015-01-01 00:18:14.800	-0.1060	0.1665	1.0435	1.8311	-2.7466	-0.7935	7.4597	10.5414	55.6842	45.7700	571	322	-187	100801	0.44 
499.594	2015-01-01 00:18:14.840	-0.0698	0.1489	0.9536	0.6104	1.7090	-4.3335	7.5092	10.3436	55.6458	45.4400	571	323	-186	100801	0.44 
499.673	2015-01-01 00:18:14.880	-0.0713	0.1611	1.0005	0.8545	-1.7700	-3.0518	7.5641	10.2228	55.5524	45.7700	570	323	-187	100801	0.44 
499.704	2015-01-01 00:18:14.920	-0.0830	0.1357	1.0029	0.1221	1.4648	-4.5776	7.5586	10.1129	55.4590	45.5300	570	325	-187	100801	0.44 
499.719	2015-01-01 00:18:14.960	-0.0942	0.1792	1.0039	-1.2817	-0.2441	-3.3569	7.5586	10.0250	55.3766	45.5300	568	324	-187	100801	0.44 
499.766	2015-01-01 00:18:15.000	-0.1050	0.1558	1.0054	-2.2583	1.6479	-4.6387	7.4707	9.9811	55.2448	45.8200	565	326	-187	100801	0.44 
499.798	2015-01-01 00:18:15.040	-0.0947	0.1494	0.9907	-1.0376	0.6104	-4.2114	7.4103	9.9426	55.1404	45.5300	567	324	-188	100801	0.44 
499.876	2015-01-01 00:18:15.080	-0.0786	0.1504	1.0234	-1.6479	0.4883	-6.1035	7.3608	9.8767	55.0250	45.4800	571	323	-192	100801	0.44 
499.907	2015-01-01 00:18:15.120	-0.0967	0.1543	1.0000	-1.0986	2.3193	-6.2866	7.2784	9.7833	54.8602	45.6800	572	322	-192	100801	0.44 
499.938	2015-01-01 00:18:15.160	-0.0884	0.1567	0.9780	-3.0518	2.5024	-6.7749	7.1960	9.7723	54.6735	45.4400	572	321	-190	100801	0.44 
499.985	2015-01-01 00:18:15.200	-0.1118	0.1543	1.0327	-2.3804	-2.5635	-5.5542	7.0972	9.7559	54.5142	45.6300	569	321	-193	100801	0.44 
500.016	2015-01-01 00:18:15.240	-0.0601	0.1572	0.9980	-2.4414	-0.8545	-4.8828	7.0148	9.5746	54.3823	45.6800	568	323	-193	100801	0.44 
500.079	2015-01-01 00:18:15.280	-0.0654	0.1450	1.0044	-1.8921	2.1973	-5.1880	6.9379	9.4757	54.2889	45.7700	567	320	-195	100801	0.44 
500.111	2015-01-01 00:18:15.320	-0.0801	0.1543	0.9932	-0.9766	2.0752	-4.3335	6.8939	9.4647	54.2010	45.7700	566	319	-194	100801	0.44 
500.142	2015-01-01 00:18:15.360	-0.0879	0.1611	1.0122	-1.5259	0.0000	-2.5635	6.8774	9.4263	54.1571	45.6300	568	323	-193	100801	0.44 
500.205	2015-01-01 00:18:15.400	-0.0820	0.1523	1.0195	-1.4648	0.1831	-1.1597	6.8555	9.3219	54.1791	45.5300	568	324	-193	100801	0.44 
500.251	2015-01-01 00:18:15.440	-0.0869	0.1519	1.0015	-1.2207	1.0376	-1.3428	6.8280	9.2505	54.2230	45.6800	567	322	-195	100801	0.44 
500.282	2015-01-01 00:18:15.480	-0.0615	0.1387	1.0093	-1.0986	-0.3662	-1.5259	6.8060	9.1351	54.2615	45.5300	569	320	-194	100801	0.44 
500.298	2015-01-01 00:18:15.520	-0.0820	0.1299	0.9639	-0.5493	5.9814	-1.8921	6.7841	9.1132	54.2999	45.7700	569	322	-193	100801	0.44 
500.345	2015-01-01 00:18:15.560	-0.1069	0.1821	1.0181	1.2817	11.9629	-7.0801	6.8445	9.5197	54.2395	45.5300	567	326	-192	100801	0.44 
500.407	2015-01-01 00:18:15.600	-0.1270	0.1465	1.0278	-0.2441	10.6201	-6.3477	6.9104	9.8108	54.1461	45.6800	569	325	-191	100801	0.44 
500.423	2015-01-01 00:18:15.640	-0.0396	0.1260	0.9985	-0.4883	2.1362	-3.4790	6.8665	9.9042	54.0363	45.6800	569	325	-191	100801	0.44 
500.486	2015-01-01 00:18:15.680	-0.0801	0.1450	1.0396	-0.1831	-0.9155	-1.0986	6.8829	9.8273	54.0692	45.6800	569	324	-188	100801	0.44 
500.517	2015-01-01 00:18:15.720	-0.0757	0.1201	0.9790	-0.8545	1.8921	-4.8218	6.8390	9.6680	54.0472	45.7700	570	322	-188	100801	0.44 
500.580	2015-01-01 00:18:15.760	-0.0928	0.1543	1.0220	0.4272	3.0518	-4.0283	6.8390	9.7064	53.9703	45.7700	567	324	-190	100801	0.44 
500.611	2015-01-01 00:18:15.800	-0.0913	0.1504	1.0059	-0.3052	2.5024	-3.0518	6.8665	9.7119	53.9374	45.8200	564	326	-191	100801	0.44 
500.657	2015-01-01 00:18:15.840	-0.0757	0.1431	0.9937	-0.6104	2.5635	-3.6011	6.8665	9.6899	53.9099	45.7700	565	323	-190	100801	0.44 
500.689	2015-01-01 00:18:15.880	-0.0835	0.1621	1.0078	-0.6714	3.7231	-3.1128	6.8665	9.7339	53.8824	45.6800	566	323	-188	100801	0.44 
500.720	2015-01-01 00:18:15.920	-0.0889	0.1440	1.0049	-0.4883	2.9907	-2.4414	6.8665	9.7449	53.8770	45.5300	568	323	-190	100801	0.44 
500.766	2015-01-01 00:18:15.960	-0.0986	0.1465	1.0073	-0.6104	3.6621	-2.8076	6.8665	9.7888	53.8824	45.7700	568	324	-190	100801	0.44 
500.798	2015-01-01 00:18:16.000	-0.0908	0.1484	1.0156	-0.9766	0.8545	-2.9297	6.8610	9.7778	53.8715	45.6800	568	326	-192	100801	0.44 
500.860	2015-01-01 00:18:16.040	-0.1021	0.1475	1.0093	-0.7324	3.1128	-5.1880	6.8335	9.7833	53.8165	45.7700	568	327	-191	100801	0.44 
500.892	2015-01-01 00:18:16.080	-0.1294	0.1362	1.0195	-1.0376	6.8359	-9.1553	6.7621	9.8767	53.6517	45.6800	566	324	-198	100801	0.44 
500.923	2015-01-01 00:18:16.120	-0.0645	0.1553	0.9692	-0.0610	1.4648	-6.6528	6.7291	9.8932	53.4430	45.6300	566	324	-200	100801	0.44 
500.986	2015-01-01 00:18:16.160	-0.0874	0.1660	1.0107	0.9155	4.5776	-4.1504	6.7786	9.9756	53.3441	45.8200	568	325	-193	100801	0.44 
501.001	2015-01-01 00:18:16.200	-0.0923	0.1611	0.9937	0.4272	3.8452	-2.8076	6.8445	10.0305	53.3441	45.6800	571	326	-190	100801	0.44 
501.063	2015-01-01 00:18:16.240	-0.1006	0.1602	1.0034	0.4272	5.8594	-0.4272	6.9049	10.1349	53.4210	45.5300	571	325	-188	100801	0.44 
501.095	2015-01-01 00:18:16.280	-0.0977	0.1396	1.0220	-0.1831	1.7090	-0.2441	6.9489	10.1898	53.5419	45.7700	569	325	-187	100801	0.44 
501.126	2015-01-01 00:18:16.320	-0.0815	0.1411	0.9839	-0.0610	2.3804	-0.0610	6.9598	10.1239	53.6407	45.9600	568	326	-185	100801	0.44 
501.173	2015-01-01 00:18:16.360	-0.0889	0.1431	1.0132	-0.1221	3.2349	-0.9155	6.9818	10.1184	53.7396	45.4800	569	327	-188	100801	0.44 
501.204	2015-01-01 00:18:16.400	-0.0811	0.1333	0.9956	-0.6104	4.6997	-2.8076	6.9818	10.1404	53.7836	45.7700	570	326	-189	100801	0.44 
501.266	2015-01-01 00:18:16.440	-0.0957	0.1426	1.0015	-0.3052	6.0425	-4.3335	6.9708	10.2667	53.7616	45.6800	571	324	-188	100801	0.44 
501.313	2015-01-01 00:18:16.480	-0.0933	0.1582	1.0034	-0.4272	4.8828	-4.0894	6.9763	10.3986	53.6957	45.5300	570	325	-191	100801	0.44 
501.345	2015-01-01 00:18:16.520	-0.0962	0.1494	1.0146	-0.1221	4.9438	-3.1128	6.9873	10.5029	53.6847	45.8200	570	327	-192	100801	0.44 
501.391	2015-01-01 00:18:16.560	-0.1128	0.1445	1.0117	0.2441	8.4229	-4.9438	6.9983	10.6458	53.6737	45.7700	569	324	-189	100801	0.44 
501.423	2015-01-01 00:18:16.600	-0.0972	0.1479	0.9971	-0.0610	5.1270	-3.9063	7.0148	10.7556	53.6243	45.8700	567	320	-187	100800	0.44 
501.501	2015-01-01 00:18:16.640	-0.0981	0.1470	1.0034	-0.3662	2.1973	-5.1270	7.0093	10.8215	53.5638	45.5300	569	323	-189	100800	0.44 
501.548	2015-01-01 00:18:16.680	-0.1089	0.1641	1.0015	-1.1597	3.5400	-4.1504	7.0038	10.8545	53.4979	45.7700	570	327	-193	100800	0.44 
501.563	2015-01-01 00:18:16.720	-0.1089	0.1504	1.0049	-1.0986	2.4414	-3.2959	6.9928	10.9039	53.4595	45.7700	571	327	-190	100800	0.44 
501.595	2015-01-01 00:18:16.760	-0.1118	0.1499	1.0034	-0.4883	4.1504	-3.1128	6.9873	10.9369	53.4595	45.5300	571	326	-189	100800	0.44 
501.626	2015-01-01 00:18:16.800	-0.1162	0.1465	0.9932	-0.6714	3.6011	-3.5400	6.9708	10.9808	53.4430	45.7700	570	324	-191	100800	0.44 
501.704	2015-01-01 00:18:16.840	-0.1133	0.1572	1.0073	-0.4883	3.1738	-3.1738	6.9708	11.0083	53.4265	45.7700	571	325	-188	100800	0.44 
501.704	2015-01-01 00:18:16.880	-0.1182	0.1509	0.9932	-0.8545	3.5400	-3.1128	6.9708	11.0522	53.4155	45.7700	575	325	-186	100800	0.44 
501.751	2015-01-01 00:18:16.920	-0.1167	0.1509	1.0142	-0.0610	2.6855	-2.0752	6.9818	11.0907	53.4265	45.7700	577	326	-188	100800	0.44 
501.798	2015-01-01 00:18:16.960	-0.1104	0.1504	1.0039	-0.7935	2.1973	-2.2583	6.9928	11.0852	53.4540	45.7700	572	326	-188	100800	0.44 
501.829	2015-01-01 00:18:17.000	-0.0879	0.1479	1.0264	-1.0986	0.2441	-2.2583	6.9873	11.0358	53.4760	45.8700	569	327	-189	100800	0.44 
501.907	2015-01-01 00:18:17.040	-0.1313	0.1484	1.0220	-0.9155	4.2114	-4.8828	6.9653	11.1072	53.4869	45.7700	572	326	-188	100800	0.44 
501.954	2015-01-01 00:18:17.080	-0.1206	0.1479	1.0181	-0.7935	3.3569	-2.2583	6.9543	11.1127	53.4760	45.9600	573	325	-189	100800	0.44 
501.954	2015-01-01 00:18:17.120	-0.0986	0.1396	0.9907	-0.7935	-0.7324	-2.9907	6.9324	11.0083	53.4814	45.9600	573	325	-188	100800	0.44 
502.001	2015-01-01 00:18:17.160	-0.1138	0.1519	1.0146	-1.0376	0.1221	-2.8687	6.9104	10.9314	53.4595	45.7700	575	327	-187	100799	0.44 
502.048	2015-01-01 00:18:17.200	-0.1064	0.1460	0.9927	-0.9155	0.0610	-3.0518	6.8939	10.8435	53.4375	45.8200	572	326	-190	100800	0.44 
502.111	2015-01-01 00:18:17.240	-0.1025	0.1582	0.9961	-0.7935	1.2207	-1.7090	6.8829	10.7501	53.4540	45.6300	575	327	-191	100800	0.44 
502.142	2015-01-01 00:18:17.280	-0.1001	0.1519	0.9990	-1.7700	1.4648	-1.4648	6.8719	10.6897	53.4924	46.1500	577	329	-193	100800	0.44 
502.173	2015-01-01 00:18:17.320	-0.1099	0.1460	1.0093	-1.5869	2.3193	-1.8921	6.8390	10.6842	53.5364	45.6800	573	327	-191	100800	0.44 
502.235	2015-01-01 00:18:17.360	-0.1108	0.1489	1.0142	-1.4648	1.4648	-1.8921	6.8005	10.6567	53.5693	45.6800	567	324	-188	100800	0.44 
502.251	2015-01-01 00:18:17.400	-0.1011	0.1528	0.9937	-1.0986	1.9531	-1.5259	6.7950	10.6073	53.6133	45.5300	566	323	-186	100800	0.44 
502.314	2015-01-01 00:18:17.440	-0.0991	0.1484	1.0098	-1.0376	0.9766	-1.7700	6.7896	10.5579	53.6517	45.8700	568	324	-187	100800	0.44 
502.345	2015-01-01 00:18:17.480	-0.0903	0.1519	0.9873	-0.8545	2.8076	-2.3193	6.8005	10.5359	53.6792	45.8200	568	324	-188	100800	0.44 
502.377	2015-01-01 00:18:17.520	-0.1187	0.1523	1.0317	-0.4883	1.4648	-2.3804	6.8060	10.5908	53.7012	45.6800	569	324	-189	100800	0.44 
502.408	2015-01-01 00:18:17.560	-0.1069	0.1426	0.9956	-0.3052	2.4414	-1.1597	6.8225	10.5249	53.7616	45.6800	572	326	-189	100800	0.44 
502.485	2015-01-01 00:18:17.600	-0.0908	0.1440	1.0073	-1.0986	-0.2441	-1.2817	6.8170	10.4370	53.8000	45.8700	571	324	-188	100801	0.44 
502.517	2015-01-01 00:18:17.640	-0.1040	0.1465	1.0098	-0.5493	1.5869	-0.8545	6.8280	10.3876	53.8770	45.6300	571	325	-186	100801	0.44 
502.549	2015-01-01 00:18:17.680	-0.1060	0.1455	1.0049	-0.9155	1.3428	-0.7324	6.8225	10.3217	53.9484	45.8200	571	326	-185	100801	0.44 
502.580	2015-01-01 00:18:17.720	-0.0991	0.1440	1.0044	-0.7324	1.0986	-0.4272	6.8170	10.2832	54.0253	45.6800	573	327	-186	100801	0.44 
502.642	2015-01-01 00:18:17.760	-0.0962	0.1401	1.0103	-1.4038	0.7935	-0.7935	6.8115	10.2118	54.0912	45.4800	570	326	-187	100801	0.44 
502.689	2015-01-01 00:18:17.800	-0.1021	0.1377	0.9961	-0.4883	2.3804	-2.5635	6.7950	10.1514	54.1351	45.8200	567	323	-187	100801	0.44 
502.736	2015-01-01 00:18:17.840	-0.1035	0.1284	1.0024	-0.7935	5.4932	-10.0708	6.7511	10.2887	53.9539	45.8700	567	321	-187	100801	0.44 
502.751	2015-01-01 00:18:17.880	-0.0913	0.1348	1.0015	0.5493	7.7515	-7.7515	6.7126	10.4590	53.7451	46.0600	570	325	-189	100801	0.44 
502.782	2015-01-01 00:18:17.920	-0.1035	0.1494	0.9854	-0.0610	8.0566	-7.0801	6.7072	10.6677	53.5748	45.4800	570	329	-190	100801	0.44 
502.829	2015-01-01 00:18:17.960	-0.1240	0.1670	1.0073	-0.3662	6.6528	-2.0752	6.7291	10.8545	53.5089	45.8200	570	327	-188	100801	0.44 
502.892	2015-01-01 00:18:18.000	-0.1094	0.1758	0.9971	-1.7090	0.9766	1.2817	6.7676	10.9149	53.6023	45.6800	571	330	-188	100801	0.44 
502.923	2015-01-01 00:18:18.040	-0.1118	0.1538	1.0171	-1.0986	2.1973	4.0894	6.7841	10.8490	53.8275	45.7700	572	328	-188	100801	0.44 
502.954	2015-01-01 00:18:18.080	-0.1025	0.1294	0.9912	-1.8311	1.5259	3.1738	6.7786	10.7666	54.0747	45.7700	573	327	-190	100801	0.44 
503.001	2015-01-01 00:18:18.120	-0.0981	0.1372	1.0088	-1.0376	3.7231	2.7466	6.7731	10.7446	54.2944	45.6300	579	325	-190	100801	0.44 
503.048	2015-01-01 00:18:18.160	-0.1152	0.1343	1.0068	-0.4883	1.8921	1.1597	6.7950	10.7336	54.4922	45.6800	576	326	-187	100801	0.44 
503.095	2015-01-01 00:18:18.200	-0.1079	0.1431	0.9951	-0.4272	1.0986	-0.7324	6.8060	10.6897	54.5801	45.6800	572	323	-187	100801	0.44 
503.142	2015-01-01 00:18:18.240	-0.0996	0.1372	0.9868	-0.7935	2.0752	-2.1362	6.7950	10.6293	54.6130	45.8200	570	321	-187	100801	0.44 
503.158	2015-01-01 00:18:18.280	-0.1045	0.1426	1.0029	-0.5493	2.8687	-3.1128	6.7896	10.6403	54.6021	45.9600	573	322	-188	100802	0.44 
503.220	2015-01-01 00:18:18.320	-0.1064	0.1475	0.9961	-0.7324	2.6855	-3.4790	6.7841	10.6567	54.5691	45.8200	573	323	-190	100802	0.44 
503.252	2015-01-01 00:18:18.360	-0.1006	0.1406	1.0044	-0.4883	2.0752	-3.1128	6.7841	10.6567	54.5471	45.6800	574	325	-191	100802	0.44 
503.298	2015-01-01 00:18:18.400	-0.0898	0.1519	1.0137	-0.6104	4.0283	-3.9063	6.7731	10.6842	54.4922	45.7700	573	323	-186	100801	0.44 
503.329	2015-01-01 00:18:18.440	-0.1108	0.1489	1.0254	-0.9155	3.5400	-4.3945	6.7731	10.7611	54.4592	45.8200	572	323	-186	100802	0.44 
503.360	2015-01-01 00:18:18.480	-0.1064	0.1392	0.9829	-0.2441	2.8687	-3.9063	6.7511	10.7501	54.3878	45.8200	573	326	-186	100802	0.44 
503.408	2015-01-01 00:18:18.520	-0.1035	0.1489	1.0112	-0.3662	1.3428	-3.6011	6.7566	10.7501	54.3384	45.8200	577	325	-188	100801	0.44 
503.470	2015-01-01 00:18:18.560	-0.1094	0.1484	1.0054	-0.7935	2.6245	-3.9673	6.7566	10.7501	54.2999	45.7700	579	325	-189	100802	0.44 
503.533	2015-01-01 00:18:18.600	-0.1074	0.1460	1.0024	-0.4883	3.2349	-3.5400	6.7401	10.7721	54.2505	46.0600	575	323	-187	100802	0.44 
503.564	2015-01-01 00:18:18.640	-0.1118	0.1553	1.0073	-0.7935	2.1362	-2.9907	6.7401	10.7886	54.2230	45.8200	573	326	-191	100802	0.44 
503.595	2015-01-01 00:18:18.680	-0.1074	0.1416	1.0029	-0.6104	2.4414	-2.8687	6.7346	10.7721	54.2120	45.8200	573	325	-190	100802	0.44 
503.627	2015-01-01 00:18:18.720	-0.1064	0.1450	1.0034	-0.7935	2.0752	-3.3569	6.7346	10.7721	54.1846	46.0100	572	320	-190	100801	0.44 
503.704	2015-01-01 00:18:18.760	-0.1079	0.1489	0.9951	-0.7324	3.2349	-3.4180	6.7346	10.7831	54.1626	45.8200	572	318	-191	100802	0.44 
503.752	2015-01-01 00:18:18.800	-0.1108	0.1455	1.0054	-0.1831	1.9531	-2.0752	6.7401	10.7941	54.1681	45.8200	574	321	-189	100801	0.44 
503.752	2015-01-01 00:18:18.840	-0.1021	0.1338	0.9927	-0.7324	2.9297	-3.3569	6.7236	10.7666	54.1571	45.7700	574	323	-189	100801	0.44 
503.782	2015-01-01 00:18:18.880	-0.1245	0.1318	0.9985	0.1831	4.6997	-3.1128	6.7181	10.8160	54.1461	46.0600	573	323	-186	100801	0.44 
503.829	2015-01-01 00:18:18.920	-0.0952	0.1475	1.0093	-0.4272	1.4648	-3.6011	6.7017	10.8545	54.0857	45.8700	574	323	-187	100802	0.44 
503.876	2015-01-01 00:18:18.960	-0.1167	0.1475	1.0181	-0.4272	2.2583	-2.7466	6.6962	10.8490	54.0747	45.9600	574	321	-188	100801	0.44 
503.939	2015-01-01 00:18:19.000	-0.1040	0.1396	0.9976	-0.7935	2.1973	-3.1738	6.6742	10.8051	54.0527	45.6800	573	323	-187	100801	0.44 
503.970	2015-01-01 00:18:19.040	-0.1118	0.1450	1.0093	-1.0986	3.0518	-3.6621	6.6577	10.8380	54.0198	45.7700	576	326	-188	100801	0.44 
503.986	2015-01-01 00:18:19.080	-0.1152	0.1382	1.0000	-1.0376	2.3193	-3.2959	6.6357	10.8490	53.9923	45.7700	576	327	-189	100801	0.44