StartTime: 2017-07-21 14:23:19.802
Time(s)	ChipTime	ax(g)	ay(g)	az(g)	wx(deg/s)	wy(deg/s)	wz(deg/s)	AngleX(deg)	AngleY(deg)	AngleZ(deg)	T(°)	hx	hy	hz	Pressure(Pa)	Altitude(m) 
593.568	2015-01-01 00:06:32.080	-0.0723	0.0508	1.0146	-0.0610	0.1221	-1.3428	2.6477	3.7299	45.4559	48.3100	507	434	-237	100818	0.42 
593.614	2015-01-01 00:06:32.120	-0.0684	0.0503	1.0132	0.0610	-0.4272	-1.8311	2.6422	3.7354	45.4504	48.2600	507	436	-239	100817	0.42 
593.646	2015-01-01 00:06:32.160	-0.0723	0.0479	1.0122	-0.3052	-0.8545	-1.6479	2.6312	3.7189	45.4230	48.2600	505	440	-236	100818	0.42 
593.693	2015-01-01 00:06:32.200	-0.0737	0.0498	1.0132	0.0000	-0.7324	-1.9531	2.6312	3.6969	45.4010	48.2600	505	437	-239	100817	0.42 
593.756	2015-01-01 00:06:32.240	-0.0737	0.0552	1.0098	-0.3052	-0.8545	-1.8921	2.6312	3.6859	45.3790	48.4500	506	436	-240	100817	0.42 
593.787	2015-01-01 00:06:32.280	-0.0908	0.0537	1.0278	-0.0610	-0.5493	-0.9155	2.6257	3.6969	45.3625	48.3100	506	435	-241	100818	0.42 
593.818	2015-01-01 00:06:32.320	-0.0762	0.0483	1.0103	-0.0610	0.5493	-2.7466	2.6202	3.7079	45.3461	48.1700	507	435	-239	100818	0.42 
593.849	2015-01-01 00:06:32.360	-0.0767	0.0479	1.0034	0.0000	-1.4648	-1.6479	2.6202	3.7189	45.3021	48.3100	505	437	-241	100818	0.42 
593.896	2015-01-01 00:06:32.400	-0.0767	0.0552	1.0142	0.0000	-0.5493	-1.5869	2.6147	3.6914	45.2802	48.1700	505	437	-235	100818	0.42 
593.958	2015-01-01 00:06:32.440	-0.0713	0.0493	1.0195	-0.1221	-0.7935	-0.7324	2.6202	3.6749	45.2856	48.3100	505	435	-231	100817	0.42 
593.989	2015-01-01 00:06:32.480	-0.0781	0.0483	1.0205	-0.3662	-1.9531	-0.7324	2.6147	3.6420	45.3131	48.1700	505	435	-230	100818	0.42 
594.021	2015-01-01 00:06:32.520	-0.0781	0.0439	1.0225	0.0000	-1.7700	-1.1597	2.6093	3.5925	45.3131	48.3100	506	437	-234	100818	0.42 
594.052	2015-01-01 00:06:32.560	-0.0747	0.0508	1.0044	0.0000	-2.0142	-1.4648	2.5983	3.5266	45.3076	48.4500	506	438	-234	100818	0.42 
594.099	2015-01-01 00:06:32.600	-0.0845	0.0522	1.0161	-0.4272	-2.9907	-1.8311	2.5873	3.4552	45.2802	48.3100	507	440	-240	100817	0.42 
594.162	2015-01-01 00:06:32.640	-0.0747	0.0479	1.0171	-0.3662	-2.4414	-1.7700	2.5708	3.3728	45.2527	48.1700	507	441	-243	100818	0.42 
594.193	2015-01-01 00:06:32.680	-0.0771	0.0430	1.0146	-0.4272	-2.7466	-2.3193	2.5543	3.2904	45.2252	48.3100	507	440	-243	100817	0.42 
594.240	2015-01-01 00:06:32.720	-0.0757	0.0469	1.0176	-0.4272	-3.5400	-2.8687	2.5269	3.1970	45.1648	48.3100	506	437	-241	100817	0.42 
594.271	2015-01-01 00:06:32.760	-0.0728	0.0493	1.0142	-0.7324	-2.9907	-2.9907	2.4994	3.0872	45.0989	48.4500	504	435	-239	100817	0.42 
594.333	2015-01-01 00:06:32.800	-0.0713	0.0449	1.0137	-0.7935	-3.7231	-2.8687	2.4609	2.9828	45.0330	48.4500	504	436	-238	100817	0.42 
594.365	2015-01-01 00:06:32.840	-0.0718	0.0518	1.0156	-0.4883	-3.9673	-2.5635	2.4390	2.8729	44.9561	48.0700	504	440	-238	100817	0.42 
594.396	2015-01-01 00:06:32.880	-0.0508	0.0464	1.0112	-0.4883	-3.9063	-3.6621	2.4170	2.7411	44.9066	48.4500	503	437	-236	100818	0.42 
594.443	2015-01-01 00:06:32.920	-0.0698	0.0439	1.0181	-0.6714	-5.1880	-1.8921	2.4005	2.6202	44.8517	48.1200	502	438	-237	100817	0.42 
594.474	2015-01-01 00:06:32.960	-0.0698	0.0430	1.0151	-0.5493	-4.3335	-2.3193	2.3676	2.4500	44.8242	48.2600	502	434	-238	100817	0.42 
594.505	2015-01-01 00:06:33.000	-0.0605	0.0488	1.0210	-0.9155	-5.7373	-2.4414	2.3346	2.2852	44.7858	48.2600	502	433	-238	100818	0.42 
594.568	2015-01-01 00:06:33.040	-0.0640	0.0425	1.0220	-0.7324	-6.0425	-1.4648	2.3071	2.0764	44.7748	48.5000	501	433	-239	100817	0.42 
594.615	2015-01-01 00:06:33.080	-0.0566	0.0415	1.0161	-1.0376	-6.1646	-1.9531	2.2687	1.8512	44.7638	48.1200	501	434	-241	100817	0.42 
594.646	2015-01-01 00:06:33.120	-0.0581	0.0435	1.0234	-1.0986	-7.6904	-1.5869	2.2302	1.6150	44.7473	48.1200	498	436	-238	100817	0.42 
594.693	2015-01-01 00:06:33.160	-0.0527	0.0435	1.0229	-0.9766	-7.9956	-1.5259	2.1863	1.3403	44.7253	48.2600	496	437	-237	100817	0.42 
594.740	2015-01-01 00:06:33.200	-0.0493	0.0459	1.0229	-0.9766	-8.7891	-1.4038	2.1478	1.0437	44.7198	48.4100	496	437	-236	100817	0.42 
594.771	2015-01-01 00:06:33.240	-0.0444	0.0454	1.0269	-1.2817	-9.3994	-1.4648	2.1094	0.7251	44.7144	48.4100	495	438	-239	100817	0.42 
594.802	2015-01-01 00:06:33.280	-0.0493	0.0522	1.0225	-1.2207	-11.4136	-0.2441	2.0764	0.3680	44.7198	48.1200	495	440	-238	100817	0.42 
594.849	2015-01-01 00:06:33.320	-0.0459	0.0430	1.0200	-1.5869	-12.0850	-0.7935	2.0270	-0.0330	44.7308	48.1200	494	439	-240	100817	0.42 
594.880	2015-01-01 00:06:33.360	-0.0356	0.0425	1.0127	-1.6479	-13.9160	-0.4272	1.9611	-0.5054	44.7418	48.2600	494	439	-241	100817	0.42 
594.943	2015-01-01 00:06:33.400	-0.0303	0.0371	1.0215	-1.5259	-14.7095	-0.9155	1.9006	-1.0107	44.7583	48.3100	494	439	-242	100817	0.42 
594.974	2015-01-01 00:06:33.440	-0.0293	0.0415	1.0215	-2.0752	-16.4795	-0.4883	1.8402	-1.5875	44.7858	48.2600	492	440	-241	100817	0.42 
595.005	2015-01-01 00:06:33.480	-0.0347	0.0483	1.0220	-1.8921	-18.6768	-0.3052	1.7798	-2.2083	44.7913	48.5000	490	441	-239	100817	0.42 
595.068	2015-01-01 00:06:33.520	-0.0103	0.0386	1.0166	-2.4414	-21.3623	0.6104	1.7029	-2.9443	44.8297	48.2600	489	441	-241	100817	0.42 
595.083	2015-01-01 00:06:33.560	-0.0254	0.0347	1.0195	-2.1362	-22.3389	0.1221	1.6150	-3.6969	44.8572	48.5000	485	443	-242	100817	0.42 
595.177	2015-01-01 00:06:33.600	-0.0200	0.0210	1.0210	-1.8921	-24.0479	0.6714	1.5271	-4.5209	44.8901	48.3100	483	441	-243	100817	0.42 
595.224	2015-01-01 00:06:33.640	-0.0083	0.0376	1.0117	-1.7700	-29.4800	0.9155	1.4557	-5.4492	44.9341	48.3100	485	440	-243	100817	0.42 
595.240	2015-01-01 00:06:33.680	-0.0098	0.0171	1.0264	-2.0752	-31.9214	-1.0986	1.3678	-6.4984	44.9451	48.2600	480	443	-242	100817	0.42 
595.271	2015-01-01 00:06:33.720	-0.0098	0.0010	1.0029	-1.9531	-36.2549	-1.8311	1.2799	-7.6959	44.9011	48.2600	479	446	-240	100817	0.42 
595.302	2015-01-01 00:06:33.760	-0.0107	0.0205	0.9946	-2.9907	-41.5649	-3.6621	1.1810	-9.0308	44.8132	48.3100	479	447	-240	100817	0.42 
595.349	2015-01-01 00:06:33.800	0.0518	0.0142	1.0181	-6.7749	-53.9551	-7.8735	1.0437	-10.7007	44.5825	48.3100	477	447	-240	100817	0.42 
595.380	2015-01-01 00:06:33.840	0.0034	0.0142	0.8794	-6.2866	-61.1572	-8.4229	0.8295	-12.9858	44.2419	48.5000	466	444	-244	100817	0.42 
595.427	2015-01-01 00:06:33.880	-0.0303	0.0264	0.9897	-8.3618	-57.1899	-6.8970	0.6702	-14.6063	43.9069	48.4100	459	442	-244	100817	0.42 
595.458	2015-01-01 00:06:33.920	0.0161	-0.0469	0.7715	-4.2114	-60.1196	-9.0332	0.4340	-16.8201	43.6652	48.0700	453	443	-243	100817	0.42 
595.505	2015-01-01 00:06:33.960	-0.0620	0.0210	0.8413	-6.1646	-50.7202	-20.2637	0.4230	-18.3197	43.0939	48.3100	451	443	-243	100817	0.42 
595.584	2015-01-01 00:06:34.000	0.1567	-0.0146	0.6367	-2.4414	-37.2314	-18.9209	0.4779	-19.9622	42.2754	48.2600	444	445	-243	100817	0.42 
595.599	2015-01-01 00:06:34.040	0.0747	0.0229	0.6104	6.2866	-23.3154	-23.2544	0.8295	-20.6653	41.4899	48.4500	438	447	-241	100817	0.42 
595.646	2015-01-01 00:06:34.080	0.1660	0.1650	0.3804	7.5684	-8.2397	-13.4888	1.7194	-21.1981	40.6769	48.1700	432	450	-241	100817	0.42 
595.677	2015-01-01 00:06:34.120	0.2813	0.0063	0.1851	13.0005	-4.6997	2.3804	2.4500	-21.8298	40.6824	48.4500	429	451	-243	100817	0.42 
595.708	2015-01-01 00:06:34.160	0.2031	0.0337	-0.0234	12.7563	33.2031	0.7935	2.5983	-22.8900	40.2264	48.1700	428	452	-245	100817	0.42 
595.787	2015-01-01 00:06:34.200	0.2422	-0.0620	0.6230	-1.9531	-19.9585	-2.3193	2.6752	-22.4506	40.4572	48.2600	428	451	-246	100817	0.42 
595.802	2015-01-01 00:06:34.240	0.8813	0.1147	-0.0093	0.0000	-36.9873	4.0894	2.4939	-24.8730	39.9463	48.2600	429	449	-246	100817	0.42 
595.849	2015-01-01 00:06:34.280	-0.1992	0.4263	1.9785	-5.4321	-110.0464	18.7988	2.9498	-26.1200	40.5780	48.4500	429	446	-245	100817	0.42 
595.896	2015-01-01 00:06:34.320	5.1011	-0.0908	2.2905	-21.7285	-370.4224	74.2798	-0.0385	-40.0067	43.2037	48.1700	422	451	-246	100816	0.42 
595.927	2015-01-01 00:06:34.360	-1.7158	-0.0664	0.6343	44.2505	-88.4399	71.5942	-1.9446	-44.3134	47.2742	48.2600	406	453	-238	100816	0.42 
595.990	2015-01-01 00:06:34.400	-0.0674	-0.0459	0.4985	-7.5684	-162.7197	-37.1704	-1.6644	-48.4277	46.7139	48.1700	399	451	-236	100817	0.42 
596.005	2015-01-01 00:06:34.440	1.2627	0.6143	-0.1709	6.1035	-198.4253	35.5225	-0.3296	-56.0083	45.8569	48.3100	387	451	-232	100816	0.42 
596.052	2015-01-01 00:06:34.480	0.9565	-0.3179	0.1094	-23.0713	-171.0815	79.0405	-6.9269	-63.7756	52.6575	48.3100	375	451	-225	100817	0.42 
596.099	2015-01-01 00:06:34.520	1.6191	-0.5239	-0.5132	-53.6499	-169.0674	69.7632	-22.5879	-70.1202	66.7749	48.3100	369	451	-222	100816	0.42 
596.162	2015-01-01 00:06:34.560	1.3413	0.0703	-0.6919	-33.4473	-105.4077	51.7578	-42.4017	-74.1907	85.2429	48.2600	368	454	-213	100816	0.42 
596.193	2015-01-01 00:06:34.600	0.6201	-0.5845	-0.4292	-10.8643	-57.1289	37.7808	-57.1124	-73.9270	99.2065	48.5000	369	464	-196	100816	0.42 
596.224	2015-01-01 00:06:34.640	1.3701	-0.4004	-0.1602	5.8594	37.2314	25.3296	-62.8802	-73.2404	104.2932	48.2600	370	468	-183	100816	0.42 
596.272	2015-01-01 00:06:34.680	0.5952	-0.5083	0.1938	0.4883	5.6152	-7.7515	-59.6118	-71.6418	100.6677	48.1200	370	471	-178	100816	0.42 
596.318	2015-01-01 00:06:34.720	1.1152	-0.5967	0.1382	11.0474	22.1558	-9.4604	-58.7933	-71.6089	99.5142	48.1200	370	472	-175	100816	0.42 
596.365	2015-01-01 00:06:34.760	0.6201	-0.3179	0.3750	-4.6387	-6.4697	-14.7705	-54.9152	-71.2189	95.3833	48.4100	373	471	-179	100816	0.42 
596.396	2015-01-01 00:06:34.800	1.0195	-0.4463	0.0059	-4.3335	10.0708	-11.3525	-55.9973	-72.1143	95.4382	48.2600	372	470	-180	100816	0.42 
596.459	2015-01-01 00:06:34.840	0.8008	-0.1533	0.1147	-22.0947	-1.0376	2.6245	-54.4977	-72.4548	92.8564	48.1200	370	472	-179	100815	0.42 
596.522	2015-01-01 00:06:34.880	1.0049	-0.3159	-0.1650	-6.5308	6.3477	-17.8833	-55.2228	-73.2349	92.7301	48.1700	370	473	-179	100816	0.42 
596.568	2015-01-01 00:06:34.920	1.0571	0.0371	0.2129	-1.5869	27.1606	7.5684	-51.0480	-72.8394	87.7808	48.3100	369	474	-179	100816	0.42 
596.599	2015-01-01 00:06:34.960	0.9014	-0.3457	-0.0684	17.2119	17.5781	4.0283	-50.4822	-72.3669	87.2205	48.1700	370	471	-179	100816	0.42 
596.615	2015-01-01 00:06:35.000	1.0068	-0.0767	0.1865	7.5684	37.9028	17.5781	-47.0215	-71.2299	83.5840	48.1700	372	472	-179	100816	0.42 
596.662	2015-01-01 00:06:35.040	0.9077	-0.3750	0.1870	16.7236	50.8423	-0.3052	-45.1978	-69.8346	81.9580	48.4500	374	473	-182	100816	0.42 
596.709	2015-01-01 00:06:35.080	1.0869	-0.0610	0.1201	13.1836	18.9209	17.5781	-42.5116	-68.9392	79.4916	48.1700	378	474	-184	100816	0.42 
596.771	2015-01-01 00:06:35.120	0.5879	-0.9175	0.6807	4.7607	-0.6714	-63.7817	-39.2267	-68.1482	75.9595	48.1200	381	474	-189	100816	0.42 
596.802	2015-01-01 00:06:35.160	0.8057	0.1753	-0.1890	-15.5029	-24.4751	-57.0068	-35.6726	-70.7410	71.4990	48.1700	381	473	-193	100816	0.42 
596.849	2015-01-01 00:06:35.200	0.9932	0.0820	0.6099	-14.3433	-13.7329	36.7432	-34.3872	-71.0431	70.2081	48.3100	381	472	-194	100816	0.42 
596.896	2015-01-01 00:06:35.240	0.9009	-0.4048	0.4409	4.6997	18.4937	7.3853	-36.2933	-70.2026	72.0209	48.1700	376	469	-191	100816	0.42 
596.928	2015-01-01 00:06:35.280	0.8110	-0.2437	0.3574	-2.0142	-19.7754	-8.3008	-36.2439	-70.0488	71.8835	48.1700	375	470	-192	100816	0.42 
597.006	2015-01-01 00:06:35.320	0.9561	-0.2319	0.1924	-2.3804	-11.4136	-19.4092	-36.2878	-70.9991	71.5320	48.0700	373	466	-191	100816	0.42 
597.006	2015-01-01 00:06:35.360	0.9741	-0.1387	0.1675	-7.5073	-17.8833	-3.6011	-36.7438	-71.7682	71.5155	48.1700	372	465	-190	100816	0.42 
597.052	2015-01-01 00:06:35.400	0.9951	-0.2437	0.0483	-3.2959	-5.4321	2.3804	-38.6554	-72.3175	72.9712	48.1200	370	466	-187	100816	0.42 
597.099	2015-01-01 00:06:35.440	0.9331	-0.2153	0.0898	2.9907	0.9155	-2.9907	-39.1882	-72.5647	73.1964	48.1700	366	467	-185	100816	0.42 
597.146	2015-01-01 00:06:35.480	0.9785	-0.2261	0.1553	5.2490	10.0098	1.3428	-38.8916	-72.5098	72.7844	48.1200	366	470	-185	100816	0.42 
597.177	2015-01-01 00:06:35.520	0.9604	-0.2344	0.2529	3.2349	6.6528	5.0049	-38.6005	-72.1198	72.4548	48.1200	366	471	-185	100816	0.42 
597.240	2015-01-01 00:06:35.560	0.8965	-0.2329	0.2808	2.5635	-0.4883	1.4648	-38.7213	-71.8451	72.5153	48.0700	366	471	-185	100816	0.42 
597.272	2015-01-01 00:06:35.600	0.9136	-0.2021	0.2422	-1.2817	-4.1504	-2.1362	-38.6719	-71.9440	72.3175	48.1200	370	471	-187	100816	0.42 
597.303	2015-01-01 00:06:35.640	0.9717	-0.1885	0.2734	0.0000	-0.8545	-5.9814	-38.3258	-72.0703	71.7352	47.9800	368	472	-187	100816	0.42 
597.349	2015-01-01 00:06:35.680	0.9248	-0.1685	0.1895	0.2441	-5.0659	-3.1128	-38.2654	-72.3724	71.5045	48.1700	367	468	-188	100816	0.42 
597.412	2015-01-01 00:06:35.720	0.9722	-0.1816	0.1763	0.3662	-0.4883	-2.2583	-38.3478	-72.5867	71.3892	47.9800	368	469	-187	100816	0.42 
597.475	2015-01-01 00:06:35.760	0.9546	-0.2163	0.2080	1.0376	1.0376	-1.1597	-38.3093	-72.6361	71.1639	48.2600	369	470	-188	100816	0.42 
597.506	2015-01-01 00:06:35.800	0.9326	-0.2051	0.2129	0.7935	-2.3804	0.3662	-38.4467	-72.6526	71.1639	48.1200	365	470	-188	100816	0.42 
597.537	2015-01-01 00:06:35.840	0.9429	-0.2124	0.2227	0.1221	-0.7935	-1.5869	-38.5291	-72.6801	71.0870	48.1200	361	470	-183	100816	0.42 
597.615	2015-01-01 00:06:35.880	0.9517	-0.1919	0.2051	-0.7324	-2.5635	-2.1973	-38.6169	-72.8174	70.9717	48.1200	360	470	-181	100816	0.42 
597.615	2015-01-01 00:06:35.920	0.9531	-0.1968	0.2080	-0.2441	-0.9155	-2.6855	-38.6279	-72.9382	70.7684	48.2600	360	471	-181	100816	0.42 
597.678	2015-01-01 00:06:35.960	0.9575	-0.1948	0.1836	-0.4272	-1.5869	-2.8687	-38.6224	-73.0920	70.5597	48.1700	361	470	-181	100816	0.42 
597.709	2015-01-01 00:06:36.000	0.9648	-0.1938	0.2085	0.0000	0.3662	-1.8921	-38.5345	-73.1744	70.2740	48.1700	361	469	-183	100816	0.42 
597.740	2015-01-01 00:06:36.040	0.9565	-0.1938	0.2002	0.2441	-0.5493	-1.5259	-38.4906	-73.2349	70.0653	48.1700	361	468	-183	100816	0.42 
597.834	2015-01-01 00:06:36.080	0.9541	-0.2026	0.2251	0.3662	0.6714	-0.6104	-38.4082	-73.2404	69.8346	48.1200	364	467	-185	100816	0.42 
597.834	2015-01-01 00:06:36.120	0.9497	-0.1860	0.2144	-0.2441	-0.6714	0.9155	-38.5400	-73.2678	69.8181	48.2600	364	468	-188	100816	0.42 
597.881	2015-01-01 00:06:36.160	0.9502	-0.1963	0.2046	0.0610	0.4883	0.3662	-38.6829	-73.2788	69.8071	48.1200	365	466	-188	100816	0.42 
597.912	2015-01-01 00:06:36.200	0.9932	-0.2007	0.1978	-0.4272	0.1221	-2.1362	-38.9685	-73.3282	69.9500	48.4500	366	465	-188	100816	0.42 
597.959	2015-01-01 00:06:36.240	0.9165	-0.1899	0.1992	-0.3662	-2.4414	0.3662	-39.0509	-73.3832	69.9060	48.0700	366	466	-187	100816	0.42 
598.022	2015-01-01 00:06:36.280	0.9570	-0.2026	0.2070	-0.1221	-1.5259	-2.1362	-39.2596	-73.4491	69.9609	48.2600	368	468	-185	100816	0.42 
598.053	2015-01-01 00:06:36.320	0.9497	-0.1963	0.1943	-0.1221	-0.6714	-1.3428	-39.3365	-73.5315	69.8895	48.1200	368	469	-185	100816	0.42 
598.084	2015-01-01 00:06:36.360	0.9609	-0.1992	0.1914	-0.2441	-0.1221	-0.9766	-39.4519	-73.5919	69.8511	47.9800	367	470	-184	100816	0.42 
598.131	2015-01-01 00:06:36.400	0.9434	-0.2061	0.2051	0.0000	-1.7700	-0.6104	-39.6057	-73.6194	69.8676	48.0700	367	470	-183	100816	0.42 
598.193	2015-01-01 00:06:36.440	0.9429	-0.1963	0.2007	-0.1831	-1.7700	-1.7700	-39.7266	-73.7018	69.8511	48.2600	368	470	-185	100816	0.42 
598.225	2015-01-01 00:06:36.480	0.9448	-0.2070	0.1924	-0.1831	-0.7324	-1.6479	-39.8254	-73.7732	69.8181	48.1700	368	471	-186	100816	0.42 
598.287	2015-01-01 00:06:36.520	0.9575	-0.1929	0.1870	-0.0610	0.0000	-1.8921	-39.7760	-73.8501	69.6313	48.2600	369	471	-186	100816	0.42 
598.318	2015-01-01 00:06:36.560	1.0156	-0.2183	0.1968	0.0610	0.4272	3.5400	-40.0342	-73.8336	69.7687	48.3100	369	469	-186	100816	0.42 
598.350	2015-01-01 00:06:36.600	0.7827	-0.1851	0.2114	-0.5493	-14.5264	14.7705	-41.7426	-73.7128	71.4606	48.0700	366	470	-186	100816	0.42 
598.428	2015-01-01 00:06:36.640	1.0405	-0.2090	0.1611	-1.2207	-6.4697	-3.7842	-43.3301	-74.0369	72.8668	48.0700	366	470	-185	100816	0.42 
598.459	2015-01-01 00:06:36.680	0.9556	-0.2158	0.1982	0.3052	-3.0518	0.6104	-43.6267	-74.1357	73.0481	48.2600	366	469	-185	100816	0.42 
598.491	2015-01-01 00:06:36.720	0.9580	-0.2275	0.1812	1.8311	1.8921	-3.5400	-43.7256	-74.1797	73.0316	48.1200	366	470	-184	100816	0.42 
598.522	2015-01-01 00:06:36.760	0.9722	-0.2197	0.1885	-0.6714	0.1221	-2.0752	-43.5443	-74.2126	72.7295	48.1700	367	470	-184	100816	0.42 
598.599	2015-01-01 00:06:36.800	0.9404	-0.1797	0.1934	0.3052	-5.9204	-0.9155	-43.6707	-74.2950	72.7515	48.0700	370	469	-184	100816	0.42 
598.631	2015-01-01 00:06:36.840	0.9434	-0.2070	0.1382	-1.9531	-10.3760	-0.7935	-44.6484	-74.5587	73.6194	48.1200	371	470	-184	100816	0.42 
598.662	2015-01-01 00:06:36.880	0.9229	-0.1821	0.1802	-0.3662	-0.2441	0.2441	-45.2747	-74.6301	74.0753	48.1700	371	471	-184	100816	0.42 
598.694	2015-01-01 00:06:36.920	1.0229	-0.2490	0.1572	0.2441	5.0049	-4.1504	-45.4175	-74.6631	74.0698	48.0700	368	471	-185	100817	0.42 
598.756	2015-01-01 00:06:36.960	0.9443	-0.2119	0.2085	-0.1221	-0.3052	-2.6855	-44.5331	-74.5972	73.0756	48.1200	366	470	-183	100816	0.42 
598.802	2015-01-01 00:06:37.000	0.8672	-0.1978	0.2183	-1.4648	-4.3335	4.2114	-44.9561	-74.5752	73.3557	47.9800	365	471	-184	100817	0.42 
598.834	2015-01-01 00:06:37.040	0.9766	-0.2231	0.1357	-1.5869	-3.2959	0.3662	-46.0547	-74.7235	74.3170	48.1700	367	472	-186	100817	0.42 
598.865	2015-01-01 00:06:37.080	0.9517	-0.1914	0.1812	-0.1221	0.3662	-0.2441	-46.1646	-74.7290	74.3115	47.9800	367	471	-184	100817	0.42 
598.927	2015-01-01 00:06:37.120	0.9883	-0.2402	0.1709	0.4272	5.5542	-10.0708	-45.5438	-74.7949	73.5699	48.1700	368	472	-186	100817	0.42