11 steps
StartTime: 2017-07-14 14:15:41.614
Time(s)	ax(g)	ay(g)	az(g)	wx(deg/s)	wy(deg/s)	wz(deg/s)	AngleX(deg)	AngleY(deg)	AngleZ(deg)	T(°)	hx	hy	hz	Pressure(Pa)	Altitude(m) 
1403.597	-0.1729	-0.1050	1.0405	-2.2583	-1.0376	8.9111	-4.0594	11.4368	79.7113	43.3200	188	45	-83	100549	0.65 
1403.722	-0.1729	-0.0815	1.0210	0.3052	-3.7842	5.1270	-4.1418	11.0742	80.1178	43.3000	184	45	-85	100549	0.65 
1403.800	-0.1025	-0.0786	0.9854	0.6104	3.7842	9.3994	-3.9551	11.0248	80.5902	43.3200	184	43	-88	100549	0.65 
1403.894	-0.1104	-0.1108	0.9805	-1.2817	6.4697	3.9063	-3.9276	11.6290	81.0791	43.3200	186	43	-78	100549	0.65 
1404.019	-0.0801	-0.0908	0.9736	-1.0376	18.9819	-9.1553	-4.2133	12.4805	80.4803	43.3400	192	42	-78	100549	0.65 
1404.098	-0.2100	0.0962	0.8286	-4.5776	50.1099	19.2871	-4.1144	15.5292	79.9915	43.3300	195	39	-74	100549	0.65 
1404.238	-0.1943	-0.1948	0.8618	6.5918	35.4004	-0.2441	-3.9386	20.1654	81.3977	43.3400	207	36	-59	100549	0.65 
1404.331	-0.3081	0.2969	0.8560	22.2168	49.2554	40.8325	-1.3843	25.1917	81.8866	43.3400	215	30	-40	100549	0.65 
1404.425	-0.3145	0.1543	1.7002	23.1934	61.0962	9.3994	2.1313	29.6576	85.1550	43.3400	224	21	-27	100550	0.65 
1404.535	-0.3018	0.0923	1.5317	-33.7524	-12.3291	88.9893	5.7458	29.9762	91.6205	43.3300	236	8	-17	100550	0.65 
1404.613	-0.6533	-0.2959	-0.0405	-31.5552	12.6343	-9.4604	-0.3735	26.3672	93.9825	43.3200	234	-3	-21	100550	0.65 
1404.738	-0.6587	0.0864	1.1694	-13.9771	44.7998	30.8838	-0.4669	29.3719	95.6360	43.3000	241	-8	-19	100550	0.65 
1404.847	-1.0220	-0.4209	2.3374	4.2725	43.7012	-119.3848	-4.8560	32.9810	92.6697	43.2800	249	-12	-6	100551	0.65 
1404.925	-0.1025	0.1182	-0.2188	45.2271	-111.0229	-94.6045	-9.4702	25.7245	80.7166	43.2600	245	17	-14	100552	0.65 
1405.050	-0.1191	0.0947	0.0083	4.4556	-65.3687	22.7051	-1.8896	20.3906	80.7880	43.2200	236	34	-42	100552	0.65 
1405.144	-0.9570	0.1362	3.1484	-1.9531	87.8296	-29.9072	-0.9448	24.3512	80.7715	43.2200	236	34	-43	100552	0.65 
1405.223	-0.8345	-0.1816	2.1719	19.6533	-13.3667	108.0322	2.4939	23.7415	87.6324	43.2100	239	20	-34	100552	0.65 
1405.348	-0.5063	-0.2686	-0.3770	-36.6211	-39.7949	25.7568	5.4108	14.6008	96.1578	43.1700	236	-1	-49	100552	0.64 
1405.457	-0.6973	-0.0137	-0.3062	0.9766	12.5122	-67.5659	-2.5873	10.3162	93.0103	43.1600	233	0	-71	100552	0.64 
1405.551	0.1055	-0.4956	1.1289	19.9585	-14.3433	-79.6509	-1.5820	15.9137	91.6205	43.1500	239	-3	-61	100552	0.64 
1405.644	0.3911	-0.0186	-0.0576	12.3901	-91.5527	-88.8672	-4.6472	12.8705	80.3485	43.1200	239	21	-56	100553	0.64 
1405.847	-0.2344	-0.0566	0.2109	16.2964	-23.1323	9.2773	1.4832	10.9369	78.7775	43.1100	231	36	-74	100553	0.64 
1405.878	-1.2339	-0.3999	3.0156	-37.9028	166.0156	-87.7686	3.0817	16.9189	78.3435	43.0900	238	35	-74	100552	0.64 
1406.003	-1.2046	-0.2563	2.2671	14.1602	37.5977	119.8730	4.3396	18.5559	85.6934	43.0900	253	26	-60	100552	0.64 
1406.082	-0.1611	-0.4009	-0.4497	-36.8042	-24.1089	29.1748	6.9983	10.5029	94.9878	43.0700	254	3	-67	100552	0.65 
1406.238	-0.3887	-0.4414	-0.4087	-14.2212	0.0000	-50.6592	1.1975	7.3169	92.8674	43.0500	251	-1	-90	100552	0.64 
1406.300	0.4893	-0.8833	0.9590	24.0479	-18.4326	-73.0591	2.2137	12.1399	93.7189	43.0400	262	2	-73	100552	0.64 
1406.394	0.1396	-0.1646	0.1934	2.6855	-101.0132	-75.3174	-0.0439	11.6455	83.8147	43.0400	259	26	-63	100552	0.64 
1406.473	0.0029	0.0718	0.0454	8.3008	-27.7710	45.2881	4.6088	8.3771	82.1667	43.0300	246	47	-82	100552	0.64 
1406.644	-0.6436	-1.2134	1.5117	-54.8706	153.9307	-37.5977	3.2465	10.3711	85.2374	43.0300	246	42	-89	100552	0.64 
1406.722	-0.7061	-0.1821	2.2915	-3.1738	73.7915	75.8057	3.0542	13.8812	86.5118	43.0300	254	55	-64	100552	0.64 
1406.800	0.1772	-0.0703	-0.6943	-29.7241	-32.3486	77.7588	7.6849	7.9926	95.4218	43.0100	253	30	-71	100553	0.64 
1406.894	-0.0122	0.0366	-0.2036	-14.7095	-46.5698	-1.0986	4.3231	6.0535	93.7408	42.9900	241	33	-86	100552	0.64 
1407.050	-1.2461	-0.5186	3.3062	0.9766	-31.3110	16.2354	2.9938	14.0515	94.0265	42.9900	239	37	-73	100552	0.65 
1407.144	-0.9155	-0.2495	1.9009	-6.5308	-93.0176	-73.3032	-0.3845	14.9414	85.0616	42.9800	225	51	-61	100552	0.64 
1407.207	-0.2153	0.4976	-0.3306	30.5176	-11.2915	4.8828	1.6425	6.4325	77.2504	42.9600	196	66	-80	100552	0.64 
1407.332	-0.1851	0.5620	-0.2334	17.7002	73.6084	48.9502	7.1960	5.0702	78.1293	42.9600	184	61	-92	100552	0.65 
1407.425	0.2603	0.2827	1.1260	-31.3110	-31.4331	116.0278	5.2789	10.9918	80.4034	42.9600	183	48	-72	100552	0.64 
1407.519	0.4121	-0.1465	-0.1914	8.1177	-144.4702	97.5342	6.2018	6.8280	89.4012	42.9500	184	25	-68	100552	0.64 
1407.613	-0.0972	0.2349	0.2285	-5.0659	-37.5366	-27.4658	1.8127	1.9720	88.0719	42.9400	172	6	-83	100553	0.64 
1407.723	-0.6309	0.2593	2.6694	5.1880	201.2939	-5.3101	1.1536	3.7958	84.5123	42.9300	169	4	-87	100552	0.64 
1407.832	-0.7886	0.0049	2.2808	-7.8735	78.7964	-125.1221	0.6757	2.9004	82.2437	42.9300	166	0	-83	100552	0.64 
1407.957	0.1816	-0.0830	0.0894	5.3711	-33.0811	-2.3193	-0.9338	-2.6093	79.7333	42.9400	166	8	-87	100553	0.64 
1408.051	-0.1997	0.0391	-0.0552	11.5967	-33.6914	75.6226	4.7900	-6.7456	83.9026	42.9200	164	-1	-102	100552	0.64 
1408.160	-2.9780	-0.3843	4.2876	-23.6206	21.4233	-69.4580	3.2739	-0.6757	86.0120	42.9200	169	-17	-94	100552	0.65 
1408.238	-0.5591	-0.6919	1.4141	-4.6387	8.2397	22.7051	1.8018	-6.6797	89.7363	42.9200	165	-18	-100	100552	0.65 
1408.348	-0.0029	-0.0752	0.6265	25.3906	-27.5879	-92.2241	4.1309	-7.5641	86.5997	42.9300	163	-17	-102	100552	0.65 
1408.457	0.0854	0.2183	0.6948	16.2354	-7.7515	-54.0771	7.5806	-9.3164	78.2281	42.9300	161	-2	-107	100552	0.65 
1408.535	-0.5493	-0.1479	1.3950	36.5601	-10.1318	16.0522	10.6183	-5.7678	75.7562	42.9400	166	6	-109	100551	0.65 
1408.676