run 10 
StartTime: 2017-07-12 12:08:11.416
Time(s)	ax(g)	ay(g)	az(g)	wx(deg/s)	wy(deg/s)	wz(deg/s)	AngleX(deg)	AngleY(deg)	AngleZ(deg)	T(°)	hx	hy	hz	Pressure(Pa)	Altitude(m) 
453.581	-1.2505	0.0352	1.8579	-1.5869	-3.6621	4.1504	2.9553	32.1075	140.2734	40.3100	71	-223	275	100951	0.31 
453.706	-1.2222	0.0337	1.8721	0.7324	0.5493	3.8452	3.1256	32.0142	140.6470	40.3300	74	-222	276	100951	0.31 
453.784	-1.2314	0.0229	1.8638	0.7935	4.1504	2.1973	3.2794	32.2394	140.8887	40.3300	72	-225	274	100951	0.31 
453.956	-1.2412	0.0220	1.8618	1.3428	2.6245	-0.7324	3.3289	32.5909	140.8282	40.3200	71	-226	276	100952	0.31 
454.050	-1.2427	0.0317	1.8418	0.9155	1.2207	-1.8311	3.2629	32.8271	140.5591	40.3300	74	-229	281	100952	0.31 
454.159	-1.2363	-0.0176	1.8687	-0.9766	1.6479	0.1831	3.0103	33.1018	140.2734	40.3200	70	-226	276	100952	0.31 
454.222	-1.1514	-0.0200	1.8511	-0.3052	1.2817	0.4883	2.7521	33.2941	140.0208	40.3300	70	-223	278	100952	0.31 
454.315	-1.2227	0.0044	1.7861	6.1646	13.7939	2.6855	3.0707	33.9587	140.2570	40.3500	74	-223	278	100952	0.31 
454.440	-1.1387	0.1426	1.6299	9.7656	20.4468	26.1841	5.1691	35.7111	142.3059	40.3400	74	-225	286	100951	0.31 
454.597	-1.2700	0.0601	1.8306	12.2681	29.0527	21.3623	8.1354	38.6664	146.3159	40.3600	72	-234	289	100952	0.31 
454.659	-1.3110	-0.1753	2.1465	6.3477	16.2964	-0.9155	9.1406	40.8032	147.6288	40.3500	71	-242	300	100952	0.31 
454.737	-1.3657	0.0908	2.2734	18.1274	27.8320	-14.4653	9.8767	42.8467	146.3763	40.3300	79	-238	312	100952	0.31 
454.878	-1.1709	-0.1011	1.3877	-12.9395	-34.3018	-19.7144	8.6572	41.8304	144.5416	40.3100	82	-237	316	100952	0.31 
454.987	-1.5957	1.1304	0.8145	18.6157	60.8521	33.3252	4.5538	40.1056	138.9166	40.2800	84	-232	302	100952	0.31 
455.081	-1.0718	0.1719	1.7881	8.9111	45.9595	-19.4702	7.2290	43.0554	142.5311	40.2800	88	-237	313	100953	0.31 
455.160	-1.3389	-0.2231	1.9541	3.7842	-42.1143	-36.7432	4.7461	44.0717	139.6088	40.2700	95	-233	318	100953	0.31 
455.285	-1.0293	0.2319	0.6753	-17.7002	-29.8462	51.6357	3.3783	39.3915	138.3618	40.2000	100	-228	306	100953	0.31 
455.394	-1.7515	0.1548	2.6338	-27.4658	-0.3662	1.6479	4.1473	43.7750	141.2183	40.1900	94	-235	307	100952	0.31 
455.488	-1.3228	0.0674	2.3120	-7.3853	-31.0059	39.0625	5.7294	43.1927	143.4924	40.2000	96	-238	309	100953	0.31 
455.612	-1.0542	-0.1221	0.6509	-9.7046	-41.6870	-36.8652	3.6475	38.9355	140.9326	40.1600	88	-237	298	100953	0.31 
455.722	-2.1616	1.8086	1.5640	66.9556	128.2959	60.2417	1.9995	39.4409	135.0714	40.1300	99	-230	289	100953	0.31 
455.831	-1.5176	0.6797	2.2847	-14.7095	68.2373	17.6392	4.2188	41.8414	138.7189	40.1100	98	-233	304	100953	0.31 
455.925	-0.8633	0.2192	0.6719	-2.5635	-78.0640	2.3804	4.0979	37.5952	140.8118	40.1000	89	-238	292	100953	0.31 
456.019	-1.1631	-0.2544	0.6685	-28.5034	35.0342	92.3462	6.7731	35.7880	148.3539	40.0600	75	-242	271	100953	0.31 
456.222	-1.2432	-0.2397	2.2466	-20.5688	2.1362	38.8794	8.4540	41.6986	152.4298	40.0600	71	-252	283	100953	0.31 
456.284	-1.0225	-0.0264	1.2817	-27.8931	-63.7207	8.3618	8.8220	39.6552	154.0833	40.0300	66	-257	282	100952	0.31 
456.363	-1.0205	0.4155	0.8789	10.8643	-29.6021	-76.2329	1.9336	37.0789	143.8110	39.9900	66	-254	271	100953	0.31 
456.472	-1.1851	-0.0776	2.8276	3.0518	-100.2197	-44.9829	4.8889	42.0996	145.5963	39.9800	78	-251	284	100953	0.31 
456.581	-1.2456	-0.6250	1.7930	-3.9063	-106.6284	-13.5498	3.7463	41.2207	145.1239	39.9800	78	-251	288	100953	0.31 
456.691	-1.0645	0.1299	0.6929	-0.3662	-29.2969	31.4331	3.9441	34.5465	143.1299	39.9400	77	-250	272	100953	0.31 
456.769	-2.8638	1.1514	3.8550	1.2207	-63.7817	3.7231	4.9768	43.9233	142.5696	39.9400	81	-253	286	100953	0.31 
456.909	-1.1631	0.4829	2.1626	1.5869	-67.0776	9.2773	6.5863	40.0397	145.6348	39.9300	79	-260	289	100953	0.31 
457.034	-1.1089	-0.3276	0.3726	-13.0005	-40.8936	-58.5327	2.6257	33.3875	143.2178	39.9000	69	-260	274	100953	0.31 
457.128	-2.9487	1.6235	4.0083	41.8091	311.5234	240.7837	6.2128	40.2869	143.0695	39.8900	77	-253	275	100953	0.31 
457.206	-1.5088	0.5742	2.2324	-16.2354	71.2891	-15.4419	4.2627	39.3640	142.4158	39.8800	77	-259	284	100954	0.31 
457.331	-0.5830	0.0479	0.7231	10.8643	-113.0371	0.5493	3.0267	34.6509	142.0148	39.8500	73	-264	278	100954	0.31 
457.425	-1.1191	0.2295	0.9370	0.1831	-9.2773	10.6201	4.4110	33.6017	144.8218	39.8300	58	-265	267	100954	0.31 
457.519	-0.5259	0.0811	2.0347	-13.4277	-102.2949	50.1709	3.0542	40.2649	141.6412	39.8100	64	-266	280	100954	0.31 
457.644	-1.0830	0.4683	1.8955	19.7144	-77.8809	30.0293	5.8557	38.8202	143.5529	39.8000	63	-269	288	100954	0.31 
457.753	-1.1792	-0.1167	0.3926	-18.4326	-77.3926	-46.5698	3.3508	32.7557	141.4874	39.7800	51	-270	273	100954	0.31 
457.848	-1.0532	-0.0288	0.8311	-21.8506	11.7798	8.1177	1.6095	33.2281	140.5811	39.7900	44	-262	258	100953	0.31 
457.957	-0.2773	0.0039	1.2876	10.3760	-70.1294	-74.7681	7.2125	37.0789	148.4802	39.7800	31	-267	268	100954	0.31 
458.081	-1.0435	-0.1641	1.6157	-29.1748	-82.2754	-15.5640	4.9054	38.7433	145.6952	39.7600	35	-262	269	100953	0.31 
458.175	-1.0215	0.2275	0.9214	-20.7520	-28.9917	30.7007	3.0432	35.8099	144.0857	39.7200	32	-255	259	100953	0.31 
458.270	-1.4600	0.4297	0.6504	7.5684	17.7612	34.1797	3.3234	33.0359	148.2495	39.7200	16	-249	246	100952	0.31 
458.425	-0.6665	0.2422	1.3340	-24.5361	-70.0684	60.9741	0.7910	36.8701	145.4535	39.7200	25	-243	247	100952	0.31 
458.519	-1.4146	0.1167	2.0674	9.5215	-42.1143	-11.2915	1.0107	38.5565	146.7664	39.7100	18	-242	248	100952	0.31 
458.628	-1.1099	-0.0337	1.4565	8.7280	-17.3950	-15.5029	2.8290	36.6449	147.1564	39.6800	16	-238	248	100952	0.31 
458.722	-2.2129	0.1343	3.1016	18.3716	96.6797	41.9922	2.1533	40.4626	144.2175	39.6900	27	-240	250	100952	0.31 
458.847	-1.3818	0.4419	0.9028	7.0190	40.1611	-7.6904	2.0050	36.3153	143.6572	39.6800	24	-238	249	100952	0.31 
458.926	-0.8945	-0.2676	1.3818	6.7139	-42.5415	-3.8452	2.8564	39.4299	145.5139	39.6700	28	-241	254	100951	0.31 
459.066	-1.5273	-0.1899	1.9448	-4.7607	12.9395	7.0190	3.8397	42.8082	146.1072	39.6800	34	-238	255	100951	0.31 
459.144	-1.2979	0.1113	1.8765	2.4414	7.9956	19.1650	4.9384	43.1049	147.4036	39.6900	36	-242	261	100951	0.31 
459.285	-1.3569	-0.0449	1.8643	-8.2397	-0.1221	33.0811	6.9324	43.2861	150.9302	39.6800	29	-244	257	100951	0.31 
459.332	-1.4658	0.2026	1.8057	-5.4932	6.8359	35.6445	9.2120	42.3523	155.1819	39.7000	18	-247	262	100951	0.31 
459.503	-1.1982	-0.0981	1.7744	-3.4180	-7.4463	15.3198	9.8712	40.7208	158.3295	39.7100	11	-249	258	100950	0.31 
459.582	-1.5244	0.0767	1.8809	0.4883	-3.1738	-15.1367	9.3109	40.4736	157.4341	39.7100	4	-251	258	100951	0.31 
459.675	-1.2109	0.1108	1.8052	8.3008	-6.9580	-11.0474	7.7289	39.4189	154.4788	39.7100	10	-249	256	100950	0.31 
459.800	-1.3354	0.0010	1.7793	-2.3804	-5.8594	-5.9204	7.0148	39.1278	153.3527	39.7200	11	-249	258	100950	0.31 
459.894	-1.3145	0.1440	1.8682	3.6011	8.4839	3.4180	6.9434	38.6774	153.2208	39.7200	11	-251	257	100950	0.31 
459.972	-1.2510	-0.0186	1.7939	2.1362	-4.6387	-7.7515	6.2622	38.7543	152.4738	39.7200	11	-251	260	100951	0.31 
460.113	-1.3286	0.0723	1.8140	0.8545	3.9673	0.3662	6.4764	38.2544	152.7649	39.7300	10	-247	258	100950	0.31 
460.207	-1.2422	0.1030	1.7939	1.6479	0.7324	-0.9766	5.7788	38.2544	151.8695	39.7100	10	-247	260	100950	0.31 
460.316	-1.3804	0.0830	1.8062	-3.9673	6.4087	6.0425	6.3281	38.1940	153.1659	39.7300	6	-249	256	100950	0.31 
460.472	-1.2119	0.0317	1.8633	-2.0752	1.4038	8.1177	6.0315	38.3752	153.4570	39.7400	10	-246	254	100950	0.31 
460.550	-1.4312	0.0430	1.8130	-4.2114	4.0894	2.8687	6.5918	38.2819	155.0665	39.7400	8	-249	259	100950	0.31 
460.613	-1.2910	0.1123	1.8047	0.0000	-1.8311	1.7700	5.8832	38.2159	154.5117	39.7400	0	-247	254	100950	0.31 
460.738	-1.2915	-0.0068	1.8247	0.0000	2.5635	4.8218	6.3336	37.7600	155.6378	39.7400	1	-247	251	100951	0.31 
460.832	-1.3364	0.0547	1.8027	-2.0752	-6.2866	-3.8452	5.7294	38.0621	154.8248	39.7600	3	-251	254	100951	0.31 
460.957	-1.3169	0.0400	1.8579	-0.3052	-1.4038	15.5029	5.8942	37.5348	155.3027	39.7800	2	-251	256	100951	0.31 
461.113	-1.3711	0.0142	1.8237	-1.7090	-12.2681	-6.4087	5.4877	37.5348	154.7919	39.7800	1	-249	255	100951	0.31 
461.176	-1.2764	0.0762	1.8672	-1.0376	-2.8076	16.1743	5.3943	36.5350	154.7095	39.7900	-2	-247	252	100951	0.31 
461.285	-1.3672	0.0415	1.8398	0.4883	-0.8545	-3.9063	5.3339	36.6724	154.6545	39.7900	0	-250	255	100951	0.31 
461.379	-1.2822	0.0728	1.8740	-1.0376	-0.6714	11.2305	5.0043	36.1011	154.4073	39.8000	-3	-251	256	100951	0.31 
461.488	-1.3379	0.0654	1.8457	1.7090	5.5542	-3.1738	5.1306	35.7550	154.9622	39.8100	-6	-250	255	100951	0.31 
461.582	-1.2275	0.0444	1.8438	-0.4883	4.2114	5.9814	4.8450	35.8649	154.5667	39.8200	-2	-249	254	100951	0.31 
461.691	-1.3203	0.0322	1.7891	0.9766	6.4697	-2.3804	5.0977	36.0681	155.1984	39.8100	-4	-250	254	100951	0.31 
461.816	-1.1797	0.0674	1.7866	1.3428	7.7515	0.6104	4.7845	36.6614	154.6985	39.8200	-5	-245	252	100952	0.31 
461.926	-1.3481	0.0229	1.8022	0.6104	9.2773	0.7324	5.2130	37.0789	155.6818	39.8200	-3	-248	255	100951	0.31 
462.035	-1.2437	0.0771	1.7886	-0.1221	4.1504	1.4648	4.8779	37.1997	155.1819	39.8500	-6	-250	254	100951	0.31 
462.144	-1.1948	0.0215	1.7495	1.8921	7.2021	-9.5215	4.7626	36.9250	155.2533	39.8300	-5	-251	255	100952	0.31 
462.254	-1.3682	0.1509	1.8438	3.7842	5.6763	-8.9111	4.5154	37.7216	154.4348	39.8400	-3	-249	255	100952	0.31 
462.348	-1.3945	0.0508	1.8740	-7.8125	-22.3389	12.9395	4.2242	38.1061	153.2483	39.8500	1	-246	259	100951	0.31 
462.457	-1.2969	0.0542	1.8330	2.8687	6.6528	11.5967	4.6582	37.3041	154.2755	39.8400	-1	-250	260	100952	0.31 
462.566	-1.4077	0.0176	1.8257	2.5635	3.8452	-15.8081	4.2847	38.1830	153.5889	39.8200	0	-248	255	100951	0.31 
462.707	-1.4966	0.1265	1.9282	-4.0283	9.5825	8.1177	4.5099	38.6060	153.7592	39.8300	3	-251	259	100952	0.31 
462.754	-1.2637	0.1011	1.7534	-0.6714	-21.7896	-10.8032	3.8287	37.8973	152.9462	39.8400	0	-250	257	100951	0.31 
462.863	-1.2529	0.0537	1.7754	2.1973	-2.6245	-2.4414	3.3728	37.2491	152.1771	39.8500	1	-250	259	100952	0.31 
462.988	-1.2886	-0.0073	1.7661	5.1880	-6.8359	-9.3384	3.2684	37.6776	151.2872	39.8300	2	-248	257	100952	0.31