StartTime: 2017-07-21 14:09:41.361
Time(s)	ChipTime	ax(g)	ay(g)	az(g)	wx(deg/s)	wy(deg/s)	wz(deg/s)	AngleX(deg)	AngleY(deg)	AngleZ(deg)	T(°)	hx	hy	hz	Pressure(Pa)	Altitude(m) 
38.817	2015-01-01 00:02:56.360	0.0083	0.0439	1.0137	0.0610	-0.3052	-1.1597	2.5159	-0.4834	39.0674	46.2000	427	457	-263	100836	0.41 
38.848	2015-01-01 00:02:56.400	-0.0137	0.0420	1.0400	0.3662	0.7324	-1.5259	2.5323	-0.4120	39.0839	46.1500	428	459	-262	100836	0.41 
38.895	2015-01-01 00:02:56.440	0.0161	0.0425	1.0161	0.0610	-0.8545	-2.0752	2.5269	-0.4559	39.0948	46.2000	428	458	-264	100836	0.41 
38.926	2015-01-01 00:02:56.480	-0.0068	0.0386	1.0122	0.4883	3.4180	-1.1597	2.5323	-0.3845	39.1223	45.9600	427	458	-263	100836	0.41 
39.005	2015-01-01 00:02:56.520	-0.0073	0.0420	1.0220	0.4272	0.7935	-0.6104	2.5378	-0.2911	39.1608	46.5400	427	459	-263	100836	0.41 
39.005	2015-01-01 00:02:56.560	-0.0200	0.0381	1.0054	1.2207	3.6011	-2.5635	2.5543	-0.1703	39.1718	46.0600	425	460	-263	100836	0.41 
39.051	2015-01-01 00:02:56.600	-0.0225	0.0371	1.0283	1.4648	5.7983	-4.2725	2.5983	0.0549	39.0948	46.3900	427	459	-265	100836	0.41 
39.098	2015-01-01 00:02:56.640	-0.0317	0.0430	1.0186	2.1973	5.6763	-5.2490	2.6587	0.3186	38.9905	46.4900	428	459	-266	100836	0.41 
39.129	2015-01-01 00:02:56.680	-0.0322	0.0420	0.9980	2.1362	7.9956	-7.6294	2.7356	0.6262	38.7982	46.3500	430	457	-264	100836	0.41 
39.192	2015-01-01 00:02:56.720	-0.0640	0.0464	1.0107	1.8921	12.8174	-7.8125	2.8125	1.1316	38.5785	46.2000	429	458	-262	100836	0.41 
39.208	2015-01-01 00:02:56.760	-0.0762	0.0601	0.9849	2.5024	15.5029	-8.4229	2.8894	1.7688	38.3313	46.1500	429	458	-261	100836	0.41 
39.254	2015-01-01 00:02:56.800	-0.0776	0.0518	0.9736	2.9907	25.0244	-8.1787	3.0048	2.6642	38.1281	46.3500	428	456	-263	100836	0.41 
39.301	2015-01-01 00:02:56.840	-0.0820	0.0313	1.0015	3.0518	32.1045	-11.7798	3.1091	3.9166	37.8699	46.3000	430	457	-263	100836	0.41 
39.333	2015-01-01 00:02:56.880	-0.1172	0.0337	0.9507	0.7324	39.7949	-14.2822	3.0981	5.4108	37.4854	46.2000	434	457	-264	100836	0.41 
39.395	2015-01-01 00:02:56.920	-0.1099	0.0488	0.8853	-1.4648	55.1147	-13.8550	3.0048	7.3444	37.1118	46.3500	437	456	-267	100836	0.41 
39.426	2015-01-01 00:02:56.960	-0.1846	0.0342	0.8584	-2.5024	66.4673	-16.3574	2.8564	9.8987	36.6998	46.2000	439	459	-264	100836	0.41 
39.458	2015-01-01 00:02:57.000	-0.2305	0.0010	0.8164	-4.0894	83.6792	-23.4985	2.5323	13.0298	36.0571	46.3500	440	461	-263	100836	0.41 
39.505	2015-01-01 00:02:57.040	-0.3105	0.0596	0.8452	0.1221	85.5713	-11.7798	2.2797	16.6003	35.4474	46.1500	451	461	-261	100836	0.41 
39.536	2015-01-01 00:02:57.080	-0.3027	0.0576	0.7305	-3.0518	94.9707	-3.5400	2.2797	20.1874	35.3870	46.0600	459	461	-257	100837	0.41 
39.598	2015-01-01 00:02:57.120	-0.4053	0.0581	0.8403	-3.5400	99.2432	-0.7324	2.2137	24.2688	35.4309	46.2000	463	461	-255	100836	0.41 
39.646	2015-01-01 00:02:57.160	-0.3979	0.0137	0.7471	-7.0801	99.5483	-2.1362	2.0819	28.1799	35.5353	46.3000	480	458	-251	100836	0.41 
39.676	2015-01-01 00:02:57.200	-0.4912	0.0132	0.7974	-8.4839	103.2715	-2.9297	1.7139	32.2504	35.4913	46.2000	492	457	-248	100837	0.41 
39.723	2015-01-01 00:02:57.240	-0.5757	-0.0220	0.7905	-9.4604	93.5059	-8.7891	1.2195	36.1615	35.2167	46.1500	497	456	-246	100837	0.41 
39.770	2015-01-01 00:02:57.280	-0.5449	-0.0303	0.6792	-10.3149	92.4683	-13.6108	0.3735	39.9078	34.4861	46.4900	512	457	-239	100837	0.41 
39.802	2015-01-01 00:02:57.320	-0.6670	0.0107	0.7363	-9.2163	88.1958	-19.8975	-0.5988	43.5114	33.4259	46.2000	526	459	-230	100837	0.41 
39.848	2015-01-01 00:02:57.360	-0.6616	-0.0239	0.6704	-8.0566	79.5288	-21.6064	-1.9281	46.7303	31.9043	46.3500	539	461	-223	100837	0.41 
39.895	2015-01-01 00:02:57.400	-0.7393	-0.0381	0.6729	-10.0098	67.0776	-24.9634	-3.3563	49.5593	30.2728	46.3000	542	462	-215	100837	0.41 
39.926	2015-01-01 00:02:57.440	-0.7627	-0.0381	0.6387	-10.4980	62.8662	-23.8647	-5.3174	51.9214	28.0865	46.5400	550	467	-208	100837	0.41 
40.005	2015-01-01 00:02:57.480	-0.7769	-0.0234	0.5972	-12.3291	52.8564	-26.1230	-7.2015	54.0967	25.9882	46.3000	551	470	-204	100838	0.41 
40.020	2015-01-01 00:02:57.520	-0.8232	-0.0786	0.5957	-9.8267	46.2646	-27.3438	-9.7064	55.7886	23.2306	46.1500	555	471	-197	100838	0.41 
40.052	2015-01-01 00:02:57.560	-0.9009	-0.0854	0.6289	-6.5308	22.6440	-20.6299	-11.4917	56.8762	21.1377	46.2000	558	476	-193	100838	0.41 
40.098	2015-01-01 00:02:57.600	-0.8774	-0.1753	0.6050	-6.8970	10.0708	-28.4424	-13.6230	57.1948	18.7866	46.1500	560	479	-192	100838	0.41 
40.130	2015-01-01 00:02:57.640	-0.9106	-0.1489	0.5972	-1.6479	0.2441	-28.5645	-15.4688	56.9916	16.5344	46.3900	557	482	-187	100838	0.41 
40.176	2015-01-01 00:02:57.680	-0.9189	-0.1992	0.5933	-3.3569	-9.8267	-28.9917	-17.1167	56.4423	14.4800	46.2000	552	485	-188	100838	0.41 
40.223	2015-01-01 00:02:57.720	-0.9561	-0.1968	0.5986	-5.3101	-12.3901	-26.1230	-18.8086	55.6677	12.4805	46.2000	550	487	-190	100838	0.41 
40.255	2015-01-01 00:02:57.760	-0.9961	-0.1978	0.6069	-6.2256	-15.1978	-23.7427	-20.0006	54.8547	11.0303	46.3500	548	491	-191	100838	0.41 
40.302	2015-01-01 00:02:57.800	-0.9458	-0.2251	0.5820	-3.3569	-17.7612	-22.1558	-21.1102	53.9374	9.6735	46.2000	542	493	-190	100839	0.41 
40.380	2015-01-01 00:02:57.840	-1.0313	-0.2549	0.6548	0.6104	-17.2119	-19.2871	-21.7474	53.0530	8.7561	46.2000	535	495	-189	100839	0.41 
40.411	2015-01-01 00:02:57.880	-0.9268	-0.2515	0.6157	2.0142	-12.0239	-12.2681	-22.2528	52.2949	7.8607	46.2000	532	497	-190	100839	0.41 
40.426	2015-01-01 00:02:57.920	-0.9736	-0.2778	0.6245	3.0518	-3.8452	-8.5449	-22.3901	51.9708	7.4103	46.1500	529	498	-195	100839	0.40 
40.489	2015-01-01 00:02:57.960	-1.0347	-0.2622	0.6387	3.3569	-2.0752	-8.7891	-22.6758	51.8445	6.6577	46.2000	526	498	-194	100839	0.40 
40.520	2015-01-01 00:02:58.000	-1.0425	-0.3022	0.6636	1.0986	-1.4038	-4.0894	-22.8735	51.7950	6.1304	46.3500	525	496	-195	100839	0.40 
40.551	2015-01-01 00:02:58.040	-1.0464	-0.2959	0.6533	1.7700	-2.5635	-0.7324	-22.8571	51.7291	5.8777	46.3900	522	495	-194	100839	0.40 
40.615	2015-01-01 00:02:58.080	-1.0845	-0.3032	0.6865	1.7090	3.7842	4.2725	-22.7252	51.8939	5.7953	46.3900	522	496	-192	100840	0.40 
40.646	2015-01-01 00:02:58.120	-1.1064	-0.2739	0.6890	1.5259	8.6670	15.0757	-22.3352	52.3718	6.0754	46.5400	518	495	-195	100840	0.40 
40.708	2015-01-01 00:02:58.160	-1.0864	-0.2417	0.6948	3.0518	11.2305	21.5454	-21.4673	53.1244	6.8060	46.1500	515	493	-197	100840	0.40 
40.740	2015-01-01 00:02:58.200	-1.0615	-0.2373	0.6973	4.0894	9.9487	29.7852	-20.1929	53.9209	7.9871	46.3900	521	495	-196	100840	0.40 
40.786	2015-01-01 00:02:58.240	-1.0234	-0.2227	0.6440	4.9438	4.2725	30.6396	-18.4296	54.6075	9.7559	46.1500	527	493	-192	100840	0.40 
40.818	2015-01-01 00:02:58.280	-0.9639	-0.1870	0.6631	8.1177	-1.5259	32.9590	-16.5070	55.0305	11.6400	46.3000	537	492	-189	100840	0.40 
40.849	2015-01-01 00:02:58.320	-0.9556	-0.1289	0.6626	10.1318	-10.7422	38.8794	-13.9197	55.1514	14.1888	46.1500	542	489	-189	100840	0.40 
40.912	2015-01-01 00:02:58.360	-0.8760	-0.0747	0.6411	10.0098	-27.2217	40.1001	-11.0138	54.6680	17.0837	46.3500	543	489	-184	100840	0.40 
40.943	2015-01-01 00:02:58.400	-0.8018	-0.0537	0.6401	6.1646	-42.6636	40.3442	-8.0365	53.4869	20.2313	46.2000	546	486	-185	100840	0.40 
41.005	2015-01-01 00:02:58.440	-0.7168	-0.0620	0.6323	2.8076	-59.9976	34.6680	-5.5646	51.4874	23.0603	46.2000	552	477	-193	100840	0.40 
41.037	2015-01-01 00:02:58.480	-0.6104	-0.0820	0.5796	0.9155	-70.2515	26.2451	-3.8123	48.8837	25.2795	46.1500	553	473	-195	100840	0.40 
41.068	2015-01-01 00:02:58.520	-0.6216	-0.0454	0.6216	-2.2583	-80.8716	17.5781	-2.8345	45.8899	26.7242	46.2000	554	470	-199	100840	0.40 
41.098	2015-01-01 00:02:58.560	-0.5244	0.0117	0.5811	-1.7700	-83.0078	16.0522	-2.1204	42.5830	27.8503	46.1500	550	467	-207	100839	0.40 
41.145	2015-01-01 00:02:58.600	-0.5176	0.0327	0.6318	1.4038	-77.0264	18.6157	-1.3403	39.4244	28.9709	46.3500	550	466	-210	100839	0.40 
41.224	2015-01-01 00:02:58.640	-0.4893	-0.0342	0.6567	3.4180	-84.8999	21.9727	-0.5054	36.1890	30.1959	46.3500	546	464	-215	100839	0.40 
41.239	2015-01-01 00:02:58.680	-0.4736	-0.0425	0.7583	7.8125	-77.3926	18.3105	0.1648	32.9810	31.2506	46.3900	536	460	-223	100839	0.40 
41.270	2015-01-01 00:02:58.720	-0.3970	-0.0088	0.6836	6.7749	-90.8203	16.1743	0.8789	29.5038	32.1954	46.3000	529	460	-232	100839	0.40 
41.317	2015-01-01 00:02:58.760	-0.3369	-0.0093	0.6587	4.3335	-71.7163	1.8311	1.1481	26.2518	32.5854	46.3500	521	458	-237	100839	0.40 
41.348	2015-01-01 00:02:58.800	-0.4316	0.0493	0.8413	6.2866	-72.5708	3.1128	1.3788	23.5052	32.7008	46.2000	511	459	-242	100839	0.41 
41.395	2015-01-01 00:02:58.840	-0.3574	0.0234	0.8027	4.3945	-65.2466	-5.6763	1.5820	20.8081	32.6898	46.3500	504	456	-243	100839	0.40 
41.427	2015-01-01 00:02:58.880	-0.3340	0.0498	0.8428	6.4087	-49.4385	-3.5400	1.6425	18.6273	32.5140	46.2000	499	455	-247	100839	0.41 
41.473	2015-01-01 00:02:58.920	-0.3276	0.0894	0.9893	5.6763	-52.3682	-0.3662	1.9830	16.6992	32.6129	46.2000	492	455	-255	100839	0.41 
41.521	2015-01-01 00:02:58.960	-0.2651	0.0391	0.9355	1.9531	-49.0112	-0.9155	2.1094	14.6722	32.6624	46.2000	489	452	-263	100838	0.41 
41.567	2015-01-01 00:02:59.000	-0.2632	0.1411	0.8896	4.0283	-41.8091	10.7422	2.3236	12.8815	32.9700	46.3500	482	455	-264	100838	0.41 
41.630	2015-01-01 00:02:59.040	-0.2520	0.1621	0.9092	0.2441	-33.9966	20.0806	2.7576	11.4368	33.7555	46.2000	472	455	-263	100838	0.41 
41.645	2015-01-01 00:02:59.080	-0.2578	0.0410	0.9980	-4.7607	-28.8086	13.8550	2.8345	10.3546	34.5190	46.3000	467	456	-266	100838	0.41 
41.692	2015-01-01 00:02:59.120	-0.1812	-0.0244	0.9697	-6.7139	-23.2544	7.3853	2.5488	9.3054	35.0299	46.3000	463	455	-265	100838	0.41 
41.755	2015-01-01 00:02:59.160	-0.1899	0.0757	1.0449	-2.5635	-22.3999	5.7373	2.4115	8.5364	35.4034	46.3500	459	455	-265	100838	0.41 
41.770	2015-01-01 00:02:59.200	-0.1196	0.0317	0.9453	-4.2114	-23.9258	0.5493	2.3016	7.4982	35.6177	46.2000	458	454	-265	100838	0.41 
41.833	2015-01-01 00:02:59.240	-0.1655	0.0210	0.9985	0.0000	-14.8926	0.1221	2.1918	6.8390	35.7495	46.3000	455	454	-265	100838	0.41 
41.895	2015-01-01 00:02:59.280	-0.1714	0.0679	1.0186	0.4883	-15.0757	1.2817	2.2247	6.3336	35.8704	46.1500	452	459	-266	100837	0.41 
41.895	2015-01-01 00:02:59.320	-0.1343	0.0283	0.9951	-0.2441	-13.7329	-0.7324	2.2302	5.8008	35.9857	46.1500	449	465	-267	100838	0.41 
41.927	2015-01-01 00:02:59.360	-0.1074	0.0415	1.0142	-0.3052	-13.2446	-3.2959	2.2028	5.3229	36.0022	46.3500	450	460	-267	100837	0.41 
42.005	2015-01-01 00:02:59.400	-0.0732	0.0825	1.0068	-0.4883	-11.0474	-2.1362	2.1918	4.8285	36.0077	46.2000	446	462	-266	100838	0.41 
42.036	2015-01-01 00:02:59.440	-0.0669	0.0811	1.0195	0.9766	-10.4370	1.9531	2.2742	4.3781	36.1285	46.2000	444	464	-265	100837	0.41 
42.052	2015-01-01 00:02:59.480	-0.0664	0.0645	1.0059	-0.3052	-7.1411	1.8311	2.3291	4.0320	36.3318	46.3000	445	459	-264	100837	0.41 
42.145	2015-01-01 00:02:59.520	-0.0498	0.0518	1.0039	0.1831	-1.5259	2.7466	2.3566	3.8452	36.5625	46.3000	445	457	-263	100838	0.41 
42.145	2015-01-01 00:02:59.560	-0.0547	0.0693	1.0293	0.0000	-2.1362	2.1973	2.3950	3.7628	36.7932	45.9600	445	457	-263	100838	0.41 
42.177	2015-01-01 00:02:59.600	-0.0444	0.0620	1.0332	0.1831	-2.6855	3.4180	2.4335	3.6420	37.0294	46.3500	442	457	-266	100837	0.41 
42.239	2015-01-01 00:02:59.640	-0.0479	0.0474	1.0112	-0.4272	-1.3428	0.9766	2.4500	3.5211	37.2656	46.3000	443	455	-262	100838	0.41 
42.255	2015-01-01 00:02:59.680	-0.0454	0.0386	1.0210	-0.2441	-3.1738	-2.5635	2.4280	3.3893	37.3480	46.3500	443	456	-265	100838	0.41 
42.302	2015-01-01 00:02:59.720	-0.0513	0.0454	1.0112	0.0000	-0.8545	-2.8076	2.4280	3.2959	37.3535	46.3000	445	456	-266	100837	0.41 
42.349	2015-01-01 00:02:59.760	-0.0459	0.0415	1.0142	-0.2441	-1.7700	-4.6387	2.4225	3.2355	37.3260	46.1500	447	455	-265	100838	0.41 
42.380	2015-01-01 00:02:59.800	-0.0615	0.0503	1.0269	-0.1831	-0.6714	-4.7607	2.4005	3.2025	37.2711	46.2000	448	453	-265	100838	0.41 
42.442	2015-01-01 00:02:59.840	-0.0596	0.0659	1.0068	-0.9155	0.6104	-4.5776	2.4115	3.2135	37.2217	46.0100	446	456	-266	100838	0.41 
42.505	2015-01-01 00:02:59.880	-0.0547	0.0576	1.0083	-0.3662	3.7842	-4.3335	2.3950	3.3124	37.1722	46.2000	448	459	-267	100838	0.41 
42.505	2015-01-01 00:02:59.920	-0.0601	0.0601	1.0083	0.4883	4.8218	-2.9907	2.4170	3.4991	37.1667	46.2000	449	459	-267	100837	0.41 
42.552	2015-01-01 00:02:59.960	-0.0620	0.0513	1.0020	0.1831	8.3618	-3.7842	2.4335	3.7683	37.1667	46.2000	446	456	-267	100837	0.41 
42.614	2015-01-01 00:03:0.000	-0.0625	0.0688	1.0146	1.0986	8.7280	-0.7324	2.4884	4.1254	37.1942	46.2000	440	457	-267	100837	0.41 
42.645	2015-01-01 00:03:0.040	-0.0771	0.0586	0.9980	1.2207	11.9019	-1.0986	2.5433	4.5264	37.3096	46.2000	438	459	-266	100838	0.41 
42.708	2015-01-01 00:03:0.080	-0.0996	0.0566	1.0093	2.0142	12.2070	-1.6479	2.6257	5.0372	37.3590	46.2000	442	457	-265	100837	0.41 
42.755	2015-01-01 00:03:0.120	-0.1187	0.0552	0.9941	2.0752	14.7705	-1.4648	2.7136	5.6030	37.4249	46.2000	443	457	-264	100838	0.41 
42.755	2015-01-01 00:03:0.160	-0.1270	0.0615	1.0059	2.9907	16.2354	-1.7090	2.8290	6.2732	37.4799	46.2000	449	456	-263	100837	0.41 
42.817	2015-01-01 00:03:0.200	-0.1245	0.0425	0.9878	3.6011	25.5127	-5.6763	2.9388	7.1082	37.4799	46.2000	451	455	-265	100837	0.41 
42.849	2015-01-01 00:03:0.240	-0.1670	0.0508	0.9980	3.1128	21.7285	-9.4604	3.0377	8.0640	37.3151	46.1500	453	454	-263	100837	0.41 
42.880	2015-01-01 00:03:0.280	-0.1958	0.0571	0.9580	4.7607	31.2500	-14.0991	3.1091	9.2285	36.9580	46.3000	455	453	-263	100837	0.41 
42.927	2015-01-01 00:03:0.320	-0.1997	0.0581	0.9551	5.4321	36.4380	-14.2212	3.2465	10.6458	36.5515	46.3000	458	456	-261	100837	0.41 
42.974	2015-01-01 00:03:0.360	-0.2393	0.0562	0.9565	4.8828	40.3442	-16.3574	3.3563	12.2937	36.1066	46.3500	463	453	-264	100837	0.41 
43.020	2015-01-01 00:03:0.400	-0.2241	0.0444	0.9028	2.6245	52.6123	-21.7896	3.3234	14.1943	35.5298	46.2000	465	452	-266	100837	0.41 
43.099	2015-01-01 00:03:0.440	-0.2886	0.0752	0.8789	4.3945	58.8989	-17.3950	3.3014	16.5289	34.9310	46.3500	468	452	-262	100837	0.41 
43.114	2015-01-01 00:03:0.480	-0.2959	0.0752	0.8232	2.9907	66.2231	-14.3433	3.3344	19.0942	34.5026	46.1500	472	452	-260	100837	0.41 
43.130	2015-01-01 00:03:0.520	-0.3188	0.0586	0.7881	3.8452	73.3032	-12.6953	3.3398	21.9452	34.1675	46.3500	475	452	-259	100838	0.41 
43.177	2015-01-01 00:03:0.560	-0.4219	0.0586	0.8311	4.0894	80.5664	-10.4980	3.4003	25.1367	33.9203	46.2000	483	452	-257	100837	0.41 
43.224	2015-01-01 00:03:0.600	-0.4341	0.0586	0.7803	0.9155	78.6743	-14.4043	3.3398	28.3392	33.6127	46.3000	496	451	-252	100837	0.41 
43.255	2015-01-01 00:03:0.640	-0.4917	0.0732	0.7554	2.5024	85.2051	-13.4277	3.2465	31.6461	33.2007	46.3000	503	453	-249	100838	0.41 
43.286	2015-01-01 00:03:0.680	-0.5288	0.0244	0.6831	-1.5869	89.1724	-21.2402	2.9663	35.1892	32.5854	46.2000	512	454	-246	100837	0.41 
43.333	2015-01-01 00:03:0.720	-0.5747	0.0166	0.7119	-2.5024	100.1587	-27.4658	2.1533	39.1278	31.3934	46.5400	519	455	-243	100838	0.41 
43.380	2015-01-01 00:03:0.760	-0.6108	0.0234	0.6587	-4.0894	98.9990	-28.6255	1.1920	43.1158	30.0531	46.3500	524	451	-240	100837	0.41 
43.427	2015-01-01 00:03:0.800	-0.7017	0.0225	0.6812	-4.3945	86.6089	-25.2075	-0.0439	46.7853	28.4271	46.1500	527	448	-237	100837	0.41 
43.505	2015-01-01 00:03:0.840	-0.6763	-0.0229	0.5537	-4.3335	78.4302	-26.3062	-1.3239	49.9219	26.8231	46.2000	542	454	-228	100838	0.41 
43.536	2015-01-01 00:03:0.880	-0.7251	0.0308	0.6108	-7.0190	69.8242	-21.5454	-2.9993	52.9047	24.7797	46.3000	547	460	-218	100837	0.41 
43.552	2015-01-01 00:03:0.920	-0.7368	-0.0063	0.5039	-6.7139	56.8237	-19.7754	-4.3890	55.2942	23.1866	46.3000	549	463	-211	100838	0.41 
43.599	2015-01-01 00:03:0.960	-0.7905	-0.0181	0.5122	-6.6528	46.3257	-22.5220	-6.2183	57.2003	21.0278	46.3900	554	463	-205	100838	0.41 
43.662	2015-01-01 00:03:1.000	-0.9189	-0.0527	0.6021	-3.2349	39.4897	-15.3809	-7.8497	58.8702	19.0613	46.1500	559	466	-203	100838	0.41 
43.693	2015-01-01 00:03:1.040	-0.8672	-0.1504	0.5278	-3.9063	24.1699	-26.5503	-9.7833	59.8810	16.8420	46.2000	560	467	-204	100838	0.41 
43.724	2015-01-01 00:03:1.080	-0.9019	-0.0923	0.4751	2.6245	21.3013	-23.3154	-12.0081	60.5017	14.0625	46.3900	561	469	-202	100838	0.41 
43.755	2015-01-01 00:03:1.120	-0.8667	-0.0850	0.5249	0.3662	23.2544	-24.6582	-13.8208	61.2323	11.6125	46.3500	562	473	-197	100838	0.41 
43.802	2015-01-01 00:03:1.160	-1.0454	-0.1201	0.6045	4.9438	19.5923	-17.5171	-15.5182	61.9244	9.2889	46.2000	560	476	-192	100838	0.41 
43.865	2015-01-01 00:03:1.200	-1.0859	-0.1318	0.5415	3.4180	6.4697	-20.9351	-17.0288	62.0398	7.1686	46.3500	560	478	-192	100839	0.41 
43.880	2015-01-01 00:03:1.240	-1.0874	-0.1519	0.5161	3.4180	1.7700	-17.5171	-18.1274	61.9904	5.4272	46.3500	560	478	-190	100839	0.40 
43.927	2015-01-01 00:03:1.280	-1.1372	-0.1875	0.4731	2.8076	-1.6479	-14.5264	-19.0668	61.8475	3.9166	46.3000	561	479	-189	100839	0.40 
43.974	2015-01-01 00:03:1.320	-1.1348	-0.1548	0.5166	3.6011	-2.3193	-15.0757	-19.9457	61.6388	2.4390	46.1500	559	483	-188	100839	0.40 
44.036	2015-01-01 00:03:1.360	-1.0947	-0.1914	0.5215	2.8076	-1.5259	-12.4512	-20.6268	61.4301	1.2360	46.1500	554	486	-188	100839	0.40 
44.068	2015-01-01 00:03:1.400	-1.0762	-0.2021	0.4575	3.7842	0.6714	-7.0801	-21.1432	61.3312	0.2252	46.1500	550	489	-189	100840	0.40 
44.099	2015-01-01 00:03:1.440	-1.0840	-0.1812	0.4839	5.0659	-0.3662	-3.5400	-21.2750	61.3477	-0.4504	46.2000	549	491	-191	100840	0.40 
44.162	2015-01-01 00:03:1.480	-1.1494	-0.1855	0.4854	5.7373	-5.4932	-2.2583	-21.1212	61.3037	-0.8295	45.8700	548	489	-192	100840	0.40 
44.193	2015-01-01 00:03:1.520	-1.1255	-0.1807	0.4692	0.9155	-3.5400	2.5024	-20.8136	61.2378	-0.9778	46.1500	547	490	-198	100841	0.40 
44.239	2015-01-01 00:03:1.560	-1.1563	-0.1851	0.4971	1.1597	0.7935	3.7231	-20.5389	61.3531	-1.0217	46.3000	547	489	-201	100841	0.40 
44.271	2015-01-01 00:03:1.600	-1.1265	-0.1514	0.4888	3.2959	2.2583	13.9160	-19.8468	61.6278	-0.6592	46.2000	548	489	-196	100841	0.40 
44.302	2015-01-01 00:03:1.640	-1.1221	-0.1289	0.4780	5.3101	6.6528	22.6440	-18.3582	62.1606	0.4834	46.3900	547	488	-195	100841	0.40 
44.349	2015-01-01 00:03:1.680	-1.1143	-0.1172	0.5000	5.6152	3.5400	31.9824	-16.0840	62.7759	2.5049	46.0100	550	484	-193	100841	0.40 
44.380	2015-01-01 00:03:1.720	-1.0498	-0.1040	0.4941	5.4932	-2.6245	31.2500	-13.3868	63.1329	5.0262	46.2000	555	482	-193	100841	0.40 
44.442	2015-01-01 00:03:1.760	-1.0347	-0.0884	0.5068	6.3477	-9.7046	33.8745	-10.4480	63.1604	7.8497	46.0100	565	476	-192	100842	0.40 
44.474	2015-01-01 00:03:1.800	-0.9561	-0.0635	0.4888	3.4180	-15.7471	32.0435	-7.5476	62.8638	10.7172	46.2000	569	473	-192	100842	0.40 
44.505	2015-01-01 00:03:1.840	-0.9258	-0.0249	0.5376	1.3428	-25.4517	29.2358	-4.8999	62.1332	13.4912	46.2000	569	471	-196	100842	0.40 
44.552	2015-01-01 00:03:1.880	-0.9268	0.0132	0.5718	-0.6104	-43.5181	26.7334	-2.7411	60.7764	15.8752	46.0100	568	468	-194	100842	0.40 
44.599	2015-01-01 00:03:1.920	-0.7886	0.0000	0.5034	-1.6479	-54.4434	25.6958	-0.7141	58.7000	18.1824	46.1500	567	467	-193	100842	0.40 
44.646	2015-01-01 00:03:1.960	-0.7686	0.0254	0.5337	-4.2725	-56.0303	26.0010	0.7361	56.4862	20.0281	46.0100	569	463	-200	100842	0.40 
44.693	2015-01-01 00:03:2.000	-0.7529	-0.0029	0.5591	-4.5166	-62.8052	19.4702	1.8402	54.0417	21.5826	46.2000	567	457	-206	100842	0.40 
44.724	2015-01-01 00:03:2.040	-0.7080	-0.0103	0.5576	-6.1035	-71.4111	13.9771	2.3016	51.2732	22.4945	46.0100	566	455	-209	100842	0.40 
44.771	2015-01-01 00:03:2.080	-0.6675	0.0454	0.6060	-5.9204	-66.8945	9.7656	2.4609	48.4882	23.0603	46.1500	562	455	-216	100842	0.40 
44.818	2015-01-01 00:03:2.120	-0.6567	0.0815	0.6616	-6.5918	-68.0542	11.7798	2.6038	45.7800	23.6261	46.2000	555	455	-222	100842	0.40 
44.881	2015-01-01 00:03:2.160	-0.6025	0.0737	0.6938	-7.4463	-67.2607	18.5547	2.9443	43.0170	24.5435	46.2000	550	456	-225	100842	0.40 
44.912	2015-01-01 00:03:2.200	-0.5674	0.0308	0.6934	-8.3618	-65.4907	14.9536	3.1091	40.2814	25.4114	46.2000	546	454	-230	100842	0.40 
44.943	2015-01-01 00:03:2.240	-0.5234	0.0317	0.6904	-7.2021	-65.0024	13.3667	3.1311	37.6172	26.1145	46.3900	545	456	-236	100841	0.40 
44.974	2015-01-01 00:03:2.280	-0.4888	0.0601	0.6821	-5.4932	-63.4766	16.0522	3.2190	34.9915	26.8176	46.3500	545	456	-239	100841	0.40 
45.052	2015-01-01 00:03:2.320	-0.5181	0.0688	0.7617	-5.2490	-59.9976	15.1367	3.3948	32.5854	27.6086	46.2000	532	454	-245	100841	0.40 
45.084	2015-01-01 00:03:2.360	-0.4951	0.0610	0.8286	-4.7607	-62.8662	10.1318	3.4332	30.1245	28.1799	46.0600	527	451	-248	100841	0.40 
45.114	2015-01-01 00:03:2.400	-0.4551	0.0547	0.8525	-5.7373	-66.5283	7.8125	3.3508	27.4988	28.6194	46.0100	526	450	-250	100841	0.40 
45.146	2015-01-01 00:03:2.440	-0.4321	0.0825	0.8735	-7.2632	-64.3921	7.9956	3.1750	24.9225	28.9874	46.2000	514	451	-251	100840	0.40 
45.178	2015-01-01 00:03:2.480	-0.3740	0.0576	0.8184	-7.8125	-60.6079	7.9956	2.9883	22.3901	29.4324	46.3500	506	452	-256	100841	0.40 
45.224	2015-01-01 00:03:2.520	-0.3735	0.0425	0.8794	-7.2021	-54.3823	3.2349	2.7136	20.2258	29.7345	46.2000	502	454	-259	100840	0.40 
45.287	2015-01-01 00:03:2.560	-0.3325	0.0430	0.9082	-5.4932	-53.9551	2.5024	2.4554	18.1055	29.9707	46.1500	496	452	-261	100840	0.40 
45.318	2015-01-01 00:03:2.600	-0.3022	0.0439	0.8828	-2.3193	-47.4243	0.4883	2.3236	16.1224	30.2069	46.3000	486	453	-258	100840	0.40 
45.364	2015-01-01 00:03:2.640	-0.2822	0.0073	0.9194	-1.5259	-38.6353	-4.6997	2.1643	14.4965	30.2563	46.1500	484	453	-260	100840	0.40 
45.396	2015-01-01 00:03:2.680	-0.2485	0.0122	0.9702	2.3804	-31.5552	-10.0098	2.0819	13.1781	30.1630	46.2000	476	454	-259	100840	0.40 
45.458	2015-01-01 00:03:2.720	-0.2246	0.0313	0.9683	4.5776	-29.1138	-18.1885	2.0764	12.0300	29.7620	46.1500	468	454	-263	100840	0.40 
45.490	2015-01-01 00:03:2.760	-0.1909	0.0947	0.9380	4.9438	-24.6582	-13.1836	2.2083	10.9698	29.3225	46.2000	464	454	-268	100840	0.40 
45.521	2015-01-01 00:03:2.800	-0.1777	0.1299	0.9824	-0.4883	-16.9067	-6.2866	2.3236	10.2173	29.1962	46.2000	462	454	-270	100840	0.40 
45.552	2015-01-01 00:03:2.840	-0.1982	0.0972	1.0049	-1.8921	-11.1694	-1.5259	2.3181	9.7229	29.3060	46.2000	458	456	-268	100839	0.40 
45.599	2015-01-01 00:03:2.880	-0.1733	0.0552	0.9868	-2.6245	-11.9019	1.6479	2.2742	9.2615	29.5862	46.2000	458	453	-266	100839	0.40 
45.661	2015-01-01 00:03:2.920	-0.1606	0.0479	1.0000	-3.0518	-10.1318	1.2207	2.1698	8.8550	29.9048	46.2000	458	452	-264	100839	0.40 
45.693	2015-01-01 00:03:2.960	-0.1289	0.0566	1.0063	-2.2583	-11.2305	1.6479	2.0984	8.4210	30.2179	46.2000	454	455	-264	100839	0.41 
45.725	2015-01-01 00:03:3.000	-0.1211	0.0547	1.0103	-1.9531	-8.6060	2.9297	2.0599	7.9926	30.5804	46.2000	449	451	-264	100839	0.41 
45.756	2015-01-01 00:03:3.040	-0.1099	0.0488	1.0049	-0.7324	-7.5684	5.9204	2.0654	7.6245	31.0199	46.2000	445	449	-264	100839	0.41 
45.802	2015-01-01 00:03:3.080	-0.1377	0.0625	1.0391	-0.4883	-6.1035	4.2725	2.0764	7.3993	31.4594	46.1500	446	451	-263	100838	0.41 
45.865	2015-01-01 00:03:3.120	-0.0952	0.0522	1.0010	-3.6011	-11.2915	2.0752	2.0380	6.9653	31.8329	46.0100	447	457	-264	100838	0.41 
45.896	2015-01-01 00:03:3.160	-0.0850	0.0381	0.9941	-1.8921	-5.3101	0.2441	1.9391	6.6083	32.0911	46.2000	445	456	-266	100838	0.41 
45.927	2015-01-01 00:03:3.200	-0.1084	0.0425	1.0229	-0.9766	-5.5542	1.2817	1.9116	6.3831	32.3602	46.1500	445	458	-266	100838	0.41 
45.958	2015-01-01 00:03:3.240	-0.0918	0.0469	1.0122	0.4883	-4.5166	-0.3662	1.9171	6.1633	32.5909	46.0600	445	459	-263	100838	0.41 
46.021	2015-01-01 00:03:3.280	-0.0991	0.0640	1.0117	1.0376	-2.0752	-0.9155	1.9720	6.0205	32.7777	46.2000	444	460	-261	100838	0.41 
46.068	2015-01-01 00:03:3.320	-0.1099	0.0537	1.0166	1.0376	-2.2583	0.4272	2.0490	5.9491	32.9755	46.3000	444	457	-264	100837	0.41 
46.100	2015-01-01 00:03:3.360	-0.0947	0.0488	1.0073	0.1831	-2.1973	0.2441	2.0819	5.8337	33.2007	46.1500	448	459	-265	100838	0.41 
46.131	2015-01-01 00:03:3.400	-0.1104	0.0518	1.0112	0.9766	-1.0986	-0.6714	2.1259	5.7733	33.3765	46.0600	450	461	-265	100838	0.41 
46.177	2015-01-01 00:03:3.440	-0.1187	0.0493	1.0117	0.9766	-0.6714	-0.8545	2.1643	5.7623	33.5303	46.0100	448	459	-265	100838	0.41 
46.208	2015-01-01 00:03:3.480	-0.1221	0.0459	1.0083	1.2207	1.6479	-2.8076	2.2137	5.8228	33.6511	46.2000	445	457	-268	100837	0.41 
46.271	2015-01-01 00:03:3.520	-0.1270	0.0459	0.9937	1.7090	2.8687	-3.3569	2.2687	5.9381	33.7061	46.0600	442	457	-269	100837	0.41 
46.303	2015-01-01 00:03:3.560	-0.1333	0.0537	1.0044	1.5869	4.5776	-4.1504	2.3291	6.1414	33.7170	46.0100	441	458	-269	100837	0.41 
46.365	2015-01-01 00:03:3.600	-0.1362	0.0625	1.0029	1.6479	4.8218	-1.5869	2.4060	6.3666	33.7665	46.0100	443	459	-267	100837	0.41 
46.396	2015-01-01 00:03:3.640	-0.1240	0.0532	0.9766	0.6104	8.6670	-2.7466	2.4500	6.6357	33.8708	46.1500	445	458	-266	100837	0.41 
46.428	2015-01-01 00:03:3.680	-0.1553	0.0527	0.9976	1.8921	16.5405	-3.2349	2.5049	7.2235	33.9148	46.0100	445	457	-268	100837	0.41 
46.474	2015-01-01 00:03:3.720	-0.1411	0.0503	0.9609	3.3569	26.0010	-2.9297	2.6257	8.0695	34.0082	46.0600	446	457	-266	100837	0.41 
46.506	2015-01-01 00:03:3.760	-0.1704	0.0332	0.9683	5.0049	33.2642	-6.5308	2.7795	9.3329	34.0247	45.9600	446	457	-264	100837	0.41 
46.552	2015-01-01 00:03:3.800	-0.1895	0.0435	0.9507	5.4321	39.5508	-7.3242	2.9333	10.8051	33.9642	46.0600	453	456	-266	100837	0.41 
46.583	2015-01-01 00:03:3.840	-0.2407	0.0430	0.9521	4.8218	47.9736	-13.6719	3.0542	12.6617	33.7775	46.1500	459	455	-266	100837	0.41 
46.630	2015-01-01 00:03:3.880	-0.2759	0.0493	0.9106	3.8452	52.0020	-16.2964	3.1091	14.6997	33.3875	45.9600	461	454	-266	100837	0.41 
46.677	2015-01-01 00:03:3.920	-0.2808	0.0552	0.8525	1.9531	65.0635	-17.9443	3.0597	17.1442	32.9095	46.0600	467	454	-265	100837	0.41 
46.709	2015-01-01 00:03:3.960	-0.3120	0.0859	0.8682	1.8921	75.5615	-11.9019	3.0267	20.0446	32.5525	46.0100	467	453	-267	100837	0.41 
46.755	2015-01-01 00:03:4.000	-0.3755	0.1001	0.7778	1.4038	74.0356	-3.2349	3.1366	23.0713	32.5195	46.2000	469	453	-268	100837	0.41 
46.786	2015-01-01 00:03:4.040	-0.3794	0.0347	0.7598	0.4272	87.5244	-3.2959	3.2739	26.3507	32.6843	46.0100	483	456	-260	100837	0.41 
46.833	2015-01-01 00:03:4.080	-0.4751	0.0630	0.7397	-1.8311	84.3506	-8.3008	3.1860	29.8718	32.6294	46.0100	497	457	-255	100837	0.41 
46.880	2015-01-01 00:03:4.120	-0.4805	0.0254	0.7227	-0.2441	96.3745	-11.7798	3.0872	33.4973	32.4261	46.1500	508	456	-252	100837	0.41 
46.927	2015-01-01 00:03:4.160	-0.5669	0.0742	0.7344	-4.3335	85.2051	-12.5732	2.7191	37.2546	31.9427	46.2000	516	458	-250	100837	0.41 
46.958	2015-01-01 00:03:4.200	-0.5796	0.0000	0.6758	-4.8828	96.3135	-17.9443	2.2852	40.7758	31.4209	46.0100	523	459	-249	100837	0.41 
47.005	2015-01-01 00:03:4.240	-0.6382	0.0381	0.6860	-5.9204	84.5337	-16.1743	1.4392	44.5276	30.4266	46.0100	529	458	-244	100837	0.41 
47.052	2015-01-01 00:03:4.280	-0.7129	-0.0391	0.6304	-4.0283	94.2383	-23.6206	0.5164	48.0212	29.3115	46.0100	542	456	-233	100837	0.41 
47.115	2015-01-01 00:03:4.320	-0.7666	-0.0005	0.6035	-0.8545	88.2568	-16.9678	-0.5988	51.7456	27.7899	46.0100	549	454	-231	100837	0.41 
47.177	2015-01-01 00:03:4.360	-0.8545	-0.0093	0.6284	0.3662	79.7729	-26.8555	-1.9281	55.2557	25.9167	46.0100	555	456	-221	100838	0.41 
47.177	2015-01-01 00:03:4.400	-0.8008	0.0044	0.5610	3.0518	72.9370	-23.0713	-3.6035	58.0847	23.5657	46.2000	562	457	-207	100838	0.41 
47.208	2015-01-01 00:03:4.440	-0.8438	0.0166	0.5142	-0.0610	63.5986	-24.6582	-5.3394	60.6555	21.2146	46.0100	565	457	-200	100838	0.41 
47.255	2015-01-01 00:03:4.480	-0.8809	0.0430	0.5532	-1.7700	56.6406	-20.3247	-7.2894	62.8857	18.7262	46.1500	571	463	-195	100838	0.41 
47.318	2015-01-01 00:03:4.520	-0.9268	-0.0815	0.5337	1.3428	25.7568	-22.9492	-9.1516	64.1437	16.4246	45.8700	575	467	-192	100838	0.41 
47.333	2015-01-01 00:03:4.560	-0.9331	-0.0767	0.4429	0.6104	18.0664	-19.0430	-11.5027	64.7260	13.5132	46.0100	578	469	-188	100838	0.41 
47.396	2015-01-01 00:03:4.600	-1.0669	-0.1333	0.5107	1.5259	8.7280	-23.6206	-13.3374	65.1160	11.1127	46.2000	578	473	-187	100838	0.41 
47.427	2015-01-01 00:03:4.640	-1.0054	-0.0654	0.4438	4.3335	-3.9673	-23.0713	-15.1447	64.8358	8.6353	46.1500	576	470	-187	100839	0.41 
47.490	2015-01-01 00:03:4.680	-0.9893	-0.1470	0.4600	2.9907	-8.3008	-27.1606	-16.6992	64.3469	6.4325	46.2000	576	468	-187	100838	0.41 
47.521	2015-01-01 00:03:4.720	-1.0454	-0.1777	0.4663	3.4180	-8.3618	-25.6348	-18.5284	63.7152	3.9880	46.0600	569	477	-188	100839	0.41 
47.552	2015-01-01 00:03:4.760	-1.0601	-0.1738	0.4775	4.0283	-7.4463	-26.6724	-20.0995	63.0780	1.7963	46.1500	565	479	-188	100839	0.41 
47.599	2015-01-01 00:03:4.800	-1.1118	-0.1748	0.4658	0.7324	-8.7280	-25.9399	-21.6925	62.5067	-0.4065	46.0100	559	482	-188	100839	0.41 
47.630	2015-01-01 00:03:4.840	-1.1577	-0.2007	0.4971	6.7139	-4.5776	-29.2358	-23.3240	61.9244	-2.7246	45.8200	555	484	-191	100839	0.40 
47.693	2015-01-01 00:03:4.880	-1.1157	-0.2378	0.4531	7.8735	-12.3291	-16.7847	-24.2084	61.2817	-4.3890	46.0600	551	487	-188	100839	0.40 
47.725	2015-01-01 00:03:4.920	-1.2056	-0.2227	0.4814	7.8735	-7.9346	-11.5967	-24.6698	60.8752	-5.5701	45.9600	548	489	-187	100839	0.40 
47.756	2015-01-01 00:03:4.960	-1.1284	-0.2432	0.4507	4.5776	-6.4087	-0.4883	-24.4391	60.6061	-5.8887	46.0600	544	490	-191	100839	0.40 
47.818	2015-01-01 00:03:5.000	-1.1436	-0.2671	0.4995	4.3945	1.0986	5.1270	-24.1315	60.6775	-5.9491	46.2000	546	491	-193	100839	0.40 
47.850	2015-01-01 00:03:5.040	-1.1733	-0.2471	0.5259	9.8877	2.0142	15.3198	-23.2690	61.0291	-5.5151	45.8700	543	489	-194	100839	0.40 
47.896	2015-01-01 00:03:5.080	-1.1079	-0.1729	0.5005	6.0425	-1.2207	18.9209	-21.5991	61.3806	-4.2188	45.9600	543	485	-197	100839	0.40 
47.927	2015-01-01 00:03:5.120	-1.0825	-0.1436	0.5552	-1.5869	-1.9531	12.7563	-20.3961	61.5729	-3.1091	46.2000	544	484	-204	100839	0.40 
47.959	2015-01-01 00:03:5.160	-1.0498	-0.1440	0.5405	-3.9673	-11.1694	16.4795	-19.2810	61.5289	-1.8567	46.1500	545	485	-204	100839	0.40 
48.005	2015-01-01 00:03:5.200	-0.9810	-0.1372	0.5352	-3.8452	-15.3809	26.1841	-17.4188	61.2762	0.3021	46.3000	545	482	-199	100839	0.41 
48.052	2015-01-01 00:03:5.240	-0.9341	-0.1499	0.5127	0.6714	-20.0806	24.4751	-15.3918	60.8478	2.6147	46.0100	546	478	-199	100839	0.40 
48.099	2015-01-01 00:03:5.280	-0.8716	-0.0957	0.5352	4.7607	-28.4424	29.6021	-12.8430	60.1721	5.3009	46.0600	548	477	-200	100839	0.40 
48.146	2015-01-01 00:03:5.320	-0.8423	-0.0493	0.5439	3.6621	-48.0347	27.9541	-10.1898	58.7823	8.1683	45.8200	552	475	-201	100839	0.40 
48.177	2015-01-01 00:03:5.360	-0.7373	-0.0308	0.4731	3.2349	-55.6030	22.3389	-7.8387	56.8048	10.7117	45.9600	557	474	-201	100839	0.40 
48.224	2015-01-01 00:03:5.400	-0.7520	-0.0161	0.5137	1.2817	-58.2886	24.2310	-5.9271	54.6899	12.8650	46.1500	558	472	-203	100839	0.40 
48.271	2015-01-01 00:03:5.440	-0.7402	-0.0264	0.5552	0.2441	-61.7676	23.6206	-4.2462	52.3938	14.9359	46.0600	554	469	-207	100839	0.40 
48.334	2015-01-01 00:03:5.480	-0.7446	-0.0190	0.5957	-3.8452	-61.4624	17.3340	-3.1201	50.0208	16.5179	46.0600	552	467	-213	100839	0.41 
48.365	2015-01-01 00:03:5.520	-0.6655	-0.0161	0.5781	-4.1504	-63.4155	17.3340	-2.3730	47.4884	17.8088	45.8700	549	467	-218	100839	0.40 
48.396	2015-01-01 00:03:5.560	-0.6631	-0.0073	0.6436	-6.0425	-58.0444	16.2354	-1.7798	45.1923	19.0228	46.0100	546	461	-223	100839	0.41 
48.427	2015-01-01 00:03:5.600	-0.6509	0.0054	0.6592	-4.8828	-60.8521	17.8223	-1.2469	42.8357	20.2203	45.8700	545	458	-226	100839	0.41 
48.474	2015-01-01 00:03:5.640	-0.6235	-0.0122	0.6909	-6.0425	-59.0210	20.2026	-0.7361	40.5011	21.4453	46.3000	538	460	-231	100839	0.41 
48.537	2015-01-01 00:03:5.680	-0.5874	-0.0029	0.7036	-6.0425	-59.8755	20.9961	-0.3241	38.1665	22.6758	46.0100	530	458	-234	100838	0.41 
48.568	2015-01-01 00:03:5.720	-0.5703	0.0200	0.7456	-5.1270	-58.7158	19.7754	0.0989	35.8539	23.8898	46.0600	526	457	-236	100838	0.41 
48.599	2015-01-01 00:03:5.760	-0.5361	0.0088	0.7637	-4.6997	-56.1523	17.0898	0.4065	33.5797	24.9500	45.9600	522	457	-239	100838	0.41 
48.646	2015-01-01 00:03:5.800	-0.5049	0.0146	0.8105	-3.6621	-56.7017	13.4888	0.6317	31.3330	25.8618	46.0100	520	452	-239	100838	0.41 
48.709	2015-01-01 00:03:5.840	-0.4712	0.0317	0.8545	-0.9766	-59.2041	11.5356	0.8185	29.0204	26.6309	46.1500	518	451	-240	100838	0.41 
48.740	2015-01-01 00:03:5.880	-0.4253	0.0801	0.8457	1.4038	-61.8286	11.5356	1.1261	26.5814	27.3505	46.2000	512	454	-245	100838	0.41 
48.771	2015-01-01 00:03:5.920	-0.3506	0.0781	0.7720	1.2817	-52.2461	9.8267	1.4832	24.2853	28.0371	46.0100	506	458	-245	100838	0.41 
48.802	2015-01-01 00:03:5.960	-0.3911	0.0332	0.8760	1.2817	-44.9219	4.0894	1.6534	22.4286	28.4711	46.2000	500	457	-250	100838	0.41 
48.850	2015-01-01 00:03:6.000	-0.3779	0.0366	0.9106	1.7700	-41.0767	5.8594	1.8018	20.7532	28.8776	46.0600	497	456	-251	100838	0.41 
48.912	2015-01-01 00:03:6.040	-0.3423	0.0444	0.9639	1.4038	-36.7432	2.1973	1.9116	19.2261	29.2401	46.2000	496	455	-253	100838	0.41 
48.944	2015-01-01 00:03:6.080	-0.2974	0.0596	0.9443	-1.2207	-43.7012	-0.1221	1.9501	17.6001	29.4873	45.9600	492	455	-255	100838	0.41 
48.975	2015-01-01 00:03:6.120	-0.2817	0.0698	0.9326	0.0000	-37.3535	-0.3052	1.9281	16.0126	29.6521	46.0600	484	455	-255	100837	0.41 
49.037	2015-01-01 00:03:6.160	-0.2729	0.0889	0.9194	-1.8311	-34.4238	2.9907	1.9666	14.6228	29.8938	46.1500	480	456	-254	100837	0.41 
49.068	2015-01-01 00:03:6.200	-0.2422	0.0498	0.9209	-0.7935	-28.1372	3.5400	1.9830	13.3978	30.2509	46.0600	476	455	-256	100837	0.41 
49.120	2015-01-01 00:03:6.240	-0.2471	0.0332	0.9937	-0.6104	-20.3247	2.4414	1.9775	12.5189	30.5695	45.8700	470	456	-261	100837	0.41 
49.152	2015-01-01 00:03:6.280	-0.2319	0.0635	1.0034	-0.3052	-21.9116	5.3711	2.0105	11.6949	30.9375	45.9600	467	456	-264	100837	0.41 
49.183	2015-01-01 00:03:6.320	-0.2017	0.0347	0.9902	-0.3662	-20.6299	3.1128	2.0380	10.8875	31.3110	46.0600	466	456	-266	100837	0.41 
49.245	2015-01-01 00:03:6.360	-0.1650	0.0146	0.9771	-0.7324	-18.9819	1.1597	1.9995	10.0580	31.6077	46.2000	462	458	-267	100837	0.41 
49.277	2015-01-01 00:03:6.400	-0.1543	0.0269	0.9941	-1.3428	-18.0664	-2.0752	1.9171	9.3109	31.7889	46.0100	457	456	-265	100837	0.41 
49.323	2015-01-01 00:03:6.440	-0.1646	0.0566	1.0039	-0.0610	-15.3809	-1.9531	1.8896	8.6682	31.8988	46.0600	457	455	-266	100837	0.41 
49.370	2015-01-01 00:03:6.480	-0.1528	0.0449	0.9795	-0.9766	-14.4653	-0.9155	1.8787	8.0859	32.0526	45.9600	456	457	-264	100837	0.41 
49.401	2015-01-01 00:03:6.520	-0.1436	0.0361	1.0044	-0.6104	-11.2305	-0.6714	1.8457	7.6025	32.2339	46.0600	456	458	-263	100837	0.41 
49.432	2015-01-01 00:03:6.560	-0.0840	0.0200	1.0308	-1.6479	-13.6719	-3.6621	1.7853	7.0642	32.3822	46.0600	454	457	-265	100837	0.41 
49.464	2015-01-01 00:03:6.600	-0.0645	0.0127	1.0156	-0.2441	-8.9722	-5.3101	1.7139	6.5314	32.4481	46.0100	449	453	-262	100836	0.41 
49.526	2015-01-01 00:03:6.640	-0.0737	0.0391	1.0088	-0.3662	-8.3618	-7.0801	1.7029	6.1578	32.4371	45.8700	447	451	-259	100836	0.41 
49.558	2015-01-01 00:03:6.680	-0.0859	0.0474	1.0122	0.5493	-3.7842	-6.6528	1.6974	5.9216	32.3932	45.9600	443	455	-264	100837	0.41 
49.589	2015-01-01 00:03:6.720	-0.0859	0.0488	1.0049	-0.4883	-3.1738	-7.3242	1.6864	5.7404	32.3383	46.2000	442	456	-265	100837	0.41 
49.652	2015-01-01 00:03:6.760	-0.1064	0.0547	1.0137	-0.7935	-0.7324	-6.5918	1.6644	5.6909	32.2778	45.9600	442	455	-265	100837	0.41 
49.683	2015-01-01 00:03:6.800	-0.0879	0.0396	1.0225	-0.9766	-2.8687	-3.3569	1.6315	5.6085	32.2943	45.8700	442	457	-264	100836	0.41 
49.729	2015-01-01 00:03:6.840	-0.0854	0.0493	1.0234	-0.7935	-1.7090	-0.1221	1.6150	5.5151	32.4756	45.8700	442	462	-266	100836	0.41 
49.761	2015-01-01 00:03:6.880	-0.0752	0.0342	1.0127	-1.0376	-1.2207	-0.4883	1.5930	5.4327	32.6678	46.0100	437	461	-268	100836	0.41 
49.824	2015-01-01 00:03:6.920	-0.1045	0.0259	1.0112	-1.8921	-3.5400	-2.1973	1.5271	5.3394	32.8217	45.9600	441	458	-267	100836	0.41 
49.855	2015-01-01 00:03:6.960	-0.0962	0.0313	1.0225	-1.5869	-3.6011	-3.2349	1.4447	5.2020	32.9041	46.2000	442	458	-267	100836	0.41 
49.886	2015-01-01 00:03:7.000	-0.0811	0.0356	1.0078	-0.9766	-3.1738	-1.8921	1.3953	5.0482	33.0194	46.0600	442	457	-266	100836	0.41 
49.932	2015-01-01 00:03:7.040	-0.0718	0.0244	1.0225	-0.7324	-3.2349	-2.9907	1.3678	4.9054	33.1567	46.0100	441	458	-265	100836	0.41 
49.964	2015-01-01 00:03:7.080	-0.0723	0.0220	1.0161	0.0610	-1.6479	-6.3477	1.3458	4.8010	33.1622	46.0100	437	458	-263	100836	0.41 
50.027	2015-01-01 00:03:7.120	-0.0845	0.0308	1.0171	1.0376	-0.3052	-5.9204	1.3513	4.7681	33.1073	46.2000	436	458	-262	100836	0.41 
50.058	2015-01-01 00:03:7.160	-0.0884	0.0474	1.0063	1.0986	-1.2817	-6.2866	1.3898	4.7461	33.0634	46.0600	436	456	-263	100835	0.41 
50.089	2015-01-01 00:03:7.200	-0.0752	0.0400	1.0103	0.7324	-0.8545	-4.2114	1.4392	4.7021	33.0579	45.8200	437	459	-268	100836	0.41 
50.151	2015-01-01 00:03:7.240	-0.0688	0.0430	1.0103	0.7935	-2.0142	-3.6011	1.4832	4.6362	33.1073	46.1500	439	461	-269	100836	0.41 
50.183	2015-01-01 00:03:7.280	-0.0825	0.0454	1.0298	0.7935	-1.0986	-2.2583	1.5326	4.6307	33.1842	45.8200	436	460	-266	100836	0.41 
50.214	2015-01-01 00:03:7.320	-0.0630	0.0488	1.0127	0.3662	-0.5493	-0.5493	1.5765	4.5428	33.3435	46.0600	436	458	-265	100835	0.41 
50.245	2015-01-01 00:03:7.360	-0.0874	0.0513	1.0132	0.7935	1.5259	0.4272	1.6205	4.5868	33.5358	46.0100	436	461	-267	100835	0.41 
50.292	2015-01-01 00:03:7.400	-0.0752	0.0439	1.0098	0.7935	1.1597	2.0142	1.6864	4.6198	33.7720	46.0100	432	460	-265	100835	0.41 
50.370	2015-01-01 00:03:7.440	-0.0933	0.0439	1.0195	0.9766	0.9766	1.3428	1.7468	4.6802	34.0082	46.3500	430	459	-263	100835	0.41 
50.402	2015-01-01 00:03:7.480	-0.0723	0.0498	1.0093	0.7324	0.6104	1.6479	1.8073	4.6857	34.2389	46.0600	433	459	-265	100836	0.41 
50.433	2015-01-01 00:03:7.520	-0.0879	0.0532	1.0205	0.6104	0.6104	1.7090	1.8622	4.7351	34.4696	45.8200	434	457	-267	100836	0.41 
50.464	2015-01-01 00:03:7.560	-0.0762	0.0425	1.0166	0.0610	-0.8545	0.3662	1.9006	4.7131	34.6729	45.9600	434	453	-270	100836	0.41 
50.511	2015-01-01 00:03:7.600	-0.0835	0.0415	1.0132	0.6104	0.6104	0.4272	1.9336	4.7076	34.8541	46.1500	435	454	-268	100835	0.41 
50.557	2015-01-01 00:03:7.640	-0.0879	0.0513	1.0171	0.1831	0.4883	-0.0610	1.9666	4.7351	35.0244	46.0100	440	456	-268	100835	0.41 
50.604	2015-01-01 00:03:7.680	-0.0879	0.0513	1.0151	0.1221	0.0610	-0.1831	1.9940	4.7461	35.1782	45.8700	444	456	-269	100835	0.41 
50.620	2015-01-01 00:03:7.720	-0.0884	0.0425	1.0181	0.5493	1.0986	-0.1831	2.0160	4.7845	35.3265	45.8700	444	457	-267	100836	0.41 
50.667	2015-01-01 00:03:7.760	-0.0820	0.0479	1.0254	0.3052	0.0000	-0.4883	2.0490	4.8120	35.4749	45.8200	440	460	-268	100836	0.41 
50.698	2015-01-01 00:03:7.800	-0.0825	0.0435	1.0054	0.3662	0.3052	-1.0986	2.0764	4.8010	35.5902	46.0100	441	460	-267	100836	0.41 
50.761	2015-01-01 00:03:7.840	-0.0889	0.0508	1.0166	0.3662	0.3052	-0.3662	2.1094	4.8450	35.6946	45.8700	439	459	-267	100836	0.41 
50.792	2015-01-01 00:03:7.880	-0.1011	0.0479	1.0293	0.3052	1.4648	-0.7935	2.1368	4.9219	35.8099	45.7700	439	454	-267	100836	0.41 
50.824	2015-01-01 00:03:7.920	-0.0913	0.0449	1.0210	0.0000	-2.5635	-1.3428	2.1478	4.8834	35.8978	46.0600	439	455	-265	100836	0.41 
50.886	2015-01-01 00:03:7.960	-0.0938	0.0425	1.0137	0.4272	2.3804	-1.8311	2.1423	4.8834	35.9802	45.7700	439	456	-263	100836	0.41 
50.901	2015-01-01 00:03:8.000	-0.0874	0.0439	1.0254	0.6104	0.1831	-1.5869	2.1698	4.9384	36.0461	45.8700	439	455	-259	100836	0.41 
50.964	2015-01-01 00:03:8.040	-0.0942	0.0420	1.0176	0.2441	0.1831	-1.2817	2.1918	4.9548	36.1285	45.6800	440	457	-261	100836	0.41 
51.011	2015-01-01 00:03:8.080	-0.0864	0.0474	1.0142	0.6714	1.0376	-1.1597	2.2192	4.9768	36.2164	45.6800	441	458	-264	100836	0.41 
51.042	2015-01-01 00:03:8.120	-0.0898	0.0537	1.0181	0.2441	0.3052	-0.7935	2.2412	5.0153	36.2988	45.9600	440	459	-270	100836	0.41 
51.089	2015-01-01 00:03:8.160	-0.0962	0.0483	1.0249	0.0000	0.0000	-0.6104	2.2632	5.0262	36.3867	45.8700	440	459	-270	100836	0.41 
51.120	2015-01-01 00:03:8.200	-0.0952	0.0483	1.0137	-0.2441	-0.3662	-0.7324	2.2687	5.0262	36.4746	45.6800	439	458	-266	100836	0.41 
51.167	2015-01-01 00:03:8.240	-0.0898	0.0449	1.0103	0.2441	-0.4272	-0.8545	2.2797	5.0098	36.5680	46.1500	441	455	-267	100836	0.41 
51.199	2015-01-01 00:03:8.280	-0.0874	0.0464	1.0142	0.0000	-0.0610	-0.9155	2.2797	5.0043	36.6504	46.0100	439	457	-268	100836	0.41 
51.261	2015-01-01 00:03:8.320	-0.0981	0.0488	1.0195	0.0000	-1.0376	-0.7935	2.2852	4.9933	36.7273	45.8700	439	457	-267	100836	0.41 
51.292	2015-01-01 00:03:8.360	-0.0942	0.0449	1.0142	0.0000	-0.5493	-1.2817	2.2961	4.9713	36.7987	46.0100	438	456	-271	100836	0.41 
51.324	2015-01-01 00:03:8.400	-0.0977	0.0474	1.0200	0.0610	-0.7324	-0.8545	2.3016	4.9493	36.8701	45.8200	439	458	-269	100836	0.41 
51.402	2015-01-01 00:03:8.440	-0.0977	0.0542	1.0190	-0.0610	-1.8921	-0.4272	2.3181	4.9164	36.9525	45.8700	436	457	-266	100836	0.41 
51.402	2015-01-01 00:03:8.480	-0.0972	0.0503	1.0181	0.1221	1.9531	-0.9766	2.3346	4.9384	37.0239	46.0100	434	456	-266	100836	0.41 
51.464