StartTime: 2017-07-21 14:47:47.248
Time(s)	ChipTime	ax(g)	ay(g)	az(g)	wx(deg/s)	wy(deg/s)	wz(deg/s)	AngleX(deg)	AngleY(deg)	AngleZ(deg)	T(°)	hx	hy	hz	Pressure(Pa)	Altitude(m) 
59.326	2015-01-01 00:01:59.840	-0.1855	0.0806	1.0063	-0.3052	3.0518	-2.3804	3.1201	15.2106	33.8928	46.5900	430	475	-240	100801	0.44 
59.357	2015-01-01 00:01:59.880	-0.1958	0.0811	1.0020	-0.6714	3.0518	-2.8687	3.1146	15.2325	33.8983	46.5900	432	474	-237	100801	0.44 
59.404	2015-01-01 00:01:59.920	-0.1880	0.0796	1.0078	-0.9155	2.6855	-2.8076	3.0927	15.2435	33.8928	46.3900	431	475	-235	100800	0.44 
59.435	2015-01-01 00:01:59.960	-0.1885	0.0752	1.0000	-1.3428	1.7700	-2.1973	3.0597	15.2271	33.8983	46.5400	433	476	-235	100801	0.44 
59.482	2015-01-01 00:02:0.000	-0.1880	0.0796	0.9971	-1.1597	2.9297	-2.4414	3.0377	15.2161	33.9203	46.3900	432	475	-235	100801	0.44 
59.529	2015-01-01 00:02:0.040	-0.1860	0.0801	0.9980	-2.1362	2.1973	-2.7466	2.9883	15.2106	33.9093	46.2000	431	476	-234	100801	0.44 
59.560	2015-01-01 00:02:0.080	-0.1982	0.0894	0.9946	-0.6104	6.4087	-0.9155	2.9718	15.2930	33.9587	46.3900	433	474	-237	100801	0.44 
59.623	2015-01-01 00:02:0.120	-0.2261	0.0737	0.9814	-1.0986	6.1035	-0.2441	2.9773	15.4688	34.0576	46.5400	435	476	-236	100800	0.44 
59.654	2015-01-01 00:02:0.160	-0.2280	0.0649	0.9849	-1.8921	6.9580	-1.6479	2.9224	15.6885	34.1180	46.4900	433	475	-236	100800	0.44 
59.685	2015-01-01 00:02:0.200	-0.2168	0.0718	1.0000	-2.1973	4.5776	-2.3193	2.8510	15.8368	34.1290	46.5900	436	478	-236	100800	0.44 
59.732	2015-01-01 00:02:0.240	-0.2192	0.0869	0.9746	-1.8921	6.4697	-0.7324	2.8070	15.9521	34.1785	46.5400	439	480	-235	100800	0.44 
59.763	2015-01-01 00:02:0.280	-0.2432	0.0737	0.9751	-3.1738	10.9863	-0.7324	2.7466	16.2433	34.2554	46.5400	441	481	-235	100800	0.44 
59.810	2015-01-01 00:02:0.320	-0.2578	0.0693	0.9468	-3.2959	15.6860	0.0610	2.6587	16.7487	34.3433	46.3900	439	478	-235	100800	0.44 
59.858	2015-01-01 00:02:0.360	-0.2744	0.0659	0.9365	-3.6011	19.2261	2.8076	2.5818	17.3969	34.4861	46.5400	436	474	-237	100800	0.44 
59.889	2015-01-01 00:02:0.400	-0.2979	0.0845	0.9243	-2.8076	28.6865	4.9438	2.5818	18.3636	34.7388	46.3500	434	471	-239	100800	0.44 
59.951	2015-01-01 00:02:0.440	-0.2808	0.0791	0.9634	-1.9531	32.8979	7.3853	2.6532	19.5831	35.1178	46.3900	444	473	-233	100800	0.44 
59.982	2015-01-01 00:02:0.480	-0.2773	0.0483	0.9087	0.5493	39.3677	5.3711	2.7740	20.8630	35.5188	46.5900	450	474	-230	100800	0.44 
60.013	2015-01-01 00:02:0.520	-0.2861	0.0713	0.8984	0.9155	48.8281	5.4932	2.9553	22.5604	35.8978	46.3900	452	474	-229	100800	0.44 
60.044	2015-01-01 00:02:0.560	-0.2861	0.1021	0.8862	1.0986	59.5703	1.7090	3.1641	24.5490	36.2164	46.3900	460	474	-226	100800	0.44 
60.092	2015-01-01 00:02:0.600	-0.4097	0.1309	0.9419	2.7466	70.0073	7.3853	3.5211	27.1637	36.5900	46.5400	469	473	-223	100800	0.44 
60.170	2015-01-01 00:02:0.640	-0.4048	0.0811	0.8838	1.1597	57.9224	8.8501	3.8947	29.4983	37.1613	46.5900	474	472	-222	100800	0.44 
60.170	2015-01-01 00:02:0.680	-0.4224	0.0845	0.8164	3.2959	76.5381	10.2539	4.3781	32.0526	37.7875	46.3900	481	472	-218	100800	0.44 
60.233	2015-01-01 00:02:0.720	-0.4741	0.1025	0.7544	6.1646	80.8105	10.5591	5.0372	35.1343	38.4741	46.6800	484	471	-215	100800	0.44 
60.264	2015-01-01 00:02:0.760	-0.4995	0.1821	0.7681	9.0332	92.1021	25.5737	6.2842	38.3972	39.7156	46.7300	485	470	-214	100800	0.44 
60.311	2015-01-01 00:02:0.800	-0.5405	0.1113	0.6895	10.8032	91.3696	28.1982	8.0969	41.7590	41.6162	46.5400	504	466	-205	100800	0.44 
60.357	2015-01-01 00:02:0.840	-0.6431	0.1060	0.7217	7.9956	93.9331	23.4375	10.0031	45.1978	43.5938	46.4900	519	461	-199	100800	0.44 
60.404	2015-01-01 00:02:0.880	-0.5894	0.0918	0.5596	12.5122	93.9331	11.3525	11.7444	48.6969	45.1978	46.4900	528	460	-193	100800	0.44 
60.435	2015-01-01 00:02:0.920	-0.5576	0.0972	0.6226	7.9346	82.8247	10.8643	13.5077	51.8610	46.7688	46.5900	544	457	-182	100800	0.44 
60.482	2015-01-01 00:02:0.960	-0.6602	0.1494	0.5806	6.8359	72.2656	12.5732	15.2655	54.6790	48.3398	46.5400	550	458	-170	100800	0.44 
60.529	2015-01-01 00:02:1.000	-0.5210	0.1934	0.6191	8.6060	20.2026	25.4517	17.4738	55.7776	50.4327	46.5400	555	457	-164	100801	0.44 
60.576	2015-01-01 00:02:1.040	-0.5635	0.1191	0.4922	2.9297	3.7231	20.9351	19.0558	55.5853	51.8115	46.6800	567	450	-158	100801	0.44 
60.608	2015-01-01 00:02:1.080	-0.5972	0.1665	0.5542	0.7935	-14.5874	33.9355	20.2368	54.7998	53.0475	46.5400	572	447	-153	100801	0.44 
60.654	2015-01-01 00:02:1.120	-0.5811	0.1738	0.5503	-3.7231	-30.4565	19.4702	21.0114	53.1848	53.8605	46.5900	577	444	-151	100801	0.44 
60.685	2015-01-01 00:02:1.160	-0.6479	0.2251	0.6592	-11.4746	-37.1704	15.0757	20.5774	51.7072	53.5968	46.5400	581	443	-153	100801	0.44 
60.732	2015-01-01 00:02:1.200	-0.5947	0.1851	0.5708	-13.1836	-43.6401	19.6533	20.1270	49.4604	53.4540	46.7300	585	442	-154	100802	0.44 
60.779	2015-01-01 00:02:1.240	-0.6709	0.2441	0.6953	-12.8174	-39.8560	-0.6714	19.2865	47.8564	52.7893	46.4900	581	439	-160	100802	0.44 
60.811	2015-01-01 00:02:1.280	-0.6646	0.2837	0.7241	-11.3525	-37.9028	-0.2441	18.2043	46.1261	51.7621	46.4900	577	437	-158	100802	0.44 
60.857	2015-01-01 00:02:1.320	-0.7246	0.2529	0.7832	-3.7842	-31.8604	-2.5024	17.5067	44.7418	50.9161	46.4900	576	435	-159	100802	0.44 
60.904	2015-01-01 00:02:1.360	-0.7847	0.4033	0.8496	-5.1880	-33.3862	-7.3853	16.9629	43.4509	49.9438	46.3900	572	436	-166	100802	0.44 
60.935	2015-01-01 00:02:1.400	-0.7192	0.3604	0.9648	-5.7373	-37.6587	-1.0986	16.3257	41.9843	49.0704	46.7300	572	435	-170	100802	0.44 
61.013	2015-01-01 00:02:1.440	-0.7915	0.3071	0.9492	-8.5449	-29.7852	-6.5308	15.6995	40.6165	48.2959	46.4900	568	436	-174	100803	0.44 
61.045	2015-01-01 00:02:1.480	-0.7861	0.4106	0.9761	-12.0850	-18.1885	-11.6577	14.7327	39.7540	47.2192	46.5400	561	443	-178	100803	0.44 
61.076	2015-01-01 00:02:1.520	-0.7827	0.3784	1.0649	-0.1221	-15.6860	11.0474	14.7107	39.0344	47.0984	46.5900	555	447	-179	100803	0.43 
61.123	2015-01-01 00:02:1.560	-0.7441	0.2700	1.0327	3.5400	-18.1885	-5.7373	14.7272	38.1665	46.8512	46.5900	553	448	-180	100803	0.43 
61.185	2015-01-01 00:02:1.600	-0.7881	0.4668	0.9976	2.8076	-5.9204	-7.6294	14.6283	37.7490	46.1700	46.3500	550	442	-177	100804	0.43 
61.217	2015-01-01 00:02:1.640	-0.7612	0.3247	0.9746	10.3760	1.8921	-8.8501	14.8260	37.7380	45.7141	46.4900	549	440	-176	100804	0.43 
61.248	2015-01-01 00:02:1.680	-0.6982	0.3433	0.9126	15.4419	9.2163	-17.2119	15.1227	38.0237	45.0604	46.5900	546	444	-178	100804	0.43 
61.295	2015-01-01 00:02:1.720	-0.6914	0.3403	0.8862	12.5732	14.8315	-21.2402	15.3040	38.6444	44.2200	46.5400	540	444	-178	100805	0.43 
61.341	2015-01-01 00:02:1.760	-0.6284	0.3242	0.7739	11.3525	14.8926	-23.1323	15.3589	39.3530	43.2751	46.7300	538	443	-178	100805	0.43 
61.388	2015-01-01 00:02:1.800	-0.5786	0.2480	0.7480	8.1787	15.1367	-22.3389	15.2820	40.0836	42.3413	46.3500	539	446	-180	100805	0.43 
61.420	2015-01-01 00:02:1.840	-0.5039	0.2461	0.6934	3.9063	11.4136	-22.5830	14.9854	40.7263	41.3470	46.4900	539	449	-179	100805	0.43 
61.451	2015-01-01 00:02:1.880	-0.4619	0.2173	0.6743	0.0000	3.9063	-19.1040	14.5239	41.0449	40.4297	46.4900	540	449	-179	100806	0.43 
61.498	2015-01-01 00:02:1.920	-0.4595	0.1714	0.6636	-3.1128	-3.7231	-18.7378	13.8702	41.0284	39.5013	46.5400	538	452	-180	100805	0.43 
61.545	2015-01-01 00:02:1.960	-0.4932	0.1997	0.6797	-6.4087	-9.7656	-16.6016	13.0573	40.7373	38.5455	46.5400	535	453	-176	100805	0.43 
61.592	2015-01-01 00:02:2.000	-0.5630	0.1807	0.7485	-8.0566	-13.4277	-12.8174	12.2662	40.2814	37.7271	46.7300	533	456	-180	100805	0.43 
61.623	2015-01-01 00:02:2.040	-0.5840	0.1748	0.7939	-10.5591	-15.7471	-13.2446	11.3654	39.7101	36.9415	46.3900	528	461	-179	100806	0.43 
61.686	2015-01-01 00:02:2.080	-0.6299	0.2490	0.8711	-9.8267	-19.2871	-9.2163	10.5414	39.0179	36.2274	46.3500	526	463	-178	100806	0.43 
61.717	2015-01-01 00:02:2.120	-0.6367	0.2080	0.9243	-4.5166	-33.5693	-1.2207	10.0909	37.8204	35.8649	46.5400	522	461	-180	100806	0.43 
61.748	2015-01-01 00:02:2.160	-0.6025	0.2197	0.8696	-2.1362	-23.4375	-4.3945	9.8383	36.5900	35.5518	46.4900	518	460	-178	100806	0.43 
61.827	2015-01-01 00:02:2.200	-0.5654	0.2017	0.8760	-2.9907	-9.2163	-7.9346	9.6075	35.9473	35.2441	46.5900	515	461	-178	100806	0.43 
61.858	2015-01-01 00:02:2.240	-0.5571	0.1851	0.9199	-2.0142	0.0000	-14.9536	9.2065	35.8044	34.7333	46.6800	514	462	-183	100806	0.43 
61.889	2015-01-01 00:02:2.280	-0.5576	0.2085	0.9292	-2.3804	-0.5493	-15.0146	8.7616	35.7605	34.1016	46.5900	513	462	-184	100806	0.43 
61.920	2015-01-01 00:02:2.320	-0.6426	0.2012	1.1050	-0.9155	-2.1362	-13.5498	8.4155	35.7111	33.5577	46.4900	512	463	-186	100806	0.43 
61.998	2015-01-01 00:02:2.360	-0.8101	0.2407	1.2266	-1.0376	6.7749	-14.4043	7.9816	35.7111	32.9919	46.3900	509	467	-190	100806	0.43 
62.029	2015-01-01 00:02:2.400	-0.9258	0.3154	1.2515	-2.8687	20.1416	-12.7563	7.7289	36.2933	32.4646	46.3900	508	470	-189	100806	0.43 
62.045	2015-01-01 00:02:2.440	-0.8853	0.2671	1.1211	-1.5259	59.8755	-11.7798	7.6575	37.8864	32.2723	46.5400	508	470	-188	100806	0.43 
62.092	2015-01-01 00:02:2.480	-0.8110	0.2007	0.9844	0.1831	74.2798	-16.2354	7.7179	40.5450	32.0966	46.5400	508	472	-186	100806	0.43 
62.138	2015-01-01 00:02:2.520	-0.6948	0.1953	0.9487	3.1128	58.8989	-19.6533	7.5092	42.9456	31.5637	46.4900	510	470	-186	100807	0.43 
62.201	2015-01-01 00:02:2.560	-0.5806	0.1738	0.7930	0.4272	36.8042	-11.0474	7.4432	44.8132	31.2726	46.5400	515	468	-182	100807	0.43 
62.233	2015-01-01 00:02:2.600	-0.5459	0.1270	0.7002	0.3662	34.4849	-9.8877	7.3938	46.0272	31.1298	46.5400	515	468	-178	100807	0.43 
62.263	2015-01-01 00:02:2.640	-0.5195	0.1060	0.6675	-4.8828	20.1416	-9.8877	7.0697	46.8237	30.8826	46.5400	519	467	-177	100807	0.43 
62.310	2015-01-01 00:02:2.680	-0.5415	0.1099	0.6206	-5.2490	7.0190	-6.0425	6.6248	47.1863	30.6079	46.6800	523	464	-173	100807	0.43 
62.342	2015-01-01 00:02:2.720	-0.5518	0.1416	0.6431	-5.6152	8.4229	1.2207	6.4984	47.3676	30.6573	46.5400	525	463	-170	100807	0.43 
62.404	2015-01-01 00:02:2.760	-0.6089	0.1182	0.7104	-8.6060	-2.0752	4.1504	6.5588	47.5378	31.0583	46.4900	525	466	-171	100807	0.43 
62.436	2015-01-01 00:02:2.800	-0.5854	0.0820	0.6382	-7.3242	-13.4888	1.6479	6.3336	47.0050	31.2122	46.3900	525	466	-171	100807	0.43 
62.467	2015-01-01 00:02:2.840	-0.5654	0.0615	0.6772	-6.0425	-11.4746	-1.9531	6.0095	46.3788	31.1737	46.3500	527	463	-171	100806	0.43 
62.529	2015-01-01 00:02:2.880	-0.5854	0.1050	0.6992	-6.9580	-18.1274	-4.3945	5.5920	45.6372	30.9869	46.3500	526	468	-174	100806	0.43 
62.560	2015-01-01 00:02:2.920	-0.5659	0.0962	0.7246	-6.1035	-24.3530	-3.4180	5.1801	44.6649	30.7672	46.5400	526	471	-176	100807	0.43 
62.607	2015-01-01 00:02:2.960	-0.5303	0.0747	0.7334	-5.6152	-23.7427	-3.2349	4.7791	43.5168	30.5750	46.6800	521	465	-177	100806	0.43 
62.654	2015-01-01 00:02:3.000	-0.5420	0.0991	0.7334	-4.9438	-25.2686	-2.1362	4.4659	42.3962	30.4596	46.4900	517	465	-178	100806	0.43 
62.702	2015-01-01 00:02:3.040	-0.5112	0.1045	0.7505	-5.6763	-29.6021	0.0000	4.2737	41.1218	30.4596	46.4900	514	464	-180	100806	0.43 
62.733	2015-01-01 00:02:3.080	-0.5288	0.1362	0.7842	-6.9580	-30.6396	4.0283	4.1254	39.7870	30.6189	46.3500	513	463	-187	100806	0.43 
62.764	2015-01-01 00:02:3.120	-0.4839	0.1250	0.7651	-7.8735	-42.7856	8.8501	4.1254	38.1390	31.0034	46.3900	511	462	-190	100805	0.43 
62.842	2015-01-01 00:02:3.160	-0.4673	0.1006	0.7856	-6.8359	-42.6636	7.8735	4.1199	36.2659	31.4594	46.6800	505	466	-191	100805	0.43 
62.873	2015-01-01 00:02:3.200	-0.4521	0.0640	0.7417	-5.9814	-45.9595	6.8970	4.0430	34.3433	31.7889	46.5400	504	467	-195	100805	0.43 
62.904	2015-01-01 00:02:3.240	-0.4038	0.0884	0.7466	-5.4321	-41.4429	5.1880	3.9276	32.5305	32.0416	46.4900	500	466	-197	100805	0.43 
62.951	2015-01-01 00:02:3.280	-0.4243	0.0894	0.8130	-2.3193	-41.3818	4.5776	3.9331	30.7837	32.2998	46.2000	493	462	-202	100805	0.43 
62.982	2015-01-01 00:02:3.320	-0.4146	0.0923	0.8423	-3.6011	-42.7856	2.5635	3.8892	29.0259	32.4536	46.5400	489	459	-205	100805	0.43 
63.045	2015-01-01 00:02:3.360	-0.3818	0.0630	0.8545	-1.5259	-42.4805	-2.8687	3.7628	27.2296	32.4646	46.5400	486	461	-208	100804	0.43 
63.076	2015-01-01 00:02:3.400	-0.3745	0.0791	0.8975	-1.8921	-38.7573	-8.4229	3.5870	25.5927	32.2174	46.6800	482	462	-209	100804	0.43 
63.107	2015-01-01 00:02:3.440	-0.3750	0.1138	0.9102	-3.4790	-32.5928	-13.6719	3.2794	24.0985	31.7834	46.4900	479	463	-210	100804	0.43 
63.154	2015-01-01 00:02:3.480	-0.3760	0.1465	0.9351	-3.9063	-28.8086	-13.6108	2.9828	22.9175	31.2396	46.4900	472	467	-214	100804	0.43 
63.185	2015-01-01 00:02:3.520	-0.3428	0.1138	0.9663	-4.1504	-28.0151	-13.1226	2.7136	21.7639	30.8002	46.4900	470	467	-218	100804	0.43 
63.249	2015-01-01 00:02:3.560	-0.3076	0.0923	0.9653	-3.4180	-25.6348	-14.2212	2.3950	20.6433	30.3497	46.5400	467	467	-219	100803	0.43 
63.280	2015-01-01 00:02:3.600	-0.2686	0.0869	0.9531	-1.5869	-22.1558	-14.5264	2.1533	19.6436	29.9158	46.4900	459	469	-221	100803	0.43 
63.310	2015-01-01 00:02:3.640	-0.2505	0.0918	0.9668	-1.0986	-22.6440	-13.9771	1.9830	18.6713	29.5093	46.5900	454	471	-220	100803	0.43 
63.357	2015-01-01 00:02:3.680	-0.2534	0.0850	0.9590	-0.5493	-18.6768	-14.4043	1.8347	17.7869	29.1193	46.5400	449	473	-223	100803	0.44 
63.389	2015-01-01 00:02:3.720	-0.2622	0.0698	0.9541	-2.5024	-17.3950	-16.1743	1.6479	17.0178	28.6688	46.3500	445	473	-224	100803	0.44 
63.451	2015-01-01 00:02:3.760	-0.2261	0.0889	0.9976	-4.3945	-16.8457	-17.3950	1.3733	16.3037	28.1689	46.5400	443	473	-224	100802	0.44 
63.482	2015-01-01 00:02:3.800	-0.1914	0.0913	0.9780	-3.7842	-10.8643	-13.9160	1.1426	15.6555	27.7844	46.4900	440	471	-226	100803	0.44 
63.514	2015-01-01 00:02:3.840	-0.1997	0.0845	0.9604	-2.8687	-5.8594	-10.3149	0.9943	15.2765	27.5537	46.3500	438	474	-227	100802	0.44 
63.560	2015-01-01 00:02:3.880	-0.1963	0.0771	0.9795	-2.9907	-4.0283	-9.5825	0.8734	14.9963	27.4329	46.6800	437	474	-228	100802	0.44 
63.623	2015-01-01 00:02:3.920	-0.2046	0.0527	0.9990	-2.1973	-2.7466	-11.0474	0.7471	14.7876	27.2681	46.4900	432	477	-228	100802	0.44 
63.654	2015-01-01 00:02:3.960	-0.1860	0.0581	1.0015	-2.3193	-3.2959	-11.3525	0.6152	14.5789	27.0703	46.4900	430	481	-226	100802	0.44 
63.717	2015-01-01 00:02:4.000	-0.1792	0.0679	1.0098	-1.2207	-2.5024	-13.0615	0.5109	14.3866	26.8341	46.4900	427	478	-227	100802	0.44 
63.732	2015-01-01 00:02:4.040	-0.1543	0.0615	0.9790	-0.7935	-0.0610	-11.4746	0.4395	14.2163	26.6199	46.4900	424	478	-229	100802	0.44 
63.779	2015-01-01 00:02:4.080	-0.1475	0.0703	1.0054	-0.9155	1.0986	-10.2539	0.4010	14.1284	26.4606	46.2000	423	477	-229	100802	0.44 
63.826	2015-01-01 00:02:4.120	-0.1475	0.0620	1.0181	-1.2817	0.8545	-10.1318	0.3516	14.0460	26.3397	46.4900	421	479	-229	100802	0.44 
63.858	2015-01-01 00:02:4.160	-0.1445	0.0488	0.9854	-1.3428	0.3052	-9.3994	0.2692	13.9032	26.2354	46.4900	423	480	-230	100801	0.44 
63.889	2015-01-01 00:02:4.200	-0.1460	0.0625	1.0088	-0.3052	2.5024	-6.3477	0.2527	13.8318	26.2079	46.3500	424	481	-231	100801	0.44 
63.952	2015-01-01 00:02:4.240	-0.1543	0.0537	1.0093	0.3052	2.3193	-4.0283	0.3021	13.7988	26.3068	46.3000	423	481	-229	100801	0.44 
63.983	2015-01-01 00:02:4.280	-0.1592	0.0400	1.0132	-0.6104	1.7090	-4.8218	0.3076	13.7823	26.4221	46.5400	422	482	-229	100801	0.44 
64.029	2015-01-01 00:02:4.320	-0.1479	0.0513	0.9971	-0.1831	2.1362	-4.5166	0.3186	13.7329	26.5155	46.4900	422	483	-228	100801	0.44 
64.076	2015-01-01 00:02:4.360	-0.1553	0.0522	1.0161	0.0000	1.0376	-3.1128	0.3625	13.7109	26.6473	46.5400	419	480	-227	100801	0.44 
64.092	2015-01-01 00:02:4.400	-0.1387	0.0684	1.0063	-0.0610	0.0000	-1.7090	0.4285	13.5956	26.8341	46.3500	416	475	-228	100801	0.44 
64.139	2015-01-01 00:02:4.440	-0.1382	0.0557	0.9858	-0.4272	3.3569	-0.8545	0.4944	13.5406	27.0538	46.3000	415	474	-228	100801	0.44 
64.170	2015-01-01 00:02:4.480	-0.1553	0.0562	0.9858	0.3052	6.0425	0.5493	0.5713	13.6121	27.3230	46.4900	415	477	-229	100801	0.44 
64.232	2015-01-01 00:02:4.520	-0.1709	0.0586	1.0161	0.1221	4.2114	0.7324	0.6647	13.7274	27.6086	46.5400	418	479	-227	100800	0.44 
64.264	2015-01-01 00:02:4.560	-0.1494	0.0469	1.0005	-0.6714	2.1362	-0.1221	0.7141	13.7219	27.8668	46.3900	418	478	-227	100801	0.44 
64.311	2015-01-01 00:02:4.600	-0.1606	0.0464	1.0068	-0.4272	3.7231	-0.3662	0.7526	13.7604	28.1030	46.3500	418	479	-229	100800	0.44 
64.358	2015-01-01 00:02:4.640	-0.1606	0.0498	1.0122	0.0000	3.4180	0.1221	0.8185	13.7933	28.3337	46.3500	418	480	-234	100800	0.44 
64.404	2015-01-01 00:02:4.680	-0.1577	0.0552	1.0098	-0.1831	2.9297	-0.2441	0.8789	13.8098	28.5699	46.6800	419	479	-233	100800	0.44 
64.467	2015-01-01 00:02:4.720	-0.1489	0.0493	1.0024	-0.7935	2.3193	-1.0986	0.9119	13.7714	28.7787	46.3900	419	478	-229	100800	0.44 
64.482	2015-01-01 00:02:4.760	-0.1523	0.0513	1.0059	-0.5493	3.2959	-0.9766	0.9338	13.7659	28.9545	46.3900	418	476	-227	100800	0.44 
64.514	2015-01-01 00:02:4.800	-0.1606	0.0542	1.0059	-0.1831	3.9063	-0.3052	0.9833	13.8043	29.1522	46.4900	420	477	-229	100800	0.44 
64.561	2015-01-01 00:02:4.840	-0.1641	0.0547	1.0059	-0.1831	3.3569	-0.6714	1.0272	13.8373	29.3610	46.3000	422	473	-228	100800	0.44 
64.608	2015-01-01 00:02:4.880	-0.1606	0.0566	1.0000	-0.7324	3.3569	-0.4883	1.0712	13.8538	29.5697	46.3900	423	471	-227	100801	0.44 
64.654	2015-01-01 00:02:4.920	-0.1641	0.0566	1.0044	-0.3662	4.0894	-0.9766	1.0986	13.8922	29.7565	46.5400	421	473	-230	100800	0.44 
64.701	2015-01-01 00:02:4.960	-0.1665	0.0532	0.9995	-0.3052	4.2114	-1.5869	1.1316	13.9526	29.9103	46.4900	423	475	-230	100800	0.44 
64.717	2015-01-01 00:02:5.000	-0.1680	0.0601	1.0015	-0.3662	4.6387	-2.1973	1.1536	14.0240	30.0366	46.6800	422	477	-230	100800	0.44 
64.764	2015-01-01 00:02:5.040	-0.1748	0.0664	1.0034	-0.5493	4.4556	-1.6479	1.1755	14.1064	30.1575	46.3900	423	477	-230	100800	0.44 
64.795	2015-01-01 00:02:5.080	-0.1870	0.0630	1.0059	-0.7935	3.6621	-0.6104	1.2085	14.1833	30.3003	46.4900	419	475	-235	100800	0.44 
64.873	2015-01-01 00:02:5.120	-0.1924	0.0635	0.9902	-0.7935	5.1270	-0.1831	1.2415	14.2767	30.4761	46.7300	419	475	-233	100800	0.44 
64.889	2015-01-01 00:02:5.160	-0.2070	0.0708	0.9824	-2.0752	7.6294	0.3052	1.2415	14.4800	30.6299	46.6800	423	477	-229	100800	0.44 
64.936	2015-01-01 00:02:5.200	-0.2251	0.0532	0.9805	-0.8545	12.5122	1.0986	1.2799	14.8425	30.8276	46.5400	424	480	-228	100800	0.44 
64.967	2015-01-01 00:02:5.240	-0.2432	0.0571	0.9922	-1.6479	11.7798	1.5869	1.3019	15.2820	31.0474	46.5400	427	479	-227	100800	0.44 
65.014	2015-01-01 00:02:5.280	-0.2241	0.0654	0.9565	-1.2207	11.7188	1.2817	1.3184	15.6830	31.2506	46.8300	427	480	-228	100800	0.44 
65.061	2015-01-01 00:02:5.320	-0.2080	0.0591	0.9453	0.7324	18.3716	1.7090	1.3843	16.2213	31.4594	46.6800	427	481	-229	100800	0.44 
65.139	2015-01-01 00:02:5.360	-0.1738	0.0581	0.9570	2.8687	26.4282	4.0283	1.5656	17.0288	31.7725	46.3500	430	478	-226	100800	0.44 
65.170	2015-01-01 00:02:5.400	-0.2007	0.0796	0.9346	3.6011	37.0483	5.1270	1.8402	18.1549	32.1680	46.5400	433	474	-229	100800	0.44 
65.170	2015-01-01 00:02:5.440	-0.2520	0.0796	0.9492	2.5635	40.8325	5.1880	2.1423	19.6326	32.5854	46.3900	436	476	-228	100800	0.44 
65.201	2015-01-01 00:02:5.480	-0.2734	0.0757	0.9365	3.6621	43.9453	5.0659	2.4225	21.1761	32.9480	46.4900	440	477	-227	100800	0.44 
65.295	2015-01-01 00:02:5.520	-0.3159	0.0674	0.9644	4.3335	50.6592	8.4229	2.7960	22.9779	33.4479	46.3500	444	480	-227	100800	0.44 
65.295	2015-01-01 00:02:5.560	-0.3481	0.0752	0.9214	4.3945	49.6826	6.8359	3.1915	24.8566	33.9423	46.3900	450	477	-224	100800	0.44 
65.326	2015-01-01 00:02:5.600	-0.3857	0.0776	0.8862	3.3569	55.1758	4.6387	3.5596	26.8451	34.3707	46.4900	461	473	-221	100800	0.44 
65.373	2015-01-01 00:02:5.640	-0.4297	0.0952	0.8311	2.1362	67.8711	2.0752	3.8727	29.2841	34.7113	46.3900	466	470	-221	100800	0.44 
65.420	2015-01-01 00:02:5.680	-0.4380	0.0483	0.8071	2.6245	77.9419	-3.4180	4.0759	32.1295	34.8926	46.4900	472	470	-217	100800	0.44 
65.467	2015-01-01 00:02:5.720	-0.4775	0.0884	0.8276	4.5776	91.8579	0.2441	4.3341	35.4913	35.0739	46.5400	483	468	-213	100801	0.44 
65.529	2015-01-01 00:02:5.760	-0.5796	0.1128	0.8350	5.9204	82.4585	3.5400	4.9109	38.8696	35.5298	46.3500	490	468	-209	100801	0.44 
65.545	2015-01-01 00:02:5.800	-0.5845	0.0801	0.7686	4.9438	83.5571	0.4272	5.5536	42.0007	35.9967	46.3900	503	472	-203	100801	0.44 
65.592	2015-01-01 00:02:5.840	-0.6260	0.1016	0.7378	1.6479	89.9658	-4.1504	5.8557	45.3900	36.1835	46.3000	512	468	-196	100801	0.44 
65.639	2015-01-01 00:02:5.880	-0.6812	0.1865	0.7100	6.4087	93.0786	8.1177	6.7181	48.8562	36.8427	46.4900	522	468	-186	100801	0.44 
65.701	2015-01-01 00:02:5.920	-0.7280	0.1680	0.6201	4.0894	88.5620	18.2495	8.4045	52.2784	38.4247	46.7300	530	467	-177	100801	0.44 
65.717	2015-01-01 00:02:5.960	-0.7422	0.1406	0.5649	5.3101	81.6040	19.8364	10.4755	55.4205	40.4077	46.4900	533	466	-172	100801	0.44 
65.764	2015-01-01 00:02:6.000	-0.7002	0.1177	0.4878	6.1646	75.6836	18.4326	12.9199	58.2550	42.7039	46.4900	543	464	-163	100801	0.44 
65.795	2015-01-01 00:02:6.040	-0.6714	0.0479	0.5356	5.9814	57.3730	12.2070	15.0293	60.5237	44.6429	46.6800	556	461	-153	100801	0.44 
65.842	2015-01-01 00:02:6.080	-0.6650	0.1401	0.5371	5.0049	38.4521	19.5313	17.0013	61.9135	46.5546	46.5400	565	461	-152	100801	0.44 
65.904	2015-01-01 00:02:6.120	-0.6411	0.2148	0.5015	6.4087	9.5825	27.5879	19.7150	62.1167	49.0320	46.3900	572	457	-145	100801	0.44 
65.936	2015-01-01 00:02:6.160	-0.6709	0.1084	0.4878	0.3662	1.1597	15.0757	21.2805	61.7487	50.3833	46.4900	580	450	-142	100801	0.44 
65.967	2015-01-01 00:02:6.200	-0.6392	0.1626	0.5625	-7.9956	-27.5269	5.7983	21.0333	60.7928	50.2460	46.4900	584	446	-140	100801	0.44 
66.014	2015-01-01 00:02:6.240	-0.6367	0.1978	0.4624	-7.9956	-32.1045	8.4839	20.3412	59.2108	49.6088	46.3900	584	447	-142	100801	0.44 
66.076	2015-01-01 00:02:6.280	-0.6753	0.1870	0.5430	-8.4839	-39.4287	8.6670	19.7534	57.6123	49.0210	46.4900	585	448	-144	100801	0.44 
66.108	2015-01-01 00:02:6.320	-0.6899	0.2451	0.5732	-3.0518	-35.2783	4.1504	19.1821	55.8270	48.3783	46.6800	585	448	-147	100802	0.44 
66.154	2015-01-01 00:02:6.360	-0.7119	0.1763	0.5874	-9.6436	-52.0630	-0.2441	18.1989	54.0088	47.3016	46.5400	583	449	-151	100802	0.44 
66.186	2015-01-01 00:02:6.400	-0.7700	0.2988	0.6372	-1.0376	-39.3066	-2.1973	17.2485	52.1301	46.1041	46.3900	584	449	-156	100802	0.44 
66.217	2015-01-01 00:02:6.440	-0.8306	0.2524	0.7251	-3.6621	-46.6309	-0.6714	16.6388	50.4987	45.1373	46.2000	579	450	-160	100802	0.44 
66.279	2015-01-01 00:02:6.480	-0.6997	0.2866	0.7373	-3.9673	-50.7813	3.9063	15.9576	48.3179	44.3298	46.5900	572	448	-162	100802	0.44 
66.311	2015-01-01 00:02:6.520	-0.8599	0.3140	0.8535	-2.6245	-47.7295	1.4648	15.5896	46.4172	43.7531	46.5400	568	448	-163	100803	0.44 
66.358	2015-01-01 00:02:6.560	-0.8047	0.2661	0.8594	-3.6621	-38.0859	-0.6714	14.9469	44.5825	42.8961	46.5900	564	450	-170	100803	0.43 
66.389	2015-01-01 00:02:6.600	-0.8345	0.3398	0.8643	-3.4180	-20.1416	8.0566	14.8535	43.4674	42.6709	46.3500	558	449	-177	100803	0.43 
66.436	2015-01-01 00:02:6.640	-0.8887	0.3413	1.0015	0.6714	-15.1367	18.6157	15.2820	42.7258	43.1598	46.4900	556	450	-180	100804	0.43 
66.514	2015-01-01 00:02:6.680	-0.8130	0.3604	0.9258	0.3662	-14.1602	9.7046	15.8258	41.8579	43.6761	46.5400	557	452	-182	100804	0.43 
66.545	2015-01-01 00:02:6.720	-0.8892	0.4175	0.9648	-0.9766	1.3428	5.5542	16.1499	41.5668	43.8904	46.5400	559	451	-181	100804	0.43 
66.561	2015-01-01 00:02:6.760	-0.8618	0.3232	0.8945	2.8687	3.7231	0.2441	16.4410	41.5668	43.9948	46.5400	559	450	-181	100804	0.43 
66.608	2015-01-01 00:02:6.800	-0.7905	0.3223	0.8799	4.4556	9.5825	-11.9019	16.5289	41.8909	43.6761	46.6800	560	450	-179	100804	0.43 
66.655	2015-01-01 00:02:6.840	-0.6943	0.2896	0.7788	7.7515	13.6719	-20.3247	16.3531	42.4677	42.9236	46.5400	558	451	-177	100804	0.43 
66.717	2015-01-01 00:02:6.880	-0.5742	0.2725	0.6978	11.1084	22.7051	-23.4375	16.2817	43.3685	42.0117	46.6800	556	452	-177	100804	0.43 
66.733	2015-01-01 00:02:6.920	-0.5591	0.2861	0.6694	7.9346	20.9961	-24.9023	16.1224	44.3518	41.0229	46.5900	555	454	-177	100805	0.43 
66.780	2015-01-01 00:02:6.960	-0.5898	0.2314	0.7095	0.6104	7.4463	-16.4185	15.7709	44.9890	40.1935	46.4900	556	455	-173	100805	0.43 
66.811	2015-01-01 00:02:7.000	-0.6226	0.2231	0.7217	-0.6104	-2.1973	-11.3525	15.3314	45.0604	39.5453	46.3500	555	458	-177	100805	0.43 
66.858	2015-01-01 00:02:7.040	-0.6396	0.2295	0.6958	-0.6714	-8.7280	-10.0098	14.9139	44.8132	38.8916	46.3900	555	460	-178	100805	0.43 
66.920	2015-01-01 00:02:7.080	-0.6689	0.2588	0.7319	1.2207	-5.5542	-8.0566	14.6063	44.5496	38.3258	46.3900	549	457	-176	100805	0.43 
66.951	2015-01-01 00:02:7.120	-0.6753	0.2607	0.7559	1.3428	-4.5166	-3.5400	14.5404	44.3024	38.0182	46.3500	547	457	-176	100805	0.43 
66.983	2015-01-01 00:02:7.160	-0.6475	0.2676	0.7637	0.3052	-2.8076	-2.9297	14.5074	44.0607	37.8589	46.3900	546	458	-176	100806	0.43 
67.030	2015-01-01 00:02:7.200	-0.6777	0.2588	0.7632	0.6104	0.9766	-3.3569	14.5239	43.9783	37.7380	46.3500	547	462	-175	100806	0.43 
67.092	2015-01-01 00:02:7.240	-0.6699	0.2349	0.7695	-0.4272	0.1221	-2.6245	14.5184	43.9178	37.6447	46.4900	548	463	-175	100807	0.43 
67.170	2015-01-01 00:02:7.280	-0.6470	0.2441	0.7593	-0.7935	0.7935	-1.5869	14.4855	43.8519	37.5897	46.3900	548	460	-176	100807	0.43 
67.201	2015-01-01 00:02:7.320	-0.6416	0.2378	0.7490	-0.4272	0.6104	-1.5869	14.5129	43.7915	37.5952	46.3500	545	458	-176	100807	0.43 
67.201	2015-01-01 00:02:7.360	-0.5977	0.2065	0.7437	-2.5024	-1.0986	-2.2583	14.4031	43.6652	37.4963	46.3900	545	459	-177	100807	0.43 
67.248	2015-01-01 00:02:7.400	-0.6323	0.2559	0.7729	-5.1270	-3.0518	-4.2114	14.1779	43.5114	37.3535	46.6800	544	457	-177	100807	0.43 
67.311	2015-01-01 00:02:7.440	-0.6001	0.2109	0.7617	-4.2725	-7.6904	-1.0376	13.9032	43.1323	37.2107	46.3500	545	455	-177	100807	0.43 
67.327	2015-01-01 00:02:7.480	-0.6182	0.2368	0.7686	-3.4790	-6.2866	-0.7324	13.7604	42.7533	37.1667	46.3500	545	459	-175	100807	0.43 
67.373	2015-01-01 00:02:7.520	-0.6353	0.2271	0.7710	-3.5400	-7.5073	-4.3945	13.5516	42.3962	37.0020	46.5400	543	459	-175	100807	0.43 
67.420	2015-01-01 00:02:7.560	-0.5898	0.2241	0.7686	-2.9297	-4.1504	-3.9673	13.2550	42.0776	36.7383	46.4900	542	459	-176	100807	0.43 
67.451	2015-01-01 00:02:7.600	-0.6426	0.2559	0.8271	-2.5635	-1.7090	-4.4556	13.1012	41.9403	36.5955	46.7300	541	460	-179	100808	0.43 
67.530	2015-01-01 00:02:7.640	-0.6240	0.2334	0.8228	-4.3945	-7.8125	-5.1270	12.8320	41.6052	36.3647	46.5400	541	460	-182	100808	0.43 
67.561	2015-01-01 00:02:7.680	-0.6240	0.1963	0.8726	-4.7607	-6.1035	-8.3008	12.3871	41.2262	36.0187	46.7300	539	460	-181	100808	0.43 
67.592	2015-01-01 00:02:7.720	-0.6875	0.2363	1.0088	-2.5635	-6.2866	-10.0098	11.9257	40.9625	35.5792	46.3500	539	461	-175	100808	0.43 
67.623	2015-01-01 00:02:7.760	-0.7798	0.2715	1.0991	-7.3242	-17.2729	-11.8408	11.3654	40.3967	35.0409	46.3500	539	461	-173	100808	0.43 
67.671	2015-01-01 00:02:7.800	-0.7524	0.2573	1.0273	-15.9302	-26.1841	-14.7095	10.4041	39.3805	34.2609	46.3500	537	462	-178	100808	0.43 
67.733	2015-01-01 00:02:7.840	-0.7139	0.2163	0.9785	-20.8130	8.2397	-16.6626	9.1956	39.0070	33.4808	46.3900	531	467	-183	100809	0.43 
67.764	2015-01-01 00:02:7.880	-0.6953	0.2310	0.9409	-22.4609	25.1465	-13.4277	8.0145	39.8969	32.9425	46.5400	530	467	-183	100809	0.43 
67.811	2015-01-01 00:02:7.920	-0.6958	0.1812	0.9976	-11.9629	18.5547	-11.7798	7.1686	40.5615	32.6184	46.5400	528	467	-181	100809	0.43 
67.858	2015-01-01 00:02:7.960	-0.7446	0.1797	1.0308	-10.9863	11.7798	-14.4043	6.4819	41.1218	32.1350	46.7300	530	468	-180	100809	0.43 
67.905	2015-01-01 00:02:8.000	-0.6533	0.1313	0.8564	-3.1128	3.2349	-13.3057	5.8997	41.2646	31.5802	46.4900	530	468	-177	100809	0.43 
67.952	2015-01-01 00:02:8.040	-0.5767	0.1494	0.8159	-0.3052	19.5923	-14.7705	5.4932	41.6217	31.0199	46.3900	525	471	-180	100809	0.43 
67.968	2015-01-01 00:02:8.080	-0.6812	0.1265	0.8682	2.8076	18.7378	-11.8408	5.2460	42.4237	30.5310	46.3900	521	474	-182	100809	0.43 
68.030	2015-01-01 00:02:8.120	-0.6025	0.1738	0.9233	1.1597	4.2725	-10.1929	5.0977	42.7258	30.1849	46.3900	525	470	-178	100808	0.43 
68.061	2015-01-01 00:02:8.160	-0.6108	0.1768	0.8691	-2.1362	-21.5454	-5.0659	4.9164	42.1545	29.9652	46.5400	529	469	-176	100808	0.43 
68.108	2015-01-01 00:02:8.200	-0.5317	0.0928	0.7217	-3.4790	-20.0195	-5.0049	4.6912	41.0120	29.8114	46.6800	529	468	-175	100808	0.43 
68.139	2015-01-01 00:02:8.240	-0.5825	0.1147	0.8687	-1.5869	-17.3950	-7.6294	4.4275	40.4846	29.6246	46.4900	524	467	-183	100808	0.43 
68.186	2015-01-01 00:02:8.280	-0.5239	0.0991	0.7427	-2.7466	-28.8086	-8.8501	4.1254	39.3311	29.2786	46.3500	521	468	-187	100808	0.43 
68.217	2015-01-01 00:02:8.320	-0.4858	0.1123	0.7739	-2.0752	-24.0479	-9.5825	3.7518	38.2050	28.9050	46.2000	516	469	-189	100808	0.43 
68.264	2015-01-01 00:02:8.360	-0.4990	0.0688	0.6665	0.9766	-29.3579	-7.1411	3.5651	37.0734	28.6029	46.4900	510	469	-191	100807	0.43 
68.343	2015-01-01 00:02:8.400	-0.4219	0.0166	0.7310	-0.0610	-19.9585	-13.2446	3.2190	36.0846	28.1799	46.3900	507	469	-194	100807	0.43 
68.374	2015-01-01 00:02:8.440	-0.4204	0.0806	0.6831	2.8076	-28.8086	-13.0005	2.8674	34.9969	27.6141	46.3900	503	468	-199	100807	0.43 
68.405	2015-01-01 00:02:8.480	-0.3643	0.1104	0.7041	3.0518	-30.5786	-12.3291	2.7686	33.7335	27.1582	46.4900	502	467	-202	100807	0.43 
68.436	2015-01-01 00:02:8.520	-0.3867	0.1235	0.6992	0.7324	-36.0107	-3.2959	2.7795	32.2888	27.0264	46.3900	496	468	-205	100807	0.43 
68.483	2015-01-01 00:02:8.560	-0.3774	0.0786	0.7070	1.2817	-33.0200	-0.2441	2.9059	30.8496	27.1252	46.3900	491	470	-205	100807	0.43 
68.545	2015-01-01 00:02:8.600	-0.3594	0.0308	0.7725	0.4272	-30.7007	-2.6245	2.8784	29.4708	27.2351	46.5400	488	471	-204	100807	0.43 
68.561	2015-01-01 00:02:8.640	-0.4033	0.1641	0.8027	3.7231	-28.3203	-6.7139	2.9333	28.2623	27.1527	46.3500	482	471	-211	100806	0.43 
68.608	2015-01-01 00:02:8.680	-0.3486	0.1309	0.7749	-0.7935	-29.9683	-2.0752	3.0981	27.0264	27.1692	46.3900	480	470	-216	100806	0.43 
68.639	2015-01-01 00:02:8.720	-0.3315	0.0498	0.8135	-2.0752	-26.1841	-7.7515	2.9938	25.8289	27.1527	46.5400	475	471	-215	100806	0.43 
68.686	2015-01-01 00:02:8.760	-0.3232	0.0542	0.8496	-2.3193	-22.5220	-12.8784	2.6917	24.7797	26.8890	46.5400	472	472	-219	100805	0.43 
68.749	2015-01-01 00:02:8.800	-0.3330	0.1069	0.9160	1.0376	-19.3481	-14.7095	2.4774	23.9117	26.4716	46.3000	466	472	-220	100805	0.43 
68.764	2015-01-01 00:02:8.840	-0.3247	0.1084	0.9375	0.0000	-21.2402	-15.3198	2.3676	23.0273	26.0760	46.3000	461	472	-223	100805	0.43 
68.811	2015-01-01 00:02:8.880	-0.3198	0.1006	1.0044	-3.6011	-22.2168	-17.8223	2.0929	22.0935	25.6091	46.3900	454	472	-224	100805	0.43 
68.842	2015-01-01 00:02:8.920	-0.3042	0.1064	0.9355	-3.3569	-20.9351	-18.2495	1.7908	21.1761	25.1147	46.3500	451	472	-225	100805	0.43 
68.920	2015-01-01 00:02:8.960	-0.2939	0.0728	0.8921	-3.4790	-17.8833	-17.9443	1.4832	20.3247	24.6149	46.5400	446	475	-226	100805	0.43 
68.952	2015-01-01 00:02:9.000	-0.2988	0.0415	1.0078	-1.9531	-11.4136	-18.4937	1.1261	19.7369	24.1205	46.3900	442	470	-228	100804	0.43 
68.983	2015-01-01 00:02:9.040	-0.2822	0.0952	1.0229	1.0376	-12.6953	-16.7236	0.9448	19.2096	23.6755	46.3000	438	470	-230	100804	0.43 
69.014	2015-01-01 00:02:9.080	-0.2432	0.0977	0.9741	2.7466	-14.0991	-15.3809	0.9723	18.5669	23.3569	46.3500	434	476	-228	100804	0.43 
69.045	2015-01-01 00:02:9.120	-0.2305	0.1025	0.9331	0.1831	-10.6201	-12.2681	0.9668	18.0066	23.0823	46.4900	431	482	-228	100804	0.43 
69.092	2015-01-01 00:02:9.160	-0.2178	0.0942	0.9712	-0.1831	-7.2632	-8.9111	0.9723	17.5671	23.0054	46.3500	431	478	-228	100803	0.43 
69.155	2015-01-01 00:02:9.200	-0.2188	0.0894	1.0000	0.1831	-5.7373	-5.4321	1.0052	17.2430	23.0658	46.4900	427	479	-231	100803	0.43 
69.186	2015-01-01 00:02:9.240	-0.2041	0.0635	0.9663	-0.8545	-4.5166	-4.5776	1.0217	16.9025	23.2031	46.2000	426	478	-233	100803	0.43 
69.233	2015-01-01 00:02:9.280	-0.2070	0.0752	0.9932	-1.0376	-0.3052	-3.1128	1.0217	16.7212	23.3844	46.3900	425	475	-234	100803	0.44 
69.264	2015-01-01 00:02:9.320	-0.2036	0.0737	0.9966	-0.8545	-0.8545	-1.8311	1.0492	16.6003	23.6151	46.3900	425	473	-235	100803	0.44 
69.327	2015-01-01 00:02:9.360	-0.1782	0.0801	0.9800	-0.4883	-1.2207	-1.0376	1.1041	16.4136	23.9117	46.5400	423	476	-233	100803	0.44 
69.358	2015-01-01 00:02:9.400	-0.1846	0.0718	0.9824	-0.5493	2.6855	-0.5493	1.1646	16.3312	24.2029	46.5400	419	476	-233	100802	0.44 
69.436	2015-01-01 00:02:9.440	-0.1821	0.0596	0.9912	0.0000	2.8687	-2.1362	1.2250	16.3202	24.4830	46.3500	420	477	-233	100803	0.44 
69.436	2015-01-01 00:02:9.480	-0.1836	0.0591	0.9980	0.2441	4.7607	-3.7842	1.2634	16.3422	24.6753	46.5400	421	478	-234	100803	0.44 
69.467	2015-01-01 00:02:9.520	-0.2153	0.0771	1.0083	0.6714	3.0518	-2.9297	1.3129	16.3971	24.8401	46.4900	420	479	-235	100802	0.44 
69.530	2015-01-01 00:02:9.560	-0.2021	0.0698	0.9995	0.6714	0.0000	-1.9531	1.4063	16.3202	25.0378	46.3900	422	478	-235	100802	0.44 
69.561	2015-01-01 00:02:9.600	-0.1919	0.0854	1.0132	0.6104	0.6104	0.7935	1.5106	16.2213	25.3180	46.3500	421	477	-233	100802	0.44 
69.592	2015-01-01 00:02:9.640	-0.1919	0.0801	1.0000	0.6714	1.7090	1.7700	1.6479	16.1499	25.6696	46.5900	421	475	-235	100802	0.44 
69.670	2015-01-01 00:02:9.680	-0.1865	0.0723	1.0005	0.1221	1.3428	2.1362	1.7743	16.0950	26.0486	46.3900	423	477	-232	100803	0.44 
69.670	2015-01-01 00:02:9.720	-0.1909	0.0591	0.9907	-1.1597	1.8921	-1.2207	1.8127	16.0345	26.3452	46.5400	424	478	-231	100802	0.44 
69.733	2015-01-01 00:02:9.760	-0.1875	0.0791	1.0000	-2.0142	-0.6104	-0.9766	1.7743	15.9302	26.5485	46.4900	424	480	-233	100802	0.44 
69.764	2015-01-01 00:02:9.800	-0.1655	0.0850	0.9907	-1.8311	2.1973	1.7090	1.8018	15.8313	26.8506	46.3900	424	476	-230	100802	0.44 
69.796	2015-01-01 00:02:9.840	-0.1704	0.0664	1.0068	-1.8921	3.4180	0.6104	1.8402	15.7983	27.1912	46.3900	424	475	-229	100802	0.44 
69.827	2015-01-01 00:02:9.880	-0.1885	0.0464	1.0015	-2.3804	2.9907	-0.6714	1.7963	15.7928	27.4438	46.5400	424	477	-233	100802	0.44 
69.874	2015-01-01 00:02:9.920	-0.1782	0.0713	0.9888	-2.2583	3.4790	-2.1973	1.7358	15.7874	27.6306	46.3000	424	477	-233	100802	0.44 
69.936	2015-01-01 00:02:9.960	-0.1777	0.0811	0.9927	-2.0752	4.9438	-1.2817	1.7084	15.8203	27.8174	46.4900	426	477	-234	100802	0.44 
69.967	2015-01-01 00:02:10.000	-0.1895	0.0615	1.0054	-1.2817	4.3335	-1.2207	1.6919	15.9027	28.0316	46.3500	425	476	-232	100802	0.44 
70.015	2015-01-01 00:02:10.040	-0.1938	0.0498	1.0044	-0.9766	3.2959	-2.7466	1.6589	15.9302	28.1854	46.3500	425	478	-232	100802	0.44 
70.046	2015-01-01 00:02:10.080	-0.1855	0.0654	0.9990	-0.4883	3.9063	-3.9063	1.6479	15.9521	28.2843	46.5400	427	478	-233	100801	0.44 
70.092	2015-01-01 00:02:10.120	-0.1851	0.0737	0.9888	-0.5493	2.8076	-2.9297	1.6589	15.9631	28.3777	46.4900	427	476	-236	100802	0.44 
70.171	2015-01-01 00:02:10.160	-0.1831	0.0684	0.9951	-0.5493	4.3335	-2.0752	1.6809	15.9741	28.5150	46.4900	426	475	-233	100802	0.44 
70.171	2015-01-01 00:02:10.200	-0.2031	0.0635	1.0127	-1.3428	3.9063	-2.7466	1.6754	16.0510	28.6414	46.2000	423	475	-231	100802	0.44 
70.217	2015-01-01 00:02:10.240	-0.1943	0.0444	0.9995	-0.7935	1.5869	-3.1738	1.6370	16.0291	28.7457	46.5900	422	475	-229	100802	0.44 
70.265	2015-01-01 00:02:10.280	-0.1865	0.0537	0.9980	-0.5493	2.4414	-3.4180	1.6095	15.9851	28.8336	46.4900	425	477	-229	100802	0.44 
70.296	2015-01-01 00:02:10.320	-0.1938	0.0586	1.0063	0.0610	2.0142	-4.7607	1.5985	15.9631	28.8885	46.6800	427	472	-232	100802	0.44 
70.374	2015-01-01 00:02:10.360	-0.1836	0.0654	0.9941	-0.0610	1.5259	-5.1270	1.5985	15.9082	28.9105	46.3500	426	472	-234	100802	0.44 
70.389	2015-01-01 00:02:10.400	-0.1875	0.0664	0.9917	-0.4272	1.9531	-6.1035	1.5765	15.8643	28.8995	46.3900	425	476	-230	100802	0.44 
70.437	2015-01-01 00:02:10.440	-0.2051	0.0649	0.9912	-0.5493	4.3335	-5.1270	1.5546	15.8917	28.8776	46.6800	424	478	-230	100802	0.44 
70.468	2015-01-01 00:02:10.480	-0.2075	0.0771	1.0190	-0.6714	1.7090	-3.9673	1.5656	15.9192	28.9105	46.5900	422	476	-230	100802	0.44 
70.499	2015-01-01 00:02:10.520	-0.1890	0.0688	0.9927	-0.9155	-0.2441	-2.7466	1.5765	15.8093	28.9929	46.3900	423	477	-234	100802	0.44 
70.546	2015-01-01 00:02:10.560	-0.1929	0.0596	1.0034	-0.7935	0.7935	-2.7466	1.5656	15.7324	29.0863	46.5900	423	477	-236	100802	0.44 
70.577	2015-01-01 00:02:10.600	-0.1890	0.0586	0.9814	0.0000	2.3804	-2.6855	1.5820	15.6720	29.1907	46.7300	422	478	-236	100802	0.44 
70.624	2015-01-01 00:02:10.640	-0.1851	0.0615	0.9980	-0.2441	4.1504	-2.4414	1.6095	15.6995	29.2786	46.3900	419	481	-241	100802	0.44 
70.671	2015-01-01 00:02:10.680	-0.2031	0.0542	0.9990	-0.4272	4.2725	-3.9063	1.6095	15.7599	29.3335	46.6800	420	481	-240	100801	0.44 
70.717	2015-01-01 00:02:10.720	-0.2012	0.0649	1.0103	-0.4883	3.4180	-3.9673	1.5930	15.8258	29.3500	46.3900	420	479	-235	100802	0.44 
70.781	2015-01-01 00:02:10.760	-0.1836	0.0859	0.9995	-1.6479	2.8076	-1.4038	1.5875	15.8148	29.4379	46.5900	420	478	-235	100802	0.44 
70.812	2015-01-01 00:02:10.800	-0.1753	0.0801	0.9844	-1.3428	4.6387	1.7090	1.6150	15.8313	29.6576	46.5400	423	479	-235	100801	0.44 
70.827	2015-01-01 00:02:10.840	-0.1777	0.0508	0.9902	-1.5259	6.4087	2.0142	1.6315	15.9137	29.9487	46.4900	425	478	-233	100801	0.44 
70.874	2015-01-01 00:02:10.880	-0.1826	0.0498	0.9785	-1.5869	7.9346	0.9766	1.6315	16.0620	30.2069	46.5900	427	478	-232	100802	0.44 
70.921	2015-01-01 00:02:10.920	-0.1841	0.0498	0.9805	-1.3428	10.0098	0.6714	1.6205	16.2982	30.4321	46.3900	427	478	-232	100801	0.44 
70.967	2015-01-01 00:02:10.960	-0.2080	0.0654	0.9790	-0.6104	12.6343	0.9155	1.6479	16.6333	30.6519	46.3500	427	477	-231	100801	0.44 
71.014	2015-01-01 00:02:11.000	-0.2231	0.0664	0.9814	-0.4272	14.6484	-0.1221	1.6864	17.0728	30.8386	46.4900	427	479	-231	100801	0.44 
71.030	2015-01-01 00:02:11.040	-0.2412	0.0620	0.9800	0.0610	16.1133	0.0000	1.7358	17.5946	30.9924	46.5400	431	478	-229	100801	0.44 
71.077	2015-01-01 00:02:11.080	-0.2573	0.0459	0.9585	1.4038	18.9209	0.5493	1.8127	18.1934	31.1847	46.6800	433	478	-228	100801	0.44 
71.108	2015-01-01 00:02:11.120	-0.2583	0.0703	0.9805	2.7466	19.9585	-2.0752	1.9446	18.9240	31.3110	46.4900	434	478	-229	100801	0.44 
71.171	2015-01-01 00:02:11.160	-0.2480	0.0684	0.9629	3.5400	23.0103	-3.2959	2.1039	19.6436	31.3605	46.5400	433	476	-232	100801	0.44 
71.202	2015-01-01 00:02:11.200	-0.3110	0.0962	0.9727	3.4180	30.1514	-0.8545	2.3016	20.6598	31.4484	46.5400	435	476	-232	100801	0.44 
71.233	2015-01-01 00:02:11.240	-0.3794	0.0967	0.9575	4.0283	25.9399	1.5259	2.5488	21.7529	31.6132	46.3900	441	475	-231	100802	0.44 
71.280	2015-01-01 00:02:11.280	-0.3389	0.0713	0.9092	5.1880	26.3062	0.7935	2.8510	22.7637	31.8109	46.4900	444	476	-228	100801	0.44 
71.311	2015-01-01 00:02:11.320	-0.3120	0.0747	0.8721	4.6997	37.9639	-0.4272	3.1091	23.9612	31.9592	46.4900	446	476	-229	100802	0.44 
71.374	2015-01-01 00:02:11.360	-0.3516	0.0825	0.9019	6.7139	52.6733	2.9907	3.4717	25.7300	32.2339	46.5900	446	475	-225	100801	0.44 
71.405	2015-01-01 00:02:11.400	-0.4351	0.1221	0.9058	4.8218	54.3823	2.8687	3.9056	27.8284	32.5800	46.5400	445	475	-222	100801	0.44 
71.452	2015-01-01 00:02:11.440	-0.4624	0.1221	0.8462	3.2349	56.2134	2.7466	4.3011	29.9432	32.8876	46.4900	457	473	-222	100801	0.44 
71.499	2015-01-01 00:02:11.480	-0.4702	0.0796	0.7983	4.6997	74.5850	0.3052	4.6967	32.5031	33.2172	46.3000	467	467	-224	100801	0.44 
71.530	2015-01-01 00:02:11.520	-0.5557	0.1133	0.7969	2.4414	85.3271	1.0986	5.0537	35.7385	33.5083	46.5900	473	466	-222	100801	0.44 
71.608	2015-01-01 00:02:11.560	-0.5908	0.1372	0.8086	3.4790	70.4956	1.5259	5.5865	38.7927	33.9972	46.6800	484	470	-215	100801	0.44 
71.640	2015-01-01 00:02:11.600	-0.4922	0.0015	0.7212	-0.1831	54.1992	-13.3667	5.6305	41.0669	33.8983	46.4900	490	473	-208	100802	0.44 
71.655	2015-01-01 00:02:11.640	-0.5010	0.0713	0.6392	1.4038	49.4995	-10.9863	5.1910	42.9456	33.4094	46.5400	499	470	-205	100802	0.44 
71.702	2015-01-01 00:02:11.680	-0.5508	0.1694	0.6987	6.7749	62.4390	6.5308	5.6250	45.1483	33.5138	46.5400	504	469	-202	100802	0.44 
71.749	2015-01-01 00:02:11.720	-0.5537	0.2158	0.6094	7.6904	57.7393	25.5127	7.2455	47.2083	35.0464	46.4900	511	469	-199	100802	0.44 
71.796	2015-01-01 00:02:11.760	-0.6230	0.0728	0.6196	0.3052	70.1294	18.0054	8.9484	49.4824	36.8317	46.5400	521	467	-191	100802	0.44 
71.843	2015-01-01 00:02:11.800	-0.7593	0.1406	0.7227	0.3052	72.4487	21.4233	10.2502	52.0972	38.4521	46.6800	528	467	-180	100802	0.44 
71.890	2015-01-01 00:02:11.840	-0.7822	0.1577	0.6167	9.7046	63.0493	33.8135	12.8705	54.3823	41.1328	46.5900	535	465	-176	100802	0.44 
71.923	2015-01-01 00:02:11.880	-0.7939	0.1294	0.6021	7.9956	64.5142	30.8228	15.8972	56.4203	44.1321	46.5900	545	461	-168	100802	0.44 
71.966	2015-01-01 00:02:11.920	-0.7739	0.2080	0.5928	11.5356	56.4575	22.2778	19.0228	58.3813	47.1259	46.4900	551	463	-163	100802	0.44 
72.003	2015-01-01 00:02:11.960	-0.6670	0.1719	0.5366	3.9063	37.2314	15.6860	21.4178	59.5624	49.2847	46.5900	562	452	-159	100802	0.44 
72.035	2015-01-01 00:02:12.000	-0.6685	0.1426	0.5000	3.4180	21.6675	8.8501	22.8406	60.2216	50.5975	46.7300	570	449	-159	100803	0.44 
72.081	2015-01-01 00:02:12.040	-0.6606	0.2256	0.5122	-5.0659	2.9297	6.9580	23.3514	60.3094	51.0699	46.5400	574	448	-158	100803	0.44 
72.128	2015-01-01 00:02:12.080	-0.6597	0.2505	0.4819	-3.0518	-16.2964	15.8081	23.7909	59.4305	51.4380	46.5900	581	447	-155	100803	0.44 
72.159	2015-01-01 00:02:12.120	-0.6787	0.2104	0.5264	-6.7139	-21.0571	12.5122	23.9667	58.4143	51.6028	46.5400	584	445	-155	100803	0.44 
72.237	2015-01-01 00:02:12.160	-0.6753	0.2334	0.4927	-5.0049	-21.6675	3.4180	23.6096	57.2003	51.2018	46.6800	584	445	-155	100803	0.43 
72.315	2015-01-01 00:02:12.200	-0.7617	0.2314	0.5972	-9.9487	-27.9541	-6.4697	22.5385	56.2830	50.0372	46.7300	584	444	-154	100803	0.44 
72.315	2015-01-01 00:02:12.240	-0.7827	0.2959	0.6016	-14.8315	-33.5693	0.4272	21.1212	54.9756	48.7189	46.3900	583	443	-153	100803	0.43 
72.331	2015-01-01 00:02:12.280	-0.8418	0.3062	0.6812	-9.3994	-37.2925	3.7842	20.2863	53.5089	47.9663	46.5400	581	446	-158	100804	0.43 
72.409	2015-01-01 00:02:12.320	-0.8359	0.3242	0.7222	-11.7798	-40.7715	3.6011	19.4293	51.8335	47.1533	46.2000	579	448	-162	100804	0.43 
72.441	2015-01-01 00:02:12.360	-0.9165	0.2646	0.8091	-7.9346	-44.3726	-2.6855	18.4131	50.0702	46.1426	46.3500	577	449	-162	100804	0.43 
72.472	2015-01-01 00:02:12.400	-0.8887	0.3481	0.7188	-10.1318	-33.2031	-0.1221	17.5177	48.5760	45.1923	46.5400	572	451	-165	100805	0.43 
72.519	2015-01-01 00:02:12.440	-0.8403	0.2822	0.7964	-4.3335	-25.1465	-5.3711	16.8201	47.5104	44.3738	46.4900	568	452	-167	100805	0.43 
72.550	2015-01-01 00:02:12.480	-0.8682	0.3613	0.8740	-3.7842	-24.7192	-1.4038	16.3586	46.5216	43.7476	46.5400	561	453	-166	100805	0.43 
72.612	2015-01-01 00:02:12.520	-0.8525	0.3379	0.8960	3.9063	-24.3530	4.8828	16.2488	45.4724	43.3850	46.3500	560	454	-169	100805	0.43 
72.659	2015-01-01 00:02:12.560	-0.8408	0.4053	0.8564	7.5684	-9.1553	8.2397	16.7267	44.6320	43.4235	46.6800	560	455	-169	100806	0.43 
72.675	2015-01-01 00:02:12.600	-0.8418	0.3486	0.9429	8.6060	-2.7466	7.6294	17.4738	44.3573	43.7695	46.4900	559	453	-172	100806	0.43 
72.722	2015-01-01 00:02:12.640	-0.7969	0.3418	0.8511	8.0566	1.1597	2.3804	18.0176	44.1486	43.9288	46.5900	560	450	-174	100806	0.43 
72.769	2015-01-01 00:02:12.680	-0.7075	0.3428	0.7661	6.1646	3.9673	1.5869	18.5394	44.1815	44.0387	46.4900	555	450	-172	100806	0.43 
72.847	2015-01-01 00:02:12.720	-0.6167	0.2930	0.7236	4.0894	7.6294	-0.9766	18.9404	44.2474	44.1431	46.4900	554	451	-175	100806	0.43 
72.847	2015-01-01 00:02:12.760	-0.5996	0.2617	0.6899	2.2583	4.2114	-3.7231	19.1162	44.4012	44.0717	46.4900	554	449	-172	100807	0.43 
72.894	2015-01-01 00:02:12.800	-0.5908	0.2451	0.7012	-0.5493	1.5259	-3.0518	19.0723	44.4287	43.8959	46.3900	551	450	-169	100807	0.43 
72.941	2015-01-01 00:02:12.840	-0.6035	0.3062	0.6763	-3.9673	-3.5400	-5.4932	18.8690	44.2914	43.5883	46.3900	548	450	-168	100807	0.43 
73.019	2015-01-01 00:02:12.880	-0.6094	0.2661	0.7041	-4.6997	-6.0425	-4.3335	18.5339	44.0167	43.2312	46.3000	552	448	-168	100807	0.43 
73.066	2015-01-01 00:02:12.920	-0.6401	0.2749	0.7261	-4.1504	-4.0894	-9.5825	18.1000	43.8190	42.7313	46.5400	552	447	-169	100807	0.43 
73.066	2015-01-01 00:02:12.960	-0.6484	0.3130	0.7915	-5.2490	-8.7891	-10.1318	17.5177	43.5498	42.0941	46.3500	551	448	-172	100807	0.43 
73.112	2015-01-01 00:02:13.000	-0.6533	0.3076	0.7656	-5.2490	-12.2070	-10.4370	16.9629	43.1378	41.4075	46.5400	549	448	-172	100807	0.43 
73.144	2015-01-01 00:02:13.040	-0.6294	0.2661	0.8022	-6.0425	-1.8921	-9.6436	16.3751	42.8687	40.8032	46.7300	548	447	-172	100807	0.43 
73.191	2015-01-01 00:02:13.080	-0.6763	0.3232	0.8999	-6.8359	-11.1694	-7.4463	15.8478	42.5940	40.3308	46.5900	547	453	-173	100807	0.43 
73.254	2015-01-01 00:02:13.120	-0.7041	0.2935	0.8975	-9.2163	-16.3574	-8.0566	15.1831	41.9403	39.7595	46.4900	548	455	-183	100807	0.43 
73.285	2015-01-01 00:02:13.160	-0.8027	0.3164	0.9375	-9.1553	-16.4795	-6.5918	14.4745	41.2756	39.1882	46.5400	547	454	-183	100808	0.43 
73.331	2015-01-01 00:02:13.200	-0.9268	0.3081	0.9810	-0.1221	7.1411	-16.6016	13.9471	41.2042	38.5565	46.4900	542	456	-181	100808	0.43 
73.379	2015-01-01 00:02:13.240	-0.9932	0.2896	0.9370	12.6953	36.8652	-36.3159	13.5626	42.4731	37.3260	46.5900	538	454	-181	100808	0.43 
73.425	2015-01-01 00:02:13.280	-0.7993	0.2856	0.9331	14.4043	54.0771	-36.7432	13.2440	44.6594	35.9308	46.4900	538	456	-176	100808	0.43 
73.472	2015-01-01 00:02:13.320	-0.7070	0.2778	0.8667	13.1836	48.7061	-35.8276	12.9034	46.8347	34.6729	46.3500	538	459	-176	100808	0.43 
73.503	2015-01-01 00:02:13.360	-0.6558	0.2500	0.7861	10.9253	34.2407	-27.2827	12.6013	48.4662	33.5742	46.4900	537	459	-175	100808	0.43 
73.534	2015-01-01 00:02:13.400	-0.6973	0.2026	0.7285	6.1035	23.3765	-26.4893	12.1729	49.5868	32.5580	46.6800	539	460	-173	100808	0.43 
73.566	2015-01-01 00:02:13.440	-0.7007	0.1270	0.7114	2.1362	18.4326	-31.1279	11.1841	50.4767	31.0858	46.4900	542	460	-172	100808	0.43 
73.628	2015-01-01 00:02:13.480	-0.7427	0.1909	0.7539	6.4087	11.2915	-29.6021	10.1074	51.1084	29.4653	46.7300	542	461	-170	100808	0.43 
73.691	2015-01-01 00:02:13.520	-0.6978	0.1821	0.6519	6.6528	-3.4790	-25.7568	9.2889	51.1084	28.0151	46.3900	536	462	-169	100808	0.43 
73.706	2015-01-01 00:02:13.560	-0.6870	0.0933	0.7227	0.9766	0.1831	-33.8135	7.9651	51.0974	26.2628	46.7300	530	462	-166	100808	0.43 
73.753	2015-01-01 00:02:13.600	-0.6958	0.1426	0.6597	1.3428	-16.7236	-25.6348	6.5204	50.7239	24.4885	46.4900	529	463	-170	100807	0.43 
73.801	2015-01-01 00:02:13.640	-0.6348	0.1255	0.6172	3.8452	-11.1694	-21.7285	5.6689	50.0977	23.2361	46.3900	524	464	-178	100808	0.43 
73.847	2015-01-01 00:02:13.680	-0.6650	0.1123	0.6616	0.0000	-8.4229	-23.1323	4.7736	49.7186	22.0111	46.3500	522	464	-183	100807	0.43 
73.894	2015-01-01 00:02:13.720	-0.6553	0.1401	0.6938	-3.5400	-12.1460	-17.3340	3.8617	49.2462	20.9784	46.4900	522	467	-186	100807	0.43 
73.909	2015-01-01 00:02:13.760	-0.6675	0.1152	0.7368	-4.2114	-19.2261	-8.4229	3.3069	48.4662	20.5389	46.8300	515	470	-186	100807	0.43 
73.956	2015-01-01 00:02:13.800	-0.6484	0.1079	0.7266	-4.9438	-26.9775	-7.5073	2.8894	47.4060	20.2917	46.4900	512	474	-186	100807	0.43 
74.003	2015-01-01 00:02:13.840	-0.6182	0.1084	0.7310	-8.9111	-32.2266	-2.5635	2.4829	46.0547	20.2533	46.5900	508	474	-188	100807	0.43 
74.082	2015-01-01 00:02:13.880	-0.5991	0.0991	0.7607	-7.1411	-32.3486	1.8311	2.2797	44.6375	20.4785	46.3900	504	475	-196	100806	0.43 
74.082	2015-01-01 00:02:13.920	-0.1812	0.0527	0.4780	-5.1880	-17.6392	2.8076	2.2577	43.1598	20.9180	46.6800	502	474	-197	100806	0.43 
74.128	2015-01-01 00:02:13.960	-0.4941	0.0566	0.7324	-8.6060	-39.2456	2.4414	2.0984	41.5558	21.2915	46.5900	497	474	-194	100805	0.43 
74.159	2015-01-01 00:02:14.000	-0.4546	0.0859	0.7339	-4.3335	-39.9170	2.3193	1.9720	39.7925	21.6650	46.5400	496	476	-192	100806	0.43 
74.206	2015-01-01 00:02:14.040	-0.4453	0.0610	0.7563	-1.2817	-39.4897	5.8594	2.0984	38.0017	22.1320	46.3500	490	473	-199	100805	0.43 
74.253	2015-01-01 00:02:14.080	-0.4463	0.0854	0.7935	-0.9155	-44.9829	9.0942	2.3785	36.1835	22.8131	46.6800	489	469	-204	100805	0.43 
74.300	2015-01-01 00:02:14.120	-0.4067	0.0996	0.7275	-4.5776	-49.7437	12.5122	2.6422	34.0686	23.5602	46.5400	488	468	-206	100805	0.43 
74.348	2015-01-01 00:02:14.160	-0.3984	0.0547	0.6650	-4.0283	-40.4053	11.1694	2.8345	32.1790	24.2908	46.3500	481	470	-212	100805	0.43 
74.379	2015-01-01 00:02:14.200	-0.4058	0.0566	0.7183	-5.5542	-33.8135	11.7798	2.9279	30.7123	24.9829	46.6800	478	470	-215	100805	0.43 
74.456	2015-01-01 00:02:14.240	-0.4399	0.0659	0.8335	-4.0283	-26.6113	12.8174	2.9938	29.4489	25.6915	46.3500	475	470	-218	100805	0.43 
74.488	2015-01-01 00:02:14.280	-0.4263	0.1118	0.8979	-5.4321	-35.8887	10.7422	3.1366	28.0811	26.3782	46.4900	471	468	-222	100805	0.43 
74.519	2015-01-01 00:02:14.320	-0.3730	0.1548	0.8867	-6.6528	-24.9023	5.8594	3.1805	26.8451	26.9275	46.5400	468	468	-224	100805	0.43 
74.551	2015-01-01 00:02:14.360	-0.3638	0.1108	0.9224	-9.7656	-14.0381	1.0376	3.0157	26.0101	27.2681	46.5900	465	469	-224	100804	0.43 
74.613	2015-01-01 00:02:14.400	-0.4233	0.0718	0.9790	-11.9019	-21.4844	-0.3662	2.6038	25.2576	27.4384	46.7300	463	464	-223	100804	0.43 
74.659	2015-01-01 00:02:14.440	-0.4331	0.0928	0.9404	-6.5308	-22.7661	-0.7324	2.2852	24.3182	27.5702	46.5400	462	467	-222	100804	0.43 
74.707	2015-01-01 00:02:14.480	-0.3462	0.0757	0.9712	-3.7842	-21.6064	-3.7231	2.1204	23.4009	27.6636	46.5900	458	469	-223	100804	0.43 
74.707	2015-01-01 00:02:14.520	-0.3135	0.0527	0.9507	-3.6011	-26.4282	-11.0474	1.8896	22.3407	27.5372	46.3900	455	470	-223	100804	0.43 
74.753	2015-01-01 00:02:14.560	-0.2935	0.0796	0.9136	-3.1128	-20.0195	-16.7847	1.5546	21.3354	27.1143	46.3900	453	473	-225	100803	0.43 
74.800	2015-01-01 00:02:14.600	-0.3086	0.0947	0.9766	-1.7700	-17.7002	-15.0757	1.3184	20.5994	26.6638	46.4900	450	473	-227	100803	0.43 
74.831	2015-01-01 00:02:14.640	-0.3052	0.1021	0.9556	-2.7466	-16.9067	-12.5732	1.1371	19.8413	26.3177	46.4900	446	474	-229	100803	0.43 
74.894	2015-01-01 00:02:14.680	-0.2896	0.0688	0.9600	-1.2207	-14.4653	-11.3525	0.9833	19.1821	26.0596	46.6800	442	476	-230	100803	0.44 
74.926	2015-01-01 00:02:14.720	-0.2646	0.0430	0.9683	-0.8545	-12.0239	-14.5874	0.8295	18.6163	25.7849	46.5900	442	476	-232	100803	0.43 
74.957	2015-01-01 00:02:14.760	-0.2568	0.0430	0.9673	-1.7700	-7.8735	-16.7236	0.5988	18.1604	25.3894	46.3500	437	475	-230	100803	0.43 
75.003	2015-01-01 00:02:14.800	-0.2349	0.0620	0.9717	-1.2207	-6.7749	-16.6016	0.3845	17.8033	24.9774	46.5400	436	477	-230	100803	0.44 
75.035	2015-01-01 00:02:14.840	-0.2148	0.0767	0.9790	0.1221	-3.3569	-14.0991	0.2747	17.4902	24.6588	46.3900	435	479	-229	100803	0.44 
75.098	2015-01-01 00:02:14.880	-0.2300	0.0610	0.9800	0.9155	-2.2583	-10.6201	0.2527	17.2925	24.4775	46.7300	429	477	-231	100803	0.44 
75.129	2015-01-01 00:02:14.920	-0.2280	0.0435	0.9727	0.8545	-1.6479	-12.0239	0.2142	17.1167	24.3182	46.4900	428	474	-232	100803	0.44 
75.176	2015-01-01 00:02:14.960	-0.2334	0.0518	1.0078	0.9766	-1.0376	-13.6719	0.1593	16.9849	24.0875	46.5900	424	474	-232	100803	0.44 
75.207	2015-01-01 00:02:15.000	-0.2100	0.0737	1.0112	1.7090	-2.9297	-12.7563	0.1428	16.7981	23.8403	46.5400	421	477	-231	100803	0.44 
75.238	2015-01-01 00:02:15.040	-0.2178	0.0845	1.0015	0.7935	-3.6011	-9.1553	0.1648	16.5729	23.7085	46.3500	418	478	-230	100802	0.44 
75.332	2015-01-01 00:02:15.080	-0.1963	0.0869	1.0015	1.0986	-3.6621	-5.5542	0.2527	16.3367	23.7250	46.4900	418	478	-235	100802	0.44 
75.332	2015-01-01 00:02:15.120	-0.1821	0.0898	0.9863	0.2441	-4.0894	-1.1597	0.3735	16.0345	23.9392	46.3500	415	477	-232	100802	0.44 
75.363	2015-01-01 00:02:15.160	-0.1704	0.0713	0.9795	-0.3052	-2.6245	0.7935	0.4999	15.7654	24.2688	46.5400	415	477	-231	100802	0.44 
75.394	2015-01-01 00:02:15.200	-0.1543	0.0596	0.9790	-1.0376	0.0610	1.2207	0.5713	15.5951	24.6204	46.3500	413	480	-231	100802	0.44 
75.456	2015-01-01 00:02:15.240	-0.1436	0.0601	0.9888	-0.4272	3.9673	1.7700	0.6537	15.5017	25.0049	46.4900	413	482	-229	100802	0.44 
75.519	2015-01-01 00:02:15.280	-0.1890	0.0508	1.0068	-0.5493	7.6904	4.2114	0.7361	15.6390	25.4169	46.4900	416	481	-230	100802	0.44 
75.551	2015-01-01 00:02:15.320	-0.1982	0.0557	1.0142	-1.1597	3.2349	4.2114	0.8240	15.7269	25.8948	46.3900	416	483	-232	100802	0.44 
75.582	2015-01-01 00:02:15.360	-0.1978	0.0620	1.0161	-1.5259	1.1597	5.7373	0.8954	15.7104	26.3562	46.6800	416	485	-231	100803	0.44 
75.613	2015-01-01 00:02:15.400	-0.1782	0.0586	1.0010	-1.3428	-0.2441	6.8359	0.9778	15.5896	26.8890	46.5400	420	483	-232	100802	0.44 
75.660	2015-01-01 00:02:15.440	-0.1685	0.0459	0.9990	-0.7935	0.1831	5.5542	1.0602	15.4523	27.3999	46.6800	419	480	-233	100802	0.44 
75.723	2015-01-01 00:02:15.480	-0.1611	0.0439	1.0039	-0.9766	2.0752	2.9907	1.1206	15.3589	27.8229	46.4900	420	480	-232	100802	0.44 
75.754	2015-01-01 00:02:15.520	-0.1655	0.0522	0.9961	-2.0142	2.0142	1.2207	1.1371	15.3040	28.1415	46.5400	421	478	-232	100803	0.44 
75.785	2015-01-01 00:02:15.560	-0.1543	0.0493	1.0029	-1.6479	0.8545	1.2207	1.1371	15.2106	28.4381	46.3900	423	473	-232	100803	0.44 
75.816	2015-01-01 00:02:15.600	-0.1538	0.0728	0.9902	-0.9155	3.8452	2.6245	1.1920	15.1447	28.7622	46.3900	423	474	-235	100802	0.44 
75.863	2015-01-01 00:02:15.640	-0.1665	0.0679	1.0132	-0.3052	3.6011	3.4790	1.2799	15.1611	29.1302	46.3900	423	475	-232	100802	0.44 
75.925	2015-01-01 00:02:15.680	-0.1670	0.0518	0.9956	-0.9155	4.3945	2.5635	1.3513	15.1611	29.4983	46.3900	424	476	-229	100802	0.44 
75.956	2015-01-01 00:02:15.720	-0.1792	0.0576	0.9980	-0.7935	5.9204	0.3052	1.3843	15.2435	29.7729	46.5900	424	475	-234	100802	0.44 
75.988	2015-01-01 00:02:15.760	-0.1968	0.0508	1.0073	-0.9155	4.6387	-1.5259	1.4063	15.3479	29.9597	46.7300	426	471	-236	100802	0.44 
76.035	2015-01-01 00:02:15.800	-0.1958	0.0474	1.0039	-0.3662	3.1128	-4.1504	1.3733	15.3973	30.0201	46.6800	427	469	-237	100803	0.44 
76.066	2015-01-01 00:02:15.840	-0.1885	0.0693	0.9976	0.4883	5.4932	-4.1504	1.3953	15.4742	30.0586	46.6800	426	473	-232	100803	0.44 
76.129	2015-01-01 00:02:15.880	-0.1709	0.0806	1.0093	0.0000	3.6621	-3.8452	1.4502	15.5182	30.0916	46.3000	425	477	-235	100802	0.44 
76.160	2015-01-01 00:02:15.920	-0.1719	0.0669	0.9868	-0.1831	4.6997	-3.5400	1.4777	15.5457	30.1465	46.3900	427	479	-235	100802	0.44 
76.191	2015-01-01 00:02:15.960	-0.1821	0.0747	0.9980	0.1221	4.6387	-2.4414	1.5161	15.6061	30.2289	46.4900	427	476	-237	100802	0.44 
76.238	2015-01-01 00:02:16.000	-0.2026	0.0591	1.0112	-0.1221	5.2490	-2.7466	1.5546	15.6940	30.3223	46.5400	426	473	-239	100802	0.44 
76.269	2015-01-01 00:02:16.040	-0.1978	0.0630	0.9907	-0.3662	4.5166	-3.1128	1.5546	15.7599	30.3772	46.4900	425	475	-237	100802	0.44 
76.332	2015-01-01 00:02:16.080	-0.2036	0.0620	1.0078	-0.4883	4.0894	-3.9063	1.5491	15.8423	30.4156	46.5400	424	472	-233	100802	0.44 
76.347	2015-01-01 00:02:16.120	-0.1978	0.0581	1.0088	-0.4272	2.4414	-4.8218	1.5381	15.8698	30.4156	46.4900	424	472	-232	100802	0.44 
76.394	2015-01-01 00:02:16.160	-0.1821	0.0625	0.9971	-0.6104	1.5259	-4.0283	1.5216	15.8148	30.4156	46.4900	425	477	-233	100802	0.44 
76.441	2015-01-01 00:02:16.200	-0.1875	0.0557	0.9902	-0.1221	2.9297	-4.0894	1.5161	15.7819	30.4376	46.7300	422	477	-231	100802	0.44 
76.472	2015-01-01 00:02:16.240	-0.1953	0.0635	1.0034	-0.2441	2.7466	-4.9438	1.5051	15.7928	30.4156	46.5900	423	478	-233	100802	0.44 
76.535	2015-01-01 00:02:16.280	-0.1958	0.0630	0.9912	-0.3052	2.8076	-4.4556	1.4941	15.7983	30.4047	46.5400	425	476	-234	100802	0.44 
76.566	2015-01-01 00:02:16.320	-0.1870	0.0630	0.9946	-0.5493	3.1128	-4.8218	1.4832	15.7983	30.3937	46.4900	426	478	-235	100802	0.44 
76.613	2015-01-01 00:02:16.360	-0.2007	0.0630	1.0000	-0.3662	4.4556	-4.6387	1.4722	15.8478	30.3772	46.3500	425	479	-232	100802	0.44 
76.660	2015-01-01 00:02:16.400	-0.2031	0.0605	1.0073	-0.1831	3.2959	-4.2114	1.4722	15.8972	30.3607	46.4900	425	481	-230	100802	0.44 
76.706	2015-01-01 00:02:16.440	-0.1948	0.0571	0.9937	-0.3052	3.1128	-4.5166	1.4667	15.9027	30.3607	46.3900	424	482	-229	100801	0.44 
76.753	2015-01-01 00:02:16.480	-0.1973	0.0527	0.9775	-0.0610	4.7607	-4.0283	1.4722	15.9412	30.3607	46.5400	425	478	-230	100802	0.44 
76.769	2015-01-01 00:02:16.520	-0.2017	0.0698	1.0088	0.4272	3.9673	-3.8452	1.5051	16.0345	30.3937	46.6800	431	477	-230	100802	0.44 
76.816	2015-01-01 00:02:16.560	-0.1880	0.0605	0.9907	-0.4883	2.7466	-4.8218	1.5161	16.0510	30.4102	46.3500	429	477	-231	100801	0.44 
76.847	2015-01-01 00:02:16.600	-0.2002	0.0566	0.9961	0.0000	4.6997	-4.3335	1.4996	16.0950	30.4047	46.5900	424	478	-233	100801	0.44 
76.910	2015-01-01 00:02:16.640	-0.2100	0.0645	0.9980	-0.5493	3.4790	-4.2114	1.5051	16.1499	30.4047	46.3900	421	478	-234	100801	0.44 
76.942	2015-01-01 00:02:16.680	-0.2124	0.0669	1.0020	-0.4883	2.0142	-3.6011	1.4996	16.1664	30.3992	46.5400	423	478	-235	100802	0.44 
76.973	2015-01-01 00:02:16.720	-0.2129	0.0571	1.0054	-0.9766	0.0610	-2.4414	1.4996	16.1115	30.4541	46.5400	423	477	-235	100802	0.44 
77.020	2015-01-01 00:02:16.760	-0.2065	0.0513	1.0000	-0.3052	-3.6011	-1.5259	1.4941	15.9247	30.5200	46.4900	424	478	-235	100802	0.44 
77.051	2015-01-01 00:02:16.800	-0.1880	0.0557	0.9932	-0.1221	-3.6621	-0.0610	1.5326	15.6555	30.6628	46.5400	422	477	-232	100802	0.44 
77.128	2015-01-01 00:02:16.840	-0.1836	0.0630	1.0015	-0.8545	-1.3428	-1.5259	1.5491	15.4578	30.7837	46.5400	421	479	-233	100802	0.44 
77.175	2015-01-01 00:02:16.880	-0.1763	0.0547	0.9937	-1.4038	-0.7935	-1.2817	1.5436	15.2875	30.8990	46.5400	422	479	-235	100802	0.44 
77.191	2015-01-01 00:02:16.920	-0.1851	0.0483	1.0078	-1.4038	-0.3662	-1.4648	1.5161	15.1666	31.0199	46.3900	424	478	-235	100803	0.44 
77.222	2015-01-01 00:02:16.960	-0.1714	0.0552	1.0059	-1.1597	-0.7324	-3.0518	1.4832	15.0183	31.0913	46.3900	425	476	-235	100803	0.44 
77.270	2015-01-01 00:02:17.000	-0.1802	0.0562	1.0063	-1.0986	-0.0610	-2.4414	1.4612	14.9030	31.1407	46.6800	422	477	-236	100803	0.44 
77.347	2015-01-01 00:02:17.040	-0.1699	0.0591	0.9956	-1.2817	-0.5493	-3.7231	1.4392	14.7711	31.1792	46.7300	421	477	-235	100803	0.44 
77.379	2015-01-01 00:02:17.080	-0.1748	0.0527	1.0020	-1.5259	0.6714	-4.7607	1.3788	14.6777	31.1572	46.4900	420	477	-234	100803	0.44 
77.410	2015-01-01 00:02:17.120	-0.1758	0.0493	1.0000	-0.0610	2.0142	-4.0283	1.3458	14.6063	31.1353	46.6800	422	479	-233	100803	0.44 
77.442	2015-01-01 00:02:17.160	-0.1685	0.0654	1.0010	-0.5493	2.2583	-4.5776	1.3513	14.5898	31.1243	46.4900	422	478	-233	100803	0.44 
77.473	2015-01-01 00:02:17.200	-0.1621	0.0576	1.0005	-0.9766	1.8921	-5.1880	1.3239	14.5404	31.0858	46.5400	422	477	-234	100803	0.44 
77.519	2015-01-01 00:02:17.240	-0.1719	0.0586	1.0063	-0.3052	2.4414	-3.7231	1.2964	14.5239	31.0803	46.4900	423	479	-235	100802	0.44 
77.582	2015-01-01 00:02:17.280	-0.1719	0.0601	1.0029	-0.3662	2.3804	-3.2349	1.3074	14.5074	31.1133	46.5900	425	480	-235	100802	0.44 
77.613	2015-01-01 00:02:17.320	-0.1704	0.0615	1.0073	-0.5493	1.8921	-2.2583	1.3184	14.4800	31.1572	46.3900	425	479	-234	100802	0.44 
77.645	2015-01-01 00:02:17.360	-0.1660	0.0562	1.0029	-0.9766	1.2207	-1.7700	1.3239	14.4196	31.2506	46.4900	425	477	-237	100802	0.44 
77.676	2015-01-01 00:02:17.400	-0.1709	0.0532	1.0068	-0.6104	2.6855	-1.3428	1.3239	14.3921	31.3605	46.6800	423	477	-238	100802	0.44 
77.722	2015-01-01 00:02:17.440	-0.1733	0.0479	1.0098	-0.6104	2.2583	-1.4648	1.3184	14.3811	31.4648	46.5400	424	477	-239	100802	0.44 
77.785	2015-01-01 00:02:17.480	-0.1772	0.0508	1.0029	-0.4883	1.3428	-1.7090	1.3239	14.3481	31.5747	46.3000	425	473	-239	100802	0.44 
77.816	2015-01-01 00:02:17.520	-0.1724	0.0518	1.0049	-1.1597	1.4648	-3.0518	1.3129	14.2987	31.6351	46.5400	424	477	-239	100802	0.44 
77.832	2015-01-01 00:02:17.560	-0.1714	0.0503	1.0000	-0.7324	1.1597	-3.1738	1.2909	14.2438	31.6571	46.6800	424	480	-234	100802	0.44 
77.879	2015-01-01 00:02:17.600	-0.1685	0.0542	1.0049	-0.3662	1.3428	-2.8076	1.2909	14.1888	31.6901	46.5400	423	480	-235	100802	0.44 
77.910	2015-01-01 00:02:17.640	-0.1670	0.0562	1.0010	-0.0610	1.6479	-2.8076	1.3074	14.1449	31.7285	46.4900	423	482	-232	100802	0.44 
77.988	2015-01-01 00:02:17.680	-0.1616	0.0537	1.0034	-0.3052	2.9297	-2.6855	1.3293	14.1339	31.7670	46.3900	425	482	-230	100802	0.44 
78.003	2015-01-01 00:02:17.720	-0.1582	0.0581	0.9927	-0.3052	3.0518	-2.4414	1.3403	14.1394	31.8164	46.7300	425	482	-230	100802	0.44 
78.050	2015-01-01 00:02:17.760	-0.1792	0.0576	1.0068	0.1221	6.2866	-1.7700	1.3733	14.2548	31.8988	46.5400	421	480	-231	100802	0.44 
78.082	2015-01-01 00:02:17.800	-0.1758	0.0498	1.0151	-0.2441	3.3569	-2.0142	1.3953	14.3372	31.9482	46.5400	418	480	-231	100802	0.44 
78.128	2015-01-01 00:02:17.840	-0.1768	0.0518	1.0000	-0.2441	3.4180	-0.9766	1.4117	14.3646	32.0306	46.5400	418	479	-232	100802	0.44 
78.191	2015-01-01 00:02:17.880	-0.1865	0.0420	0.9922	0.7324	3.2959	-1.1597	1.4557	14.3976	32.1350	46.3500	418	477	-233	100802	0.44 
78.207	2015-01-01 00:02:17.920	-0.1768	0.0596	1.0059	0.7324	2.2583	-2.0142	1.5106	14.4305	32.2009	46.5400	418	475	-233	100802	0.44 
78.254	2015-01-01 00:02:17.960	-0.1660	0.0601	1.0088	0.4272	2.8076	-2.3804	1.5601	14.4196	32.2504	46.6800	420	477	-235	100802	0.44 
78.285	2015-01-01 00:02:18.000	-0.1655	0.0581	0.9951	-0.0610	3.4180	-1.9531	1.5875	14.4196	32.2998	46.5400	422	478	-237	100802	0.44 
78.332	2015-01-01 00:02:18.040	-0.1777	0.0562	1.0098	-0.3052	3.1738	-2.1973	1.6040	14.4415	32.3547	46.7300	424	479	-236	100801	0.44 
78.394	2015-01-01 00:02:18.080	-0.1675	0.0474	0.9956	-0.3662	2.9297	-1.6479	1.6040	14.4415	32.4152	46.5400	424	477	-237	100802	0.44 
78.410	2015-01-01 00:02:18.120	-0.1699	0.0532	0.9995	-0.3052	4.5166	-1.5259	1.6150	14.4745	32.4921	46.4900	425	478	-237	100801	0.44 
78.457	2015-01-01 00:02:18.160	-0.1729	0.0469	1.0068	-0.0610	5.6763	-3.1738	1.6150	14.5679	32.5415	46.5400	425	478	-238	100802	0.44 
78.488	2015-01-01 00:02:18.200	-0.1729	0.0542	1.0063	-0.1221	5.4321	-4.5166	1.6040	14.6667	32.5085	46.5900	428	477	-234	100802	0.44 
78.566	2015-01-01 00:02:18.240	-0.1787	0.0615	1.0039	0.0000	4.6997	-3.8452	1.6095	14.7546	32.4866	46.4900	428	477	-233	100802	0.44 
78.598	2015-01-01 00:02:18.280	-0.1831	0.0684	1.0098	0.3662	3.7231	-2.6245	1.6479	14.8151	32.4866	46.6800	423	478	-231	100802	0.44 
78.613	2015-01-01 00:02:18.320	-0.1758	0.0625	0.9980	0.0000	3.9063	-1.6479	1.6864	14.8425	32.5360	46.5900	419	480	-228	100802	0.44 
78.660	2015-01-01 00:02:18.360	-0.1821	0.0630	1.0010	0.1221	2.8687	-0.2441	1.7194	14.8865	32.6129	46.6800	421	480	-229	100802	0.44 
78.691	2015-01-01 00:02:18.400	-0.1846	0.0640	1.0024	-0.1221	4.1504	-0.3662	1.7688	14.9469	32.7393	46.7300	422	478	-231	100802	0.44 
78.738	2015-01-01 00:02:18.440	-0.1738	0.0571	0.9966	-0.6104	3.9673	-0.9766	1.7908	14.9799	32.8326	46.3900	424	478	-232	100802	0.44 
78.800	2015-01-01 00:02:18.480	-0.1855	0.0591	1.0015	-0.4883	4.8218	-0.3662	1.8018	15.0513	32.9370	46.5400	424	476	-231	100802	0.44