StartTime: 2017-07-21 14:57:18.641
Time(s)	ChipTime	ax(g)	ay(g)	az(g)	wx(deg/s)	wy(deg/s)	wz(deg/s)	AngleX(deg)	AngleY(deg)	AngleZ(deg)	T(°)	hx	hy	hz	Pressure(Pa)	Altitude(m) 
626.325	2015-01-01 00:20:16.640	0.0762	0.0698	1.0059	0.3052	5.9814	-1.4038	3.5101	0.9393	41.3361	47.9300	456	442	-225	100809	0.43 
626.371	2015-01-01 00:20:16.680	0.0532	0.0801	1.0249	0.4883	5.3101	-0.2441	3.5541	1.0876	41.4294	48.0700	455	442	-225	100809	0.43 
626.418	2015-01-01 00:20:16.720	0.0576	0.0718	1.0229	0.1831	2.1973	-0.4272	3.5760	1.1261	41.5228	47.7800	455	443	-224	100809	0.43 
626.450	2015-01-01 00:20:16.760	0.0557	0.0728	1.0083	0.1831	3.1738	-1.1597	3.6035	1.1041	41.5997	47.6400	458	442	-227	100809	0.43 
626.513	2015-01-01 00:20:16.800	0.0498	0.0820	1.0186	0.0000	3.1738	-0.9155	3.6310	1.1481	41.6656	47.7400	461	440	-228	100809	0.43 
626.544	2015-01-01 00:20:16.840	0.0601	0.0747	1.0161	-0.1221	1.9531	-0.8545	3.6475	1.1481	41.7371	48.0700	460	437	-231	100809	0.43 
626.575	2015-01-01 00:20:16.880	0.0586	0.0806	1.0098	-0.6104	2.1973	-0.8545	3.6530	1.1206	41.8085	48.1200	460	436	-233	100808	0.43 
626.622	2015-01-01 00:20:16.920	0.0518	0.0742	1.0181	-0.4883	1.4038	-0.8545	3.6530	1.0986	41.8799	47.7800	460	442	-228	100809	0.43 
626.653	2015-01-01 00:20:16.960	0.0474	0.0786	1.0215	-1.5869	-0.1831	-1.6479	3.6310	1.0327	41.9238	48.0700	461	443	-228	100809	0.43 
626.716	2015-01-01 00:20:17.000	0.0483	0.0825	1.0195	-1.7700	-2.0752	-1.7700	3.5980	0.9119	41.9458	47.8800	462	443	-231	100809	0.43 
626.747	2015-01-01 00:20:17.040	0.0479	0.0845	1.0200	-3.1128	-4.3335	-2.2583	3.5101	0.7141	41.9403	47.9300	461	443	-231	100809	0.43 
626.778	2015-01-01 00:20:17.080	0.0498	0.0986	1.0146	-3.3569	-4.0283	-3.7842	3.4222	0.4724	41.8909	47.8800	460	444	-229	100809	0.43 
626.825	2015-01-01 00:20:17.120	0.0688	0.0791	1.0342	-4.8828	-3.9673	-2.7466	3.2739	0.2197	41.8304	47.9800	460	443	-229	100808	0.43 
626.856	2015-01-01 00:20:17.160	0.0542	0.0562	1.0269	-6.2866	-9.8877	-4.0894	3.0707	-0.1483	41.8140	48.1200	464	442	-228	100809	0.43 
626.919	2015-01-01 00:20:17.200	0.0645	0.0674	1.0269	-7.6904	-15.9302	-4.7607	2.8125	-0.7471	41.6931	47.9800	465	441	-227	100809	0.43 
626.934	2015-01-01 00:20:17.240	0.0610	0.0664	1.0239	-8.5449	-18.5547	-2.9297	2.5214	-1.4832	41.6327	47.9300	462	442	-229	100809	0.43 
626.981	2015-01-01 00:20:17.280	0.0864	0.0669	1.0278	-9.0942	-23.3154	-1.6479	2.2028	-2.3730	41.5997	47.8800	454	445	-229	100808	0.43 
627.028	2015-01-01 00:20:17.320	0.0991	0.0483	1.0317	-10.3760	-29.4189	0.6714	1.8512	-3.4882	41.6602	47.9300	452	441	-226	100809	0.43 
627.059	2015-01-01 00:20:17.360	0.1138	0.0542	1.0342	-9.9487	-32.7148	2.4414	1.4612	-4.7791	41.7920	47.7400	450	439	-225	100809	0.43 
627.122	2015-01-01 00:20:17.400	0.1353	0.0488	1.0029	-9.7046	-40.5273	6.4087	1.1151	-6.3062	42.0502	47.8800	445	443	-226	100808	0.43 
627.153	2015-01-01 00:20:17.440	0.1494	0.0107	1.0176	-12.4512	-49.1943	7.8125	0.6482	-8.1354	42.4292	48.0700	443	447	-227	100808	0.43 
627.200	2015-01-01 00:20:17.480	0.1826	-0.0020	0.9995	-15.8691	-58.3496	3.2959	0.0330	-10.3326	42.7203	48.0700	442	448	-233	100808	0.43 
627.231	2015-01-01 00:20:17.520	0.2085	0.0151	0.9785	-18.6768	-72.5708	5.1880	-0.6647	-12.9529	42.9730	47.7800	442	448	-237	100808	0.43 
627.293	2015-01-01 00:20:17.560	0.2427	0.0044	0.8701	-14.7705	-82.9468	3.2349	-1.4063	-16.1005	43.3575	47.8800	437	449	-239	100808	0.43 
627.325	2015-01-01 00:20:17.600	0.4580	0.0103	0.9292	-14.7705	-67.8101	2.9907	-1.8732	-19.2535	43.4949	48.1200	421	454	-235	100808	0.43 
627.357	2015-01-01 00:20:17.640	0.3887	0.0142	0.9414	-19.8975	-74.3408	15.3198	-2.7301	-22.0441	44.1925	47.9300	411	458	-232	100808	0.43 
627.419	2015-01-01 00:20:17.680	0.3457	-0.0674	0.7788	-18.0054	-73.9746	20.5078	-3.8342	-25.0763	45.2032	47.7800	403	457	-233	100808	0.43 
627.450	2015-01-01 00:20:17.720	0.4419	-0.0894	0.9087	-27.2217	-94.9097	12.0850	-5.2405	-28.2404	46.3074	47.7400	396	461	-230	100808	0.43 
627.497	2015-01-01 00:20:17.760	0.5820	-0.0693	0.7070	-28.6865	-98.0225	12.5122	-6.8829	-32.2833	47.2742	47.9300	389	461	-228	100808	0.43 
627.528	2015-01-01 00:20:17.800	0.5479	-0.0566	0.7632	-29.3579	-102.2949	18.0054	-8.7616	-36.0956	48.6530	47.9300	384	465	-227	100808	0.43 
627.591	2015-01-01 00:20:17.840	0.9536	-0.2676	0.6440	-30.6396	-88.8062	5.8594	-10.8929	-40.1770	50.0208	47.8800	383	467	-228	100808	0.43 
627.622	2015-01-01 00:20:17.880	0.6196	-0.0918	0.6812	-32.8369	-80.7495	9.9487	-13.3209	-43.4399	51.6632	47.9300	377	470	-221	100808	0.43 
627.653	2015-01-01 00:20:17.920	0.5186	-0.0659	0.7686	-33.5693	-101.4404	9.5215	-15.6995	-46.6754	53.3441	47.8800	363	474	-215	100808	0.43 
627.732	2015-01-01 00:20:17.960	0.9219	-0.1855	0.2974	-38.2690	-100.9521	12.3901	-18.9185	-50.9106	55.5139	47.7800	358	474	-216	100808	0.43 
627.763	2015-01-01 00:20:18.000	0.9277	-0.2896	0.2656	-35.4004	-107.8491	9.2773	-23.4229	-54.8328	59.0790	47.9800	355	474	-216	100808	0.43 
627.794	2015-01-01 00:20:18.040	0.9292	-0.2275	0.2368	-40.9546	-113.3423	2.0752	-28.3997	-58.8647	63.0286	47.8800	343	479	-199	100808	0.43 
627.825	2015-01-01 00:20:18.080	1.1279	-0.3872	-0.0063	-32.3486	-94.1772	-2.1973	-34.1071	-62.7374	67.4011	47.7800	335	482	-183	100809	0.43 
627.903	2015-01-01 00:20:18.120	1.1611	-0.3315	-0.1772	-24.9023	-67.5049	-26.4282	-39.2926	-66.0059	71.3123	47.8800	331	483	-172	100809	0.43 
627.950	2015-01-01 00:20:18.160	1.3242	-0.1855	-0.3696	-2.1973	1.5259	6.2866	-42.4786	-67.7802	73.5480	47.7800	328	483	-167	100809	0.43 
627.950	2015-01-01 00:20:18.200	0.9917	-0.2715	0.1357	10.8643	42.7856	40.5273	-42.9840	-66.4453	73.9160	47.8800	324	488	-163	100809	0.43 
628.013	2015-01-01 00:20:18.240	0.7739	-0.3115	0.3403	3.7231	25.0244	25.1465	-42.8027	-64.4568	73.8995	47.9300	325	488	-163	100809	0.43 
628.044	2015-01-01 00:20:18.280	0.8105	-0.3618	0.2070	-1.8921	17.5171	-0.7324	-42.5885	-63.5779	73.3722	47.9800	333	489	-165	100809	0.43 
628.075	2015-01-01 00:20:18.320	0.8667	-0.4268	0.2930	-3.7231	22.4609	-7.0801	-41.8469	-63.0670	72.1417	47.8800	333	489	-167	100809	0.43 
628.169	2015-01-01 00:20:18.360	0.8901	-0.4185	0.2905	-4.9438	15.5640	-14.0381	-40.7648	-62.7374	70.4883	47.8800	335	491	-167	100809	0.43 
628.184	2015-01-01 00:20:18.400	0.8901	-0.3433	0.2817	-5.5542	5.1270	-23.8647	-39.6881	-62.8802	68.7964	47.8800	338	495	-170	100809	0.43 
628.215	2015-01-01 00:20:18.440	0.9429	-0.3027	0.2637	-2.3804	3.2959	-20.6909	-38.6060	-63.4186	67.2253	47.9800	339	496	-171	100809	0.43 
628.263	2015-01-01 00:20:18.480	0.9561	-0.2412	0.1880	-1.2817	1.4648	-18.3105	-37.5238	-64.0613	65.7532	48.0700	333	491	-165	100809	0.43 
628.340	2015-01-01 00:20:18.520	0.9019	-0.1982	0.2671	0.0000	-0.3662	-9.8877	-36.7053	-64.4458	64.6875	47.7400	332	490	-165	100810	0.43 
628.388	2015-01-01 00:20:18.560	0.9419	-0.2202	0.1953	1.6479	4.5776	-3.1738	-36.3757	-64.7974	64.1766	47.8800	331	490	-165	100810	0.43 
628.388	2015-01-01 00:20:18.600	0.9155	-0.2129	0.2451	0.4272	-1.5869	-5.3711	-36.0791	-64.9237	63.7976	47.7800	329	490	-165	100810	0.43 
628.434	2015-01-01 00:20:18.640	0.9521	-0.2607	0.2642	-0.1831	1.0986	-2.5024	-35.8813	-65.0830	63.4351	47.7400	327	487	-165	100810	0.43 
628.481	2015-01-01 00:20:18.680	0.9614	-0.2471	0.1655	0.3662	1.6479	-2.1362	-35.9747	-65.3137	63.3582	47.9800	324	488	-166	100810	0.43 
628.513	2015-01-01 00:20:18.720	0.9136	-0.2778	0.2261	1.2817	1.5869	0.0000	-35.9033	-65.2972	63.1934	47.8800	323	488	-166	100810	0.43 
628.591	2015-01-01 00:20:18.760	0.9121	-0.3320	0.2100	1.5259	7.5684	-0.1221	-36.0297	-65.2368	63.1989	47.8800	324	488	-165	100810	0.43 
628.622	2015-01-01 00:20:18.800	0.9092	-0.2759	0.2686	0.7324	2.4414	-5.0049	-35.7495	-65.1599	62.7869	47.7400	328	489	-166	100810	0.43 
628.653	2015-01-01 00:20:18.840	0.9492	-0.2866	0.2427	2.1973	7.3242	-2.4414	-35.4474	-65.2039	62.3529	47.8800	328	489	-166	100810	0.43 
628.700	2015-01-01 00:20:18.880	0.9238	-0.2573	0.2783	1.4648	3.4790	-2.7466	-35.1837	-65.1489	62.0178	47.7400	328	489	-165	100810	0.43 
628.732	2015-01-01 00:20:18.920	0.9282	-0.2534	0.2241	0.7935	4.2725	-5.4321	-34.9310	-65.2698	61.6498	47.7400	328	490	-165	100810	0.43 
628.810	2015-01-01 00:20:18.960	0.9395	-0.2383	0.2544	0.3662	2.9907	-3.8452	-34.6564	-65.3467	61.2543	48.1200	327	489	-168	100810	0.43 
628.841	2015-01-01 00:20:19.000	0.9351	-0.2495	0.2471	0.4883	1.7700	-3.6011	-34.4476	-65.4456	60.9357	47.8800	327	489	-170	100810	0.43 
628.872	2015-01-01 00:20:19.040	0.9434	-0.2568	0.2544	0.6714	2.9907	-2.4414	-34.2828	-65.5280	60.6720	48.1200	327	489	-170	100810	0.43 
628.904	2015-01-01 00:20:19.080	0.9351	-0.2681	0.2402	0.7324	3.5400	-2.6855	-34.2554	-65.5829	60.5511	47.9300	328	489	-169	100810	0.43 
628.950	2015-01-01 00:20:19.120	0.9209	-0.2598	0.2500	0.2441	2.1362	-2.5024	-34.1675	-65.6049	60.3699	47.9800	327	485	-169	100810	0.43 
629.013	2015-01-01 00:20:19.160	0.9375	-0.2656	0.2495	0.5493	3.7842	-3.4790	-34.0027	-65.6598	60.0952	47.9300	327	482	-169	100810	0.43 
629.044	2015-01-01 00:20:19.200	0.9331	-0.2671	0.2559	1.2817	2.5635	-3.7842	-33.7775	-65.6982	59.7986	47.7800	326	485	-169	100810	0.43 
629.107	2015-01-01 00:20:19.240	0.9380	-0.2725	0.2837	0.3662	0.9155	-1.4038	-33.6292	-65.7477	59.5624	47.8800	328	487	-169	100810	0.43 
629.138	2015-01-01 00:20:19.280	0.9175	-0.2427	0.2344	-0.7935	3.7842	-5.2490	-33.6127	-65.8466	59.4250	47.7400	330	485	-170	100810	0.43 
629.184	2015-01-01 00:20:19.320	0.9414	-0.2524	0.2412	-1.2817	3.9063	-2.3193	-33.4424	-65.9015	59.0955	47.9800	330	484	-170	100810	0.43 
629.231	2015-01-01 00:20:19.360	0.9390	-0.2524	0.2573	-0.8545	3.3569	-2.5635	-33.3765	-65.9125	58.8922	47.8800	328	488	-169	100810	0.43 
629.279	2015-01-01 00:20:19.400	0.9302	-0.2529	0.2495	-0.5493	3.1128	-1.6479	-33.3160	-65.9344	58.7109	47.7800	326	489	-169	100810	0.43 
629.310	2015-01-01 00:20:19.440	0.9336	-0.2686	0.2710	-0.5493	3.1738	-0.9766	-33.3325	-65.9125	58.6176	47.8800	329	488	-171	100810	0.43 
629.341	2015-01-01 00:20:19.480	0.9307	-0.2686	0.2466	-0.6104	2.8687	-2.9297	-33.3929	-65.9564	58.5681	47.7800	329	489	-168	100809	0.43 
629.419	2015-01-01 00:20:19.520	0.9297	-0.2612	0.2520	-0.5493	2.2583	-3.0518	-33.3435	-66.0114	58.3978	47.8800	327	487	-167	100809	0.43 
629.434	2015-01-01 00:20:19.560	0.9380	-0.2578	0.2559	-0.2441	1.7090	-2.5635	-33.2941	-66.0773	58.2440	47.9800	328	485	-166	100809	0.43 
629.466	2015-01-01 00:20:19.600	0.9390	-0.2529	0.2461	0.1221	2.3193	-2.9297	-33.2281	-66.1652	58.0957	47.8800	328	485	-167	100809	0.43 
629.513	2015-01-01 00:20:19.640	0.9326	-0.2065	0.2480	-0.7324	0.3662	1.8921	-33.2941	-66.2256	58.0957	47.7400	328	490	-169	100809	0.43 
629.591	2015-01-01 00:20:19.680	0.9429	-0.3125	0.2891	-0.9766	3.0518	-4.3335	-33.3380	-66.1926	58.0573	48.0700	327	486	-171	100809	0.43 
629.638	2015-01-01 00:20:19.720	0.9707	-0.2446	0.2622	-2.5024	-5.1880	-8.7891	-33.1018	-66.4453	57.6123	47.8800	327	484	-173	100809	0.43 
629.638	2015-01-01 00:20:19.760	0.8120	-0.2837	0.2363	0.3052	-11.4136	3.2349	-34.2499	-66.7969	58.7659	47.7400	323	486	-171	100809	0.43 
629.684	2015-01-01 00:20:19.800	0.9487	-0.2837	0.1885	-1.6479	-5.9204	-10.0098	-34.7662	-67.3077	59.1724	47.8800	326	487	-169	100809	0.43 
629.716	2015-01-01 00:20:19.840	0.9165	-0.2607	0.2729	-2.8687	-0.7935	-6.3477	-34.7662	-67.6154	58.9801	47.7400	325	488	-167	100809	0.43 
629.762	2015-01-01 00:20:19.880	0.9829	-0.2563	0.1782	-1.8921	-5.9204	-4.7607	-35.0189	-67.9559	59.0240	48.0700	324	489	-165	100809	0.43 
629.825	2015-01-01 00:20:19.920	0.8110	-0.2515	0.2573	-1.5259	-13.1836	-3.9063	-35.3595	-68.3405	59.3262	47.8800	324	490	-167	100809	0.43 
629.872	2015-01-01 00:20:19.960	0.7666	-0.2080	0.3262	-8.9111	-26.6113	-4.8828	-36.3263	-68.9612	60.1172	47.9300	324	487	-167	100809	0.43 
629.903	2015-01-01 00:20:20.000	0.8682	-0.3223	0.2212	-8.3008	-39.8560	5.1880	-39.3475	-69.8621	62.9352	48.0700	323	487	-164	100809	0.43 
629.950	2015-01-01 00:20:20.040	1.2642	-0.2954	-0.2295	11.0474	5.7373	15.6860	-42.6544	-70.4388	66.1761	47.9300	321	490	-161	100809	0.43 
630.028	2015-01-01 00:20:20.080	1.0264	-0.2656	0.0557	20.6909	36.6211	9.7656	-41.8854	-69.5764	65.8740	47.5900	321	489	-161	100809	0.43 
630.060	2015-01-01 00:20:20.120	1.0024	-0.3364	0.1216	19.7144	48.0957	2.5024	-39.2816	-68.1812	63.7317	47.5900	321	491	-159	100809	0.43 
630.091	2015-01-01 00:20:20.160	0.9302	-0.2896	0.1846	20.8740	58.1055	1.3428	-35.8154	-66.5717	60.6720	47.6400	321	492	-159	100809	0.43 
630.123	2015-01-01 00:20:20.200	0.8853	-0.3325	0.2002	19.5313	67.1997	-10.3760	-32.1021	-64.6381	57.3157	47.9800	324	490	-167	100809	0.43 
630.200	2015-01-01 00:20:20.240	1.0654	-0.2891	0.3960	14.2822	69.4580	-17.2119	-28.1415	-62.5342	53.4979	47.8800	330	489	-171	100809	0.43 
630.248	2015-01-01 00:20:20.280	1.0059	-0.1377	0.3833	12.4512	59.7534	-4.6387	-24.6643	-60.5731	50.1910	47.8800	333	488	-173	100809	0.43 
630.248	2015-01-01 00:20:20.320	0.7729	-0.1533	0.3901	15.3809	57.9834	-8.4839	-22.1484	-58.6450	47.9663	47.8800	334	486	-176	100809	0.43 
630.294	2015-01-01 00:20:20.360	0.7754	-0.2578	0.4194	20.4468	76.4160	-14.5264	-19.5502	-56.3599	45.7745	47.8800	339	481	-182	100809	0.43 
630.325	2015-01-01 00:20:20.400	1.0288	-0.3135	0.5010	19.4702	81.8481	-26.6724	-16.1938	-53.7451	42.6709	47.8800	345	483	-187	100809	0.43 
630.373	2015-01-01 00:20:20.440	0.6182	-0.1636	0.5894	21.3013	85.0830	-18.0054	-13.4143	-50.6580	40.3088	47.7800	347	486	-190	100809	0.43 
630.451	2015-01-01 00:20:20.480	0.9272	-0.2061	0.5342	17.4561	73.4863	-46.0205	-10.6238	-48.0707	37.6941	47.7400	351	483	-196	100809	0.43 
630.482	2015-01-01 00:20:20.520	0.5791	-0.2827	0.6396	24.4751	106.8726	-26.0620	-7.9321	-44.8462	35.0848	47.8800	354	477	-204	100809	0.43 
630.513	2015-01-01 00:20:20.560	0.7329	-0.0884	0.8013	12.6343	79.7119	-14.8926	-6.3116	-41.1658	34.0247	47.8800	356	472	-210	100810	0.43 
630.576	2015-01-01 00:20:20.600	0.7236	-0.1050	0.6934	11.5967	92.1631	-29.9072	-4.6967	-38.0676	32.3438	47.9300	362	472	-212	100809	0.43 
630.622	2015-01-01 00:20:20.640	0.5308	0.0059	0.8198	10.1318	84.8389	-22.5220	-3.3014	-34.4971	31.0748	47.6400	364	471	-215	100809	0.43 
630.653	2015-01-01 00:20:20.680	0.5776	-0.0791	0.8623	16.2354	87.8906	-26.1841	-2.0105	-31.1737	30.0092	47.7800	373	467	-217	100809	0.43 
630.684	2015-01-01 00:20:20.720	0.4517	-0.0640	0.8574	14.7095	83.0078	-26.6113	-0.8350	-27.8284	29.0918	47.9300	380	462	-216	100809	0.43 
630.716	2015-01-01 00:20:20.760	0.4302	-0.0615	0.9204	15.1367	78.0029	-21.1182	0.1428	-24.6533	28.4161	47.9800	382	460	-216	100809	0.43 
630.748	2015-01-01 00:20:20.800	0.3623	-0.0410	0.9312	15.5640	76.8433	-18.7988	0.9833	-21.6156	27.9877	47.7400	389	463	-220	100809	0.43 
630.825	2015-01-01 00:20:20.840	0.3340	0.0010	0.9434	15.6860	73.4863	-13.2446	1.7853	-18.5724	27.7844	47.8800	397	460	-221	100809	0.43 
630.857	2015-01-01 00:20:20.880	0.2910	0.0259	0.9648	16.4185	71.4722	-11.0474	2.5159	-15.6226	27.7844	47.6400	401	459	-221	100809	0.43 
630.888	2015-01-01 00:20:20.920	0.2495	0.0161	0.9429	16.2354	67.4438	-6.8970	3.1696	-12.9694	27.9602	47.8800	405	458	-222	100809	0.43 
630.935	2015-01-01 00:20:20.960	0.2339	0.0254	0.9478	16.4185	72.4487	-5.7373	3.8232	-10.1953	28.2623	47.7800	416	458	-228	100809	0.43 
630.966	2015-01-01 00:20:21.000	0.1772	0.0581	0.9897	14.5874	64.5142	-0.4272	4.4055	-7.5311	28.6963	47.6400	425	457	-231	100809	0.43 
631.028	2015-01-01 00:20:21.040	0.1118	0.0776	0.9854	16.5405	62.3779	5.9814	4.9603	-5.0647	29.4104	47.7400	430	457	-236	100809	0.43 
631.060	2015-01-01 00:20:21.080	-0.0039	0.0586	1.0015	18.4937	43.8232	12.6343	5.6085	-3.0267	30.2948	47.8800	434	456	-234	100809	0.43 
631.106	2015-01-01 00:20:21.120	0.0029	0.0815	0.9692	15.4419	43.8232	10.6201	6.1963	-1.2744	31.2067	47.5900	444	451	-230	100809	0.43 
631.138	2015-01-01 00:20:21.160	-0.0166	0.0952	0.9683	12.8174	42.3584	10.1318	6.7236	0.3955	32.1460	47.8800	453	445	-229	100809	0.43 
631.185	2015-01-01 00:20:21.200	-0.0811	0.1357	1.0288	11.8408	36.4990	4.2725	7.1906	2.0544	32.8656	47.9300	458	441	-230	100809	0.43 
631.231	2015-01-01 00:20:21.240	-0.1123	0.1665	1.0542	12.2681	30.4565	0.6104	7.7289	3.4607	33.3490	47.7800	461	440	-229	100809	0.43 
631.263	2015-01-01 00:20:21.280	-0.0444	0.1479	1.0024	9.2773	14.0381	-0.7324	8.1628	4.3011	33.6786	47.7800	467	437	-229	100809	0.43 
631.310	2015-01-01 00:20:21.320	-0.1279	0.0757	0.9487	3.6621	26.9165	-13.7939	8.3771	5.1526	33.8214	47.7400	470	438	-224	100809	0.43 
631.341	2015-01-01 00:20:21.360	-0.1250	0.1162	1.0537	3.2349	21.6064	-22.1558	8.2947	6.3007	33.4094	47.7400	471	438	-222	100808	0.43 
631.388	2015-01-01 00:20:21.400	-0.1113	0.2173	0.9951	0.9155	17.0288	-9.3994	8.3936	7.1246	33.1403	47.5900	473	436	-224	100808	0.43 
631.435	2015-01-01 00:20:21.440	-0.1138	0.1396	1.0264	0.4883	13.8550	-2.1973	8.4430	7.7289	33.3380	47.7800	474	437	-227	100808	0.43 
631.481	2015-01-01 00:20:21.480	-0.1138	0.1143	0.9932	0.5493	13.3667	-5.7373	8.4155	8.2233	33.5138	47.8800	474	436	-229	100808	0.43 
631.498	2015-01-01 00:20:21.520	-0.1489	0.1309	1.0171	0.5493	11.7798	-5.2490	8.3826	8.7616	33.5962	48.0700	475	436	-230	100808	0.43 
631.560	2015-01-01 00:20:21.560	-0.1196	0.1260	1.0078	-1.4648	9.4604	-6.1646	8.3057	9.1406	33.6731	47.5900	476	441	-228	100809	0.43 
631.591	2015-01-01 00:20:21.600	-0.0996	0.1460	0.9937	-2.5635	7.9346	-1.0376	8.2068	9.4043	33.8269	47.8800	479	442	-226	100808	0.43 
631.638	2015-01-01 00:20:21.640	-0.0850	0.1929	0.9600	-7.5684	26.7334	1.4038	8.1024	10.0085	34.2334	47.9800	481	443	-224	100809	0.43 
631.669	2015-01-01 00:20:21.680	-0.2485	0.0928	1.0542	-8.9111	16.1133	-5.3711	7.7454	10.8984	34.5026	47.5900	480	440	-222	100808	0.43 
631.700	2015-01-01 00:20:21.720	-0.1284	0.1460	1.0269	-8.0566	6.1646	-7.2021	7.3499	11.2555	34.5026	47.7400	485	441	-219	100808	0.43 
631.747	2015-01-01 00:20:21.760	-0.1548	0.1099	1.0034	-7.2632	3.2959	-7.7515	7.0093	11.4038	34.4641	47.7800	482	440	-218	100808	0.43 
631.778	2015-01-01 00:20:21.800	-0.1563	0.0952	1.0010	-5.9204	0.9155	-3.4180	6.6797	11.4368	34.4916	47.8800	484	440	-216	100808	0.43 
631.841	2015-01-01 00:20:21.840	-0.1655	0.0903	1.0127	-6.4087	-1.5259	-3.2349	6.3885	11.3873	34.6069	47.8800	482	442	-215	100808	0.43 
631.888	2015-01-01 00:20:21.880	-0.1401	0.0718	0.9980	-6.4087	-2.0752	-3.6621	6.0480	11.2555	34.6893	47.8800	484	440	-214	100808	0.43 
631.903	2015-01-01 00:20:21.920	-0.1411	0.0894	1.0034	-4.8828	-1.7090	-1.2207	5.7953	11.1182	34.8376	47.6400	485	440	-213	100808	0.43 
631.950	2015-01-01 00:20:21.960	-0.1162	0.0664	0.9775	-3.1128	0.0000	-2.0752	5.6195	10.9808	35.0079	47.7800	484	440	-213	100808	0.43 
631.997	2015-01-01 00:20:22.000	-0.1240	0.0981	1.0225	-1.9531	3.1128	1.7700	5.5151	10.9808	35.2551	47.8800	483	444	-212	100808	0.43 
632.044	2015-01-01 00:20:22.040	-0.1299	0.0791	1.0093	-1.6479	0.1831	1.8921	5.4602	10.9589	35.5627	47.9300	483	445	-212	100808	0.43 
632.091	2015-01-01 00:20:22.080	-0.1099	0.0532	1.0122	-1.0376	2.3804	3.1738	5.4053	10.8929	35.9253	47.8800	482	445	-212	100808	0.43 
632.122	2015-01-01 00:20:22.120	-0.1211	0.0747	1.0039	-0.2441	1.6479	-3.1128	5.3394	10.8765	36.1121	47.9800	483	443	-213	100808	0.43 
632.200	2015-01-01 00:20:22.160	-0.1021	0.1006	1.0054	0.0000	1.2817	0.0610	5.3229	10.8215	36.2604	47.7800	484	444	-214	100808	0.43 
632.216	2015-01-01 00:20:22.200	-0.1328	0.0679	1.0103	1.5259	4.8828	0.4272	5.3394	10.8545	36.4966	47.8800	486	444	-215	100808	0.43 
632.278	2015-01-01 00:20:22.240	-0.1304	0.0703	1.0278	1.4648	3.1128	-0.3662	5.3778	10.9094	36.7328	47.9300	485	444	-214	100808	0.43 
632.278	2015-01-01 00:20:22.280	-0.1289	0.0967	0.9888	-0.1221	5.1880	-5.2490	5.3888	10.9808	36.8097	47.5400	483	445	-213	100808	0.43 
632.325	2015-01-01 00:20:22.320	-0.1240	0.0918	0.9893	-0.9155	5.8594	-1.8921	5.3558	11.1017	36.8701	47.5900	483	445	-212	100808	0.43 
632.372	2015-01-01 00:20:22.360	-0.1431	0.0947	1.0005	0.4272	4.2114	0.0000	5.3613	11.2445	37.0514	47.6400	485	442	-216	100808	0.43 
632.403	2015-01-01 00:20:22.400	-0.1470	0.0894	1.0005	0.1221	3.9673	-1.5259	5.3613	11.3269	37.2217	47.8800	487	444	-217	100808	0.43 
632.450	2015-01-01 00:20:22.440	-0.1484	0.0972	1.0078	0.0610	2.8076	-1.0986	5.3558	11.3983	37.3370	47.7400	486	445	-217	100808	0.43 
632.513	2015-01-01 00:20:22.480	-0.1519	0.0942	1.0093	-0.8545	1.9531	-0.1831	5.3448	11.4203	37.4963	47.5900	486	446	-217	100808	0.43 
632.545	2015-01-01 00:20:22.520	-0.1465	0.0918	1.0073	-1.3428	-1.1597	-1.6479	5.2954	11.3654	37.6117	47.8800	486	446	-220	100808	0.43 
632.576	2015-01-01 00:20:22.560	-0.1572	0.0947	1.0083	-1.5869	-1.9531	-0.7935	5.2350	11.2390	37.7271	47.5900	488	444	-217	100808	0.43 
632.653	2015-01-01 00:20:22.600	-0.1597	0.0962	0.9971	-2.9297	-3.5400	0.1221	5.1526	11.0852	37.8644	47.7800	483	440	-213	100808	0.43 
632.701	2015-01-01 00:20:22.640	-0.1538	0.0908	1.0273	-3.6621	-6.1035	0.2441	5.0262	10.8435	38.0347	47.7800	482	438	-211	100808	0.43 
632.701	2015-01-01 00:20:22.680	-0.1450	0.0742	1.0181	-5.1880	-8.9111	0.6104	4.8395	10.4645	38.1940	47.8800	483	439	-212	100808	0.43 
632.732	2015-01-01 00:20:22.720	-0.1401	0.1016	1.0220	-6.1646	-12.5732	-3.7842	4.5923	9.9811	38.2489	47.8800	483	441	-215	100808	0.43 
632.794	2015-01-01 00:20:22.760	-0.1157	0.0986	1.0200	-7.0190	-15.4419	-2.0142	4.3396	9.3713	38.2379	47.5900	484	438	-219	100807	0.43 
632.810	2015-01-01 00:20:22.800	-0.1030	0.0747	1.0161	-7.7515	-19.6533	-2.0752	4.0375	8.5638	38.2928	47.7400	484	437	-221	100807	0.43 
632.888	2015-01-01 00:20:22.840	-0.1006	0.0596	1.0288	-8.4229	-20.8740	-4.1504	3.6694	7.7069	38.2654	47.8800	481	441	-222	100807	0.43 
632.920	2015-01-01 00:20:22.880	-0.0991	0.1221	1.0161	-7.7515	-26.6724	3.3569	3.3948	6.6852	38.3533	47.9300	476	447	-220	100807	0.43 
632.950	2015-01-01 00:20:22.920	-0.0859	0.0796	1.0332	-11.2305	-32.2266	7.2021	3.1091	5.4877	38.6774	47.8800	475	446	-220	100807	0.43 
632.997	2015-01-01 00:20:22.960	-0.0518	0.0156	1.0220	-15.0146	-38.1470	1.8921	2.5653	4.0320	38.9355	47.9300	472	446	-222	100807	0.43 
633.029	2015-01-01 00:20:23.000	-0.0234	0.0342	1.0200	-17.1509	-42.2363	-2.0142	1.8787	2.3950	39.0179	47.9800	468	446	-221	100807	0.43 
633.091	2015-01-01 00:20:23.040	0.0049	0.0361	1.0063	-17.9443	-50.1099	-0.7935	1.1975	0.5109	39.0674	47.9300	467	447	-219	100807	0.43 
633.107	2015-01-01 00:20:23.080	0.0337	0.0205	1.0029	-19.7144	-54.6265	-0.1831	0.4504	-1.6040	39.2157	47.7800	465	451	-221	100807	0.43 
633.154	2015-01-01 00:20:23.120	0.0938	0.0376	1.0073	-21.4844	-63.4766	-2.4414	-0.3131	-3.9880	39.2871	47.7800	465	453	-222	100807	0.43 
633.200	2015-01-01 00:20:23.160	0.1577	0.0420	0.9795	-22.7661	-63.6597	3.7231	-1.0931	-6.6193	39.5123	47.9300	457	453	-223	100807	0.43 
633.232	2015-01-01 00:20:23.200	0.1953	-0.0078	0.9307	-25.5737	-67.9321	3.1738	-2.0544	-9.3274	39.9518	47.8800	446	457	-224	100807	0.43 
633.295	2015-01-01 00:20:23.240	0.1172	-0.0479	0.9897	-27.8320	-87.7075	-5.0049	-3.1146	-12.3706	40.2319	47.6400	442	458	-225	100807	0.43 
633.326	2015-01-01 00:20:23.280	0.3145	-0.1650	0.8433	-32.9590	-111.7554	-55.4810	-4.1913	-16.5289	39.4409	47.8800	440	458	-226	100806	0.43 
633.357	2015-01-01 00:20:23.320	0.5586	-0.2334	0.7524	-5.0659	-81.7261	-17.8223	-4.6472	-20.8740	38.1940	47.8800	424	462	-226	100806	0.43 
633.420	2015-01-01 00:20:23.360	0.4487	0.1274	0.9990	-15.4419	-60.3638	36.4380	-5.3668	-23.5986	39.5618	47.6400	405	465	-225	100806	0.43 
633.466	2015-01-01 00:20:23.400	0.4072	-0.0996	0.9692	-29.9683	-85.5103	13.6719	-6.6852	-26.2354	40.8527	47.7400	398	463	-223	100806	0.43 
633.513	2015-01-01 00:20:23.440	0.5820	-0.1641	0.7603	-24.3530	-94.2383	25.6348	-8.5199	-29.9707	42.5446	47.5900	396	462	-222	100806	0.43 
633.513	2015-01-01 00:20:23.480	0.4902	-0.0996	0.8887	-31.1890	-94.2383	-3.5400	-10.1953	-33.5358	43.7805	47.6400	386	468	-217	100806	0.43 
633.575	2015-01-01 00:20:23.520	1.0430	-0.1714	0.5996	-38.3911	-97.9614	6.7749	-12.1069	-37.6996	44.7748	47.8800	379	473	-213	100806	0.43 
633.622	2015-01-01 00:20:23.560	0.5439	-0.0137	0.6045	-38.0859	-89.6606	31.7383	-14.8535	-41.3031	46.9720	47.6400	368	477	-208	100806	0.43 
633.669	2015-01-01 00:20:23.600	0.7681	-0.1938	0.5942	-23.3154	-89.2944	39.3066	-18.1549	-44.5660	50.2020	47.7400	362	481	-202	100807	0.43 
633.701	2015-01-01 00:20:23.640	0.6348	-0.1968	0.5635	-35.7666	-106.9336	27.9541	-21.8243	-47.8564	53.7616	47.7800	359	482	-196	100806	0.43 
633.764	2015-01-01 00:20:23.680	0.8125	-0.5254	0.2100	-32.8369	-111.5723	21.3623	-26.7133	-51.4984	58.0682	47.8800	360	483	-195	100806	0.43 
633.795	2015-01-01 00:20:23.720	0.8687	-0.3872	0.4829	-36.2549	-110.2905	8.9111	-31.8933	-55.0690	62.7374	47.9300	361	485	-195	100807	0.43 
633.826	2015-01-01 00:20:23.760	0.9570	-0.4541	0.0640	-43.1519	-113.0981	-17.4561	-37.9633	-58.9417	67.7966	47.9300	353	491	-182	100807	0.43 
633.919	2015-01-01 00:20:23.800	1.2603	-0.4409	-0.0591	-35.4614	-92.6514	-39.3066	-43.4839	-63.0670	71.8890	47.8800	347	494	-171	100806	0.43 
633.919	2015-01-01 00:20:23.840	1.1641	-0.4600	-0.2983	-12.3901	-18.8599	-43.7012	-46.3074	-66.3409	73.3887	47.7800	343	494	-163	100806	0.43 
633.950	2015-01-01 00:20:23.880	1.0361	-0.2290	0.0298	7.0190	17.4561	-12.9395	-45.1813	-67.1704	71.7902	47.8800	340	494	-159	100806	0.43 
633.997	2015-01-01 00:20:23.920	0.9805	-0.3003	0.0908	12.3901	29.6631	7.3853	-43.4619	-66.9012	70.0543	47.7400	332	493	-156	100806	0.43 
634.044	2015-01-01 00:20:23.960	0.9102	-0.3096	0.2144	7.4463	30.2734	0.2441	-41.9952	-65.8960	68.6755	47.9300	330	494	-154	100806	0.43 
634.107	2015-01-01 00:20:24.000	0.8901	-0.3130	0.2383	5.4932	27.7710	-5.2490	-40.0507	-65.1599	66.6101	47.7800	329	494	-153	100806	0.43 
634.139	2015-01-01 00:20:24.040	0.8579	-0.2456	0.2720	-0.1221	19.5923	-11.2305	-38.3203	-64.7040	64.6545	47.8800	328	494	-154	100806	0.43 
634.170	2015-01-01 00:20:24.080	0.8813	-0.2769	0.2505	-0.0610	13.0005	-10.0098	-37.0569	-64.5667	63.0945	47.7800	329	494	-156	100807	0.43 
634.216	2015-01-01 00:20:24.120	0.8828	-0.2393	0.2974	-0.1221	7.8735	-8.8501	-36.0187	-64.5062	61.8256	47.6400	328	493	-159	100806	0.43 
634.279	2015-01-01 00:20:24.160	0.9136	-0.2480	0.2700	2.1362	2.9907	-10.2539	-35.3650	-64.6381	61.0510	47.7800	328	493	-158	100806	0.43 
634.310	2015-01-01 00:20:24.200	0.9575	-0.2759	0.3389	4.8828	-2.2583	-8.8501	-34.7168	-64.9017	60.4083	47.7800	328	489	-159	100807	0.43 
634.373	2015-01-01 00:20:24.240	0.9707	-0.1963	0.1978	3.5400	0.9155	-12.9395	-33.8544	-65.4291	59.5184	47.9300	326	489	-162	100807	0.43 
634.404	2015-01-01 00:20:24.280	0.9067	-0.2090	0.2642	-0.0610	0.5493	-8.9722	-33.1842	-65.6763	58.7988	47.7400	324	489	-163	100806	0.43 
634.435	2015-01-01 00:20:24.320	0.9375	-0.1841	0.2729	-3.2349	3.9673	-2.5635	-32.8162	-65.8685	58.2166	48.1200	325	490	-164	100807	0.43 
634.482	2015-01-01 00:20:24.360	0.9414	-0.2329	0.1626	-4.3335	3.1128	-4.3335	-32.7777	-66.0443	57.9089	47.8800	325	489	-161	100807	0.43 
634.545	2015-01-01 00:20:24.400	0.8887	-0.2642	0.2520	-3.8452	1.4648	-0.3052	-32.8821	-66.0004	57.7496	47.8800	323	487	-156	100807	0.43 
634.576	2015-01-01 00:20:24.440	0.9814	-0.2949	0.2437	-2.5024	10.1318	-1.5259	-33.1732	-66.0059	57.7716	47.8800	322	486	-153	100807	0.43 
634.607	2015-01-01 00:20:24.480	0.9448	-0.2266	0.2524	-3.1738	3.0518	0.0610	-33.1403	-65.8795	57.5079	47.7400	321	489	-154	100807	0.43 
634.685	2015-01-01 00:20:24.520	0.9155	-0.2163	0.2700	-1.7090	6.7139	-0.3662	-33.1348	-65.7642	57.3157	47.8800	321	491	-156	100807	0.43 
634.732	2015-01-01 00:20:24.560	0.9258	-0.2441	0.2046	-0.3662	1.4038	-3.2349	-33.1512	-65.8466	57.2003	47.8800	321	492	-156	100807	0.43 
634.732	2015-01-01 00:20:24.600	0.9395	-0.2729	0.2280	1.6479	3.3569	-0.9766	-33.1238	-65.8740	57.0959	47.8800	323	491	-158	100807	0.43 
634.795	2015-01-01 00:20:24.640	0.9468	-0.2690	0.2275	1.7090	3.5400	-0.7324	-33.2227	-65.9070	57.1838	47.7400	324	489	-158	100807	0.43 
634.826	2015-01-01 00:20:24.680	0.9355	-0.2456	0.2617	2.7466	3.2959	1.0986	-33.2336	-65.8685	57.2113	47.6400	324	490	-159	100807	0.43 
634.857	2015-01-01 00:20:24.720	0.8926	-0.2783	0.2705	1.8311	-3.5400	-1.8311	-33.3215	-65.8905	57.3596	47.8800	323	490	-158	100807	0.43 
634.920	2015-01-01 00:20:24.760	0.9458	-0.2480	0.2583	0.3052	0.7324	-1.9531	-33.3490	-66.0608	57.3596	47.7400	324	489	-160	100807	0.43 
634.966	2015-01-01 00:20:24.800	0.9482	-0.2456	0.2422	-1.2207	2.2583	-2.0142	-33.4259	-66.1487	57.3431	47.7400	325	487	-164	100807	0.43 
635.013	2015-01-01 00:20:24.840	0.9404	-0.2227	0.2358	-1.5259	3.1738	-2.9297	-33.3380	-66.2146	57.1454	47.8800	325	485	-168	100807	0.43 
635.044	2015-01-01 00:20:24.880	0.9385	-0.2417	0.2412	-1.1597	3.4790	-0.3662	-33.3270	-66.2311	57.0245	47.7800	325	487	-165	100807	0.43 
635.091	2015-01-01 00:20:24.920	0.9385	-0.2495	0.2510	-0.8545	3.6621	-0.4272	-33.3765	-66.2146	56.9806	47.5400	326	488	-163	100807	0.43 
635.154	2015-01-01 00:20:24.960	0.9263	-0.2734	0.2471	-0.1831	2.3804	0.0000	-33.5413	-66.2091	57.0795	47.5900	330	487	-159	100807	0.43 
635.186	2015-01-01 00:20:25.000	0.9370	-0.2813	0.2441	0.7935	4.1504	-0.8545	-33.7006	-66.1816	57.1893	48.0700	331	487	-159	100807	0.43 
635.217	2015-01-01 00:20:25.040	0.9243	-0.2813	0.2461	0.9155	2.5024	-1.7090	-33.7170	-66.1487	57.1783	47.8800	328	490	-162	100807	0.43 
635.294	2015-01-01 00:20:25.080	0.9233	-0.2739	0.2417	0.0610	2.5024	-1.7090	-33.7610	-66.1707	57.1729	47.7400	328	492	-161	100807	0.43 
635.342	2015-01-01 00:20:25.120	0.9448	-0.2588	0.2505	-0.0610	5.4932	-3.7842	-33.6456	-66.1652	56.9641	47.8800	328	493	-160	100807	0.43 
635.342	2015-01-01 00:20:25.160	0.9395	-0.2446	0.2554	-0.4272	4.3945	-2.1362	-33.4314	-66.1652	56.6620	47.6400	327	491	-160	100807	0.43 
635.388	2015-01-01 00:20:25.200	0.9277	-0.2515	0.2588	0.0000	3.7842	-2.6245	-33.2996	-66.1487	56.4532	47.7400	326	489	-160	100807	0.43 
635.435	2015-01-01 00:20:25.240	0.9468	-0.2852	0.2759	-1.2207	-1.2817	-0.4883	-33.4094	-66.1871	56.5192	47.5900	327	492	-161	100807	0.43 
635.467	2015-01-01 00:20:25.280	1.0225	-0.2827	0.3267	-7.4463	18.6768	-20.5078	-32.4316	-66.1597	55.1843	47.8800	327	489	-162	100807	0.43 
635.529	2015-01-01 00:20:25.320	0.7842	-0.1973	0.2437	-3.4790	-18.0054	18.9209	-32.4316	-66.2256	55.0140	47.5900	326	491	-163	100807	0.43 
635.560	2015-01-01 00:20:25.360	0.9482	-0.2622	0.1807	-4.0894	-13.2446	-6.1646	-34.1290	-66.7200	56.5027	47.7400	323	492	-162	100807	0.43 
635.592	2015-01-01 00:20:25.400	0.9287	-0.2412	0.2378	0.0000	-2.6855	-0.0610	-34.5300	-67.0386	56.8817	47.7800	322	492	-162	100807	0.43 
635.654	2015-01-01 00:20:25.440	0.8818	-0.2402	0.2622	3.2349	-9.7656	1.9531	-34.9805	-67.2693	57.4200	47.8800	323	490	-161	100807	0.43 
635.733	2015-01-01 00:20:25.480	0.8486	-0.4731	0.3057	-7.0801	-12.2070	-12.5732	-36.1395	-67.6373	58.4967	47.6400	324	490	-157	100807	0.43 
635.764	2015-01-01 00:20:25.520	0.9609	0.0068	0.1797	-8.1177	-2.0142	-2.7466	-36.0242	-68.2306	57.9144	47.8800	325	490	-154	100807	0.43 
635.795	2015-01-01 00:20:25.560	0.7373	-0.1313	0.3599	-7.8125	-24.5361	23.6816	-37.6831	-68.4174	59.5074	47.7800	323	489	-154	100807	0.43 
635.826	2015-01-01 00:20:25.600	0.8813	-0.3989	0.1455	3.7231	-47.3022	25.6348	-42.6984	-68.8513	64.7205	47.9300	327	490	-152	100807	0.43 
635.904	2015-01-01 00:20:25.640	1.0972	-0.4922	-0.1650	11.5356	-4.5166	24.2310	-47.6257	-68.9777	70.1202	47.7800	327	492	-155	100807	0.43 
635.951	2015-01-01 00:20:25.680	0.9956	-0.5000	-0.0010	18.7988	35.0952	7.3853	-47.7411	-68.0164	70.6036	47.9300	328	492	-156	100807	0.43 
635.951	2015-01-01 00:20:25.720	0.9775	-0.5186	-0.0010	28.8086	56.2134	-2.5635	-44.6869	-66.6925	67.9999	47.7400	330	495	-156	100807	0.43 
635.998	2015-01-01 00:20:25.760	0.9971	-0.4155	0.2031	35.2173	71.5332	-5.3711	-40.0342	-64.9072	64.1107	47.7400	335	494	-161	100807	0.43 
636.044	2015-01-01 00:20:25.800	1.0210	-0.3608	0.1997	31.0059	70.7397	-14.3433	-34.8267	-63.0835	59.6558	47.5400	337	493	-164	100807	0.43 
636.076	2015-01-01 00:20:25.840	0.9146	-0.2578	0.5347	30.5786	62.6831	-19.8364	-29.7235	-61.1499	55.1569	47.9300	339	493	-168	100807	0.43 
636.139	2015-01-01 00:20:25.880	0.9609	-0.1729	0.3257	33.8135	63.5986	-11.7188	-25.4828	-59.3811	51.8005	47.7800	340	489	-179	100807	0.43 
636.170	2015-01-01 00:20:25.920	0.9150	-0.1128	0.4131	40.5273	77.5146	-19.0430	-20.9454	-57.1454	48.3014	47.6400	344	490	-182	100808	0.43 
636.201	2015-01-01 00:20:25.960	0.8716	-0.1475	0.4668	35.7056	88.3179	-8.7891	-17.0618	-54.1241	45.6097	47.5900	345	490	-185	100808	0.43 
636.263	2015-01-01 00:20:26.000	0.8701	-0.2529	0.6089	32.7759	99.4263	-8.2397	-14.0680	-50.6909	43.5059	47.5900	350	484	-192	100808	0.43 
636.310	2015-01-01 00:20:26.040	0.8730	-0.2891	0.4419	35.6445	105.2246	-25.0854	-11.3434	-47.1368	41.5723	47.7400	356	480	-202	100808	0.43 
636.342	2015-01-01 00:20:26.080	0.7808	-0.0688	0.6509	34.3018	119.3848	-31.4331	-8.0475	-43.0719	38.9740	47.7400	358	478	-208	100808	0.43 
636.404	2015-01-01 00:20:26.120	0.6392	-0.1162	0.7959	34.0576	120.0562	-26.0620	-5.3284	-38.4576	36.9415	47.8800	364	475	-213	100808	0.43 
636.436	2015-01-01 00:20:26.160	0.6323	-0.1084	0.8521	35.7666	114.7461	-15.8691	-3.1256	-33.9862	35.7495	47.7400	374	469	-217	100807	0.43 
636.466	2015-01-01 00:20:26.200	0.4517	-0.0659	0.8838	27.8320	103.0884	-8.4839	-1.5161	-29.6960	35.2606	47.7400	377	468	-219	100807	0.43 
636.513	2015-01-01 00:20:26.240	0.3843	-0.1001	0.8774	22.3389	94.2383	-14.5264	-0.3900	-25.7190	34.9036	47.9300	381	467	-222	100807	0.43 
636.576	2015-01-01 00:20:26.280	0.3486	-0.0493	0.8701	19.8975	93.6279	-17.3340	0.5988	-21.9397	34.4751	47.7400	399	463	-226	100807	0.43 
636.608	2015-01-01 00:20:26.320	0.2861	0.0229	0.9087	18.4937	95.2759	-23.1323	1.5710	-18.1824	33.9642	47.5900	411	459	-228	100807	0.43 
636.639	2015-01-01 00:20:26.360	0.2373	0.0317	0.9111	16.3574	84.0454	-23.0713	2.4884	-14.5734	33.3490	47.6400	421	454	-230	100807	0.43 
636.716	2015-01-01 00:20:26.400	0.1924	0.0190	0.9272	12.8784	82.3364	-16.2354	3.1696	-11.2170	33.0688	47.8800	428	451	-229	100807	0.43 
636.748	2015-01-01 00:20:26.440	0.0840	0.0073	0.9873	12.4512	78.1860	-11.1084	3.6914	-7.9431	33.0084	47.7400	437	450	-229	100807	0.43 
636.763	2015-01-01 00:20:26.480	0.0151	0.0303	1.0249	9.0942	68.0542	-10.5591	4.0649	-4.9438	33.0579	47.8800	445	450	-228	100807	0.43 
636.810	2015-01-01 00:20:26.520	-0.0864	0.0957	1.0273	6.2256	40.1001	-4.7607	4.3616	-2.6477	33.1677	47.7400	449	449	-227	100807	0.43 
636.841	2015-01-01 00:20:26.560	0.0010	0.0654	0.9038	-1.0986	36.3770	13.8550	4.4055	-1.2195	33.7555	47.7800	455	447	-226	100807	0.43 
636.920	2015-01-01 00:20:26.600	-0.0693	0.0488	1.1060	9.9487	33.3862	8.4229	4.5264	0.3845	34.5355	47.8800	461	447	-226	100806	0.43 
636.951	2015-01-01 00:20:26.640	-0.0513	0.0869	0.9487	14.7095	39.1846	-6.4087	5.0702	1.8347	34.9091	47.7400	465	448	-227	100806	0.43 
636.983	2015-01-01 00:20:26.680	-0.1523	0.0986	1.0146	10.1929	33.3862	-6.1035	5.5536	3.3563	34.9585	47.7400	471	447	-225	100806	0.43 
637.014	2015-01-01 00:20:26.720	-0.1514	0.1040	1.0415	9.7046	27.8320	-0.0610	5.9271	4.7131	35.1453	47.6400	475	446	-223	100806	0.43 
637.045	2015-01-01 00:20:26.760	-0.1216	0.0732	0.9966	2.9907	23.6206	1.7090	6.1743	5.6909	35.5353	47.6400	477	442	-219	100806	0.43 
637.091	2015-01-01 00:20:26.800	-0.0933	0.0547	1.0190	1.6479	23.8647	-1.0986	6.1908	6.6302	35.8649	47.6400	478	440	-217	100806	0.43 
637.155	2015-01-01 00:20:26.840	-0.1792	0.0864	1.0405	3.1738	19.7144	1.2817	6.2622	7.5037	36.1615	47.7400	481	441	-216	100806	0.43 
637.186	2015-01-01 00:20:26.880	-0.1436	0.1006	0.9893	1.2207	13.7329	1.6479	6.3556	8.1683	36.5021	47.5900	485	439	-217	100806	0.43 
637.216	2015-01-01 00:20:26.920	-0.1191	0.0830	1.0283	1.6479	16.3574	0.9155	6.4050	8.7231	36.8042	47.7400	486	440	-217	100806	0.43 
637.263	2015-01-01 00:20:26.960	-0.1245	0.0820	1.0361	0.0000	7.5073	-2.0752	6.3885	9.1461	37.0404	47.6400	492	440	-216	100806	0.43 
637.295	2015-01-01 00:20:27.000	-0.1182	0.0962	1.0020	-0.1831	5.5542	-1.6479	6.3556	9.3329	37.1887	47.7400	494	440	-215	100806	0.43 
637.357	2015-01-01 00:20:27.040	-0.1548	0.1035	1.0190	-0.4272	3.7842	-1.5869	6.3226	9.5032	37.3425	47.7800	493	437	-218	100806	0.43 
637.389	2015-01-01 00:20:27.080	-0.1328	0.0894	1.0073	-0.6714	3.2349	-0.5493	6.2842	9.6021	37.5128	48.1200	491	435	-221	100806	0.43 
637.420	2015-01-01 00:20:27.120	-0.1235	0.0806	1.0161	-1.0376	4.0894	-0.0610	6.2183	9.6844	37.7216	47.7800	493	436	-220	100806	0.43 
637.451	2015-01-01 00:20:27.160	-0.1348	0.0825	1.0088	-1.0986	4.3335	-0.6714	6.1414	9.7723	37.9248	47.7400	495	437	-217	100806	0.43 
637.529	2015-01-01 00:20:27.200	-0.1250	0.0869	1.0083	-1.4648	4.2114	-3.0518	6.0480	9.8932	38.0402	47.7800	495	433	-217	100806	0.43 
637.560	2015-01-01 00:20:27.240	-0.1255	0.0718	1.0068	0.3662	6.0425	-5.4932	5.9766	10.0360	38.0951	47.5400	496	430	-217	100805	0.43 
637.576	2015-01-01 00:20:27.280	-0.1470	0.0806	1.0225	-1.2207	3.2349	-8.2397	5.8502	10.1898	38.0237	47.7800	494	432	-216	100805	0.43 
637.623	2015-01-01 00:20:27.320	-0.1426	0.0991	1.0210	-1.5259	-0.6104	-5.4321	5.7404	10.1898	37.9193	47.7800	494	434	-213	100805	0.43 
637.655	2015-01-01 00:20:27.360	-0.1279	0.1045	1.0200	-3.3569	-5.0659	-0.3662	5.6195	9.9921	38.0127	47.7400	497	438	-213	100805	0.43 
637.732	2015-01-01 00:20:27.400	-0.1270	0.0903	1.0112	-3.6621	-5.2490	-0.5493	5.4822	9.7009	38.1665	47.7800	498	439	-213	100805	0.43 
637.780	2015-01-01 00:20:27.440	-0.1479	0.0903	1.0317	-4.1504	-10.3760	-0.2441	5.3119	9.3604	38.2983	47.7400	497	439	-212	100805	0.43 
637.811	2015-01-01 00:20:27.480	-0.1328	0.0752	1.0635	-6.4697	-21.9727	4.4556	5.0977	8.6682	38.5071	47.8800	494	438	-213	100805	0.43 
637.842	2015-01-01 00:20:27.520	-0.1143	0.0605	0.9438	-5.7983	-24.4141	2.8076	4.8230	7.5366	38.7653	47.7800	489	440	-215	100805	0.43 
637.873	2015-01-01 00:20:27.560	-0.0679	0.0439	1.0054	-2.9907	-16.9067	-2.0142	4.6362	6.8005	38.8422	47.7800	487	439	-218	100805	0.43 
637.951	2015-01-01 00:20:27.600	-0.0615	0.0493	1.0376	-2.7466	-17.7612	1.5869	4.4659	6.0425	38.9960	47.7400	486	440	-218	100805	0.43 
637.998	2015-01-01 00:20:27.640	-0.0220	0.0625	1.0098	-2.0142	-17.3950	-0.1831	4.3451	5.2570	39.1388	47.7400	486	440	-220	100805	0.43 
637.998	2015-01-01 00:20:27.680	0.0015	0.0425	0.9834	-0.9766	-14.8926	-1.7090	4.2572	4.4824	39.2267	47.8800	486	438	-219	100805	0.43 
638.029	2015-01-01 00:20:27.720	0.0103	0.0635	1.0498	-2.0142	-12.2070	-1.8921	4.1583	3.8892	39.3475	47.7400	486	437	-218	100805	0.43 
638.076	2015-01-01 00:20:27.760	0.0000	0.0933	1.0161	-1.9531	-16.9678	-2.9907	4.0979	3.2080	39.3420	47.7400	482	439	-219	100805	0.43 
638.107	2015-01-01 00:20:27.800	0.0225	0.0713	1.0005	-3.4180	-17.2729	0.1831	3.9990	2.4500	39.4299	47.5900	478	438	-221	100805	0.43 
638.185	2015-01-01 00:20:27.840	0.0171	0.0674	1.0205	-3.7842	-14.8926	-0.3052	3.8507	1.7303	39.5618	47.5900	474	435	-224	100804	0.43 
638.201	2015-01-01 00:20:27.880	0.0093	0.0615	1.0234	-4.0283	-18.2495	-2.6855	3.6859	1.0272	39.6222	47.5900	472	434	-226	100804	0.43 
638.248	2015-01-01 00:20:27.920	0.0566	0.0586	1.0005	-5.4321	-18.7378	-2.3193	3.4827	0.1978	39.6442	47.8800	470	438	-225	100805	0.43 
638.295	2015-01-01 00:20:27.960	0.0669	0.0366	1.0205	-6.1035	-21.1792	-3.1128	3.2355	-0.6757	39.6991	47.7800	466	440	-229	100805	0.43 
638.326	2015-01-01 00:20:28.000	0.0947	0.0347	1.0112	-8.4839	-22.0947	-6.4697	2.9004	-1.6315	39.6222	47.9300	465	440	-230	100805	0.43 
638.389	2015-01-01 00:20:28.040	0.0767	0.1021	1.0239	-9.3994	-24.4141	-1.8921	2.5983	-2.6038	39.5673	47.6400	463	442	-229	100804	0.43 
638.420	2015-01-01 00:20:28.080	0.1167	0.0591	0.9883	-9.5825	-24.6582	-1.2817	2.2632	-3.6475	39.6277	47.7400	464	445	-229	100805	0.43 
638.452	2015-01-01 00:20:28.120	0.1211	0.0171	1.0293	-10.6812	-27.8931	-0.2441	1.8732	-4.7681	39.7430	47.7400	459	446	-225	100805	0.43 
638.498	2015-01-01 00:20:28.160	0.1294	0.0220	1.0000	-11.8408	-34.1797	-3.1128	1.4172	-6.0590	39.7925	47.4500	455	449	-227	100805	0.43 
638.529	2015-01-01 00:20:28.200	0.1606	0.0347	0.9985	-13.1836	-36.6211	-1.4038	0.9393	-7.5366	39.8090	47.8800	449	447	-231	100804	0.43 
638.592	2015-01-01 00:20:28.240	0.1577	0.0181	0.9829	-14.2822	-40.6494	2.0752	0.4120	-9.0802	39.9518	47.8800	444	450	-230	100804	0.43 
638.623	2015-01-01 00:20:28.280	0.1855	0.0303	0.9658	-17.0288	-43.7012	4.4556	-0.1978	-10.8051	40.2100	47.5900	442	452	-230	100805	0.43 
638.654	2015-01-01 00:20:28.320	0.1836	-0.0068	0.9819	-21.6064	-50.9033	6.5918	-0.9943	-12.6617	40.6219	47.7400	438	450	-229	100805	0.43 
638.685	2015-01-01 00:20:28.360	0.2070	-0.0508	0.9688	-23.9258	-59.1431	-0.2441	-1.9775	-14.8315	40.9460	47.6400	434	452	-230	100805	0.43 
638.732	2015-01-01 00:20:28.400	0.2856	-0.0273	0.9419	-25.2075	-71.4722	-2.5024	-2.9828	-17.4188	41.1273	47.8800	426	456	-228	100805	0.43 
638.795	2015-01-01 00:20:28.440	0.3574	-0.0386	0.9653	-26.6724	-86.1816	-3.2349	-3.9825	-20.5554	41.3086	47.8800	423	457	-227	100805	0.43 
638.827	2015-01-01 00:20:28.480	0.5645	-0.0747	0.9429	-34.5459	-113.0371	16.7847	-5.4602	-24.7412	42.1600	47.7800	412	461	-227	100805	0.43 
638.889	2015-01-01 00:20:28.520	0.5430	-0.0977	0.7100	-32.5317	-95.5811	26.1841	-7.5256	-29.0479	43.8684	47.6400	408	460	-228	100805	0.43 
638.920	2015-01-01 00:20:28.560	0.4961	-0.1274	0.7646	-36.3159	-88.3789	11.4746	-9.7009	-32.5140	45.4944	47.7400	406	459	-228	100805	0.43 
638.967	2015-01-01 00:20:28.600	0.4507	-0.1411	0.7046	-26.3062	-80.5664	0.3662	-11.4752	-35.6342	46.5546	47.6400	398	463	-221	100805	0.43 
638.999	2015-01-01 00:20:28.640	0.6343	-0.1274	0.6787	-31.1279	-90.8813	1.4038	-13.0957	-39.1113	47.4719	47.8800	386	471	-216	100805	0.43 
639.030	2015-01-01 00:20:28.680	0.5889	-0.1909	0.8110	-38.8794	-95.0928	1.1597	-15.3204	-42.5995	48.9386	47.7800	376	472	-212	100805	0.43 
639.061	2015-01-01 00:20:28.720	0.5576	-0.2441	0.5718	-40.6494	-119.3237	-8.3618	-18.0780	-46.6809	50.3723	47.8800	365	476	-205	100805	0.43 
639.107	2015-01-01 00:20:28.760	0.9307	-0.1758	0.3042	-30.5786	-119.8120	-2.3804	-21.0773	-51.6742	52.5476	47.8800	358	479	-201	100805	0.43 
639.170	2015-01-01 00:20:28.800	0.8921	-0.2656	0.2856	-24.7192	-111.6333	12.0850	-25.3894	-56.4642	56.1566	47.7800	351	480	-191	100805	0.43 
639.217	2015-01-01 00:20:28.840	1.1309	-0.3975	0.2642	-36.4990	-122.9248	-15.3809	-30.6464	-60.9027	60.7269	47.6400	347	481	-187	100805	0.43 
639.248	2015-01-01 00:20:28.880	1.2056	-0.3657	-0.2466	-27.0996	-103.7598	-10.7422	-36.8042	-65.6708	65.7861	47.7400	335	485	-177	100805	0.43 
639.295	2015-01-01 00:20:28.920	1.2402	-0.3467	-0.2212	-17.3950	-49.4385	-28.7476	-42.3413	-68.7469	70.4059	47.5900	326	486	-165	100805	0.43 
639.342	2015-01-01 00:20:28.960	1.2441	-0.1284	-0.2720	0.3662	17.0288	-1.8311	-43.5168	-70.0708	70.8289	47.7800	322	487	-160	100806	0.43 
639.404	2015-01-01 00:20:29.000	0.9634	-0.1152	-0.0298	5.4321	50.9644	37.5977	-43.4674	-68.6810	70.5377	47.8800	319	488	-160	100805	0.43 
639.436	2015-01-01 00:20:29.040	0.8281	-0.4380	0.4834	0.3662	39.9780	16.4185	-41.7316	-66.5057	68.7030	47.5400	323	493	-159	100806	0.43 
639.467	2015-01-01 00:20:29.080	0.7847	-0.2393	0.1978	-3.3569	7.4463	-0.6714	-41.6656	-65.6158	68.5712	47.8800	325	495	-159	100805	0.43 
639.514	2015-01-01 00:20:29.120	0.9468	-0.3760	0.0752	-4.6387	23.0713	-5.1880	-41.2262	-65.6268	67.5879	47.8800	326	493	-161	100805	0.43 
639.545	2015-01-01 00:20:29.160	0.9312	-0.3618	0.3354	1.5259	26.3062	-2.8687	-39.8969	-64.8138	65.8630	47.8800	327	490	-162	100805	0.43 
639.624	2015-01-01 00:20:29.200	0.8374	-0.3975	0.2339	1.0986	8.7280	2.9907	-39.2926	-64.3195	65.1105	47.9300	329	491	-162	100805	0.43 
639.655	2015-01-01 00:20:29.240	0.8560	-0.4116	0.2769	1.6479	0.4272	-16.9678	-39.0564	-64.2590	64.7479	47.5400	331	491	-164	100806	0.43 
639.686	2015-01-01 00:20:29.280	0.9668	-0.2837	0.3276	1.8311	-0.9766	-26.3672	-37.7930	-64.8193	63.3032	47.7800	330	492	-163	100806	0.43 
639.717	2015-01-01 00:20:29.320	0.9907	-0.1743	0.1475	1.0376	2.6855	-14.7705	-36.3702	-65.6104	61.6937	47.5900	328	491	-165	100806	0.43 
639.764	2015-01-01 00:20:29.360	0.8701	-0.1270	0.3027	1.2207	1.2817	-6.8359	-35.6122	-65.7916	60.8917	47.5900	326	490	-166	100806	0.43 
639.795	2015-01-01 00:20:29.400	0.9595	-0.1665	0.1934	-0.8545	-4.4556	-9.2163	-34.9475	-66.3190	60.1337	47.8800	324	489	-165	100806	0.43 
639.857	2015-01-01 00:20:29.440	0.9663	-0.2358	0.2178	0.0000	2.3193	-1.5259	-34.8596	-66.5936	59.9139	47.7800	325	488	-168	100806	0.43 
639.905	2015-01-01 00:20:29.480	0.9443	-0.2622	0.2285	0.0610	1.7700	-1.4648	-34.9695	-66.6321	59.9359	47.7800	325	486	-168	100806	0.43 
639.967	2015-01-01 00:20:29.520	0.9175	-0.3013	0.2197	-0.4883	1.2817	-0.4883	-35.1672	-66.6650	60.0293	47.6400	325	485	-168	100806	0.43 
640.014	2015-01-01 00:20:29.560	0.9302	-0.3130	0.2256	-0.7935	3.3569	-2.2583	-35.3979	-66.6760	60.1172	47.6400	323	487	-166	100806	0.43 
640.061	2015-01-01 00:20:29.600	0.9409	-0.3110	0.1963	1.3428	3.0518	-6.2256	-35.3430	-66.7529	59.9414	47.7400	325	487	-169	100806	0.43 
640.092	2015-01-01 00:20:29.640	0.9004	-0.2827	0.2373	1.4648	3.3569	-6.7139	-34.9255	-66.8353	59.4635	47.7800	325	487	-170	100806	0.43 
640.107	2015-01-01 00:20:29.680	0.9487	-0.2480	0.1958	-2.6855	5.1880	-6.9580	-34.6564	-66.9836	59.0021	47.7800	325	487	-167	100806	0.43 
640.155	2015-01-01 00:20:29.720	0.9590	-0.2100	0.2397	-3.1128	4.7607	-3.8452	-34.2664	-67.0276	58.3923	47.5400	326	487	-166	100806	0.43 
640.232	2015-01-01 00:20:29.760	0.9438	-0.1948	0.2549	-1.0376	3.3569	-3.1128	-33.9862	-67.0825	57.9584	47.5900	326	487	-163	100806	0.43 
640.280	2015-01-01 00:20:29.800	0.9448	-0.2114	0.2319	-0.4272	1.6479	-1.4038	-33.8379	-67.1869	57.7222	47.5900	325	489	-164	100806	0.43 
640.280	2015-01-01 00:20:29.840	0.9404	-0.2402	0.2441	0.1831	0.6714	0.0610	-33.9752	-67.2473	57.8156	47.5900	322	488	-167	100806	0.43 
640.342	2015-01-01 00:20:29.880	0.9321	-0.2573	0.2251	0.4272	0.8545	3.6011	-34.3268	-67.2638	58.1616	47.7400	319	489	-171	100806	0.43 
640.373	2015-01-01 00:20:29.920	0.9321	-0.2529	0.2417	0.6714	3.6011	1.5869	-34.6674	-67.1594	58.4692	47.5400	319	489	-169	100806	0.43 
640.436	2015-01-01 00:20:29.960	0.9438	-0.2920	0.2202	-0.3662	0.9766	0.3662	-34.9915	-67.1704	58.7549	47.5400	321	486	-166	100806	0.43 
640.467	2015-01-01 00:20:30.000	0.9233	-0.2817	0.2422	-0.3662	3.2349	-4.0283	-34.9695	-67.1484	58.6450	47.4500	321	483	-168	100806	0.43 
640.499	2015-01-01 00:20:30.040	0.9390	-0.2627	0.2178	-0.4272	2.8076	-7.9956	-34.6893	-67.2913	58.2495	47.5900	322	485	-166	100806	0.43 
640.561	2015-01-01 00:20:30.080	0.9565	-0.2285	0.2349	-0.4272	2.5635	-5.6152	-34.2444	-67.4396	57.6947	47.9300	326	485	-165	100806	0.43 
640.576	2015-01-01 00:20:30.120	0.9517	-0.2241	0.2158	0.0000	2.9907	-3.5400	-34.0356	-67.5604	57.4036	47.7400	327	485	-162	100806	0.43 
640.639	2015-01-01 00:20:30.160	0.9409	-0.2490	0.2524	3.1128	2.9297	-7.8125	-33.6182	-67.6428	56.9531	47.7400	329	486	-164	100806	0.43 
640.671	2015-01-01 00:20:30.200	1.0024	-0.2129	0.1670	1.7090	-3.9673	-5.5542	-33.2611	-67.9834	56.6235	47.5400	325	487	-164	100806	0.43 
640.733	2015-01-01 00:20:30.240	0.8364	-0.2529	0.1909	2.6855	-15.9912	0.7935	-34.0192	-68.4283	57.5189	47.5400	324	488	-166	100806	0.43 
640.764	2015-01-01 00:20:30.280	0.9658	-0.2856	0.1914	-3.3569	-2.6245	-3.1128	-34.8871	-68.8019	58.2825	47.6400	325	488	-165	100806	0.43 
640.842	2015-01-01 00:20:30.320	0.9487	-0.2734	0.2554	-3.1738	-1.0986	-0.7324	-35.3760	-68.9063	58.5956	47.5400	323	488	-163	100806	0.43 
640.889	2015-01-01 00:20:30.360	0.9512	-0.2783	0.1504	3.5400	6.7749	9.8877	-35.9967	-68.8898	59.1888	47.4000	321	488	-166	100806	0.43 
640.889	2015-01-01 00:20:30.400	0.9189	-0.4033	0.2148	0.1831	14.2822	4.2114	-36.7987	-68.2361	60.0183	47.4000	322	488	-165	100806	0.43 
640.936	2015-01-01 00:20:30.440	0.7104	-0.1299	0.3594	-6.4087	-19.6533	-16.1743	-36.2329	-68.4229	59.2657	47.5400	321	489	-163	100805	0.43 
640.983	2015-01-01 00:20:30.480	0.9863	-0.2002	0.0806	-10.3760	-13.7329	-3.9673	-37.1613	-69.4006	59.7876	47.7800	321	490	-163	100805	0.43 
641.045	2015-01-01 00:20:30.520	1.0322	-0.0464	0.1558	-1.4648	-4.9438	16.1133	-38.4631	-69.7742	60.9082	47.5900	321	490	-163	100805	0.43 
641.079	2015-01-01 00:20:30.560	1.0059	-0.3145	0.1362	5.3711	6.2866	27.8931	-40.4956	-69.3402	63.0890	47.5400	322	490	-159	100805	0.43 
641.121	2015-01-01 00:20:30.600	1.0610	-0.1436	-0.0107	13.0615	11.1084	20.5078	-41.9183	-68.8293	64.8798	47.7400	331	491	-160	100805	0.43 
641.158	2015-01-01 00:20:30.640	0.9717	-0.3496	0.0693	15.0757	40.7715	29.3579	-42.1930	-67.4890	65.5389	47.4500	336	492	-160	100804	0.43 
641.205	2015-01-01 00:20:30.680	0.9238	-0.5410	0.1606	18.7988	48.4619	14.0381	-41.0834	-65.4895	64.8743	47.4500	336	491	-164	100804	0.43 
641.283	2015-01-01 00:20:30.720	0.8721	-0.5552	0.1714	20.5078	61.0352	-4.7607	-38.5400	-63.6273	62.7319	47.6400	340	493	-168	100804	0.43 
641.283	2015-01-01 00:20:30.760	0.8364	-0.6455	0.3032	18.8599	75.5005	-40.4663	-33.9313	-61.8915	58.1232	47.7800	342	493	-172	100804	0.43 
641.330	2015-01-01 00:20:30.800	0.9233	-0.2725	0.3989	23.9258	84.9609	-28.1372	-28.6249	-59.7656	53.0200	47.5400	342	491	-177	100804	0.43 
641.377	2015-01-01 00:20:30.840	1.0493	-0.2622	0.5132	24.5361	82.8247	-41.3818	-23.0109	-57.4365	47.6807	47.4500	345	489	-181	100804	0.43 
641.408	2015-01-01 00:20:30.880	0.7627	-0.0337	0.5073	26.0620	89.4165	-23.0713	-18.6658	-54.6515	43.7915	47.2600	348	487	-182	100804	0.43 
641.486	2015-01-01 00:20:30.920	0.8833	-0.1553	0.5205	24.4141	85.4492	-32.6538	-14.5349	-51.8170	40.1825	47.5900	349	485	-186	100804	0.43 
641.517	2015-01-01 00:20:30.960	0.7666	-0.1152	0.5532	29.2969	116.0889	-10.4370	-11.5027	-48.1696	37.7545	47.5900	349	478	-195	100804	0.43 
641.533	2015-01-01 00:20:31.000	0.6079	-0.1880	0.7046	17.4561	82.5806	-33.1421	-9.1351	-44.5221	35.9308	47.5900	350	473	-196	100804	0.43 
641.580	2015-01-01 00:20:31.040	0.7515	-0.1802	0.6499	21.3013	104.4922	-25.8179	-6.8445	-41.1493	33.7335	47.5900	353	471	-199	100804	0.43 
641.611	2015-01-01 00:20:31.080	0.6162	-0.0894	0.7783	24.7192	97.8394	-24.0479	-4.8615	-37.2382	32.2833	47.4000	364	471	-207	100804	0.43 
641.689	2015-01-01 00:20:31.120	0.7046	-0.1221	0.8955	28.6255	97.5952	-16.6016	-3.0707	-33.4808	31.3000	47.5900	372	466	-209	100804	0.43 
641.720	2015-01-01 00:20:31.160	0.4897	-0.1050	0.9995	25.8179	85.7544	-12.5732	-1.7249	-29.7949	30.9595	47.5900	376	464	-210	100804	0.43 
641.751	2015-01-01 00:20:31.200	0.5542	-0.0581	0.8799	23.8037	72.1436	-21.4233	-0.3955	-26.7847	30.3552	47.7400	383	462	-216	100804	0.43 
641.798	2015-01-01 00:20:31.240	0.4800	-0.1001	0.7593	31.7993	97.2900	-2.9907	0.8240	-23.5382	30.2454	47.5900	390	462	-222	100804	0.43 
641.861	2015-01-01 00:20:31.280	0.2329	-0.0254	0.7065	35.5835	87.0361	-0.5493	2.0654	-19.8523	30.7507	47.5400	399	460	-226	100804	0.43 
641.893	2015-01-01 00:20:31.320	0.2407	0.0161	0.8159	31.4941	83.9844	-7.2632	3.3563	-16.4960	30.9869	47.5900	408	457	-228	100804	0.43 
641.924	2015-01-01 00:20:31.360	0.1416	0.0356	0.9819	29.4800	76.0498	-9.7656	4.5538	-13.1561	31.2012	47.5400	418	455	-231	100804	0.43 
641.955	2015-01-01 00:20:31.400	0.1089	0.0957	1.0229	27.5269	70.3125	-6.2866	5.6580	-10.1019	31.4264	47.3500	423	453	-235	100803	0.43 
642.018	2015-01-01 00:20:31.440	0.0410	0.1475	1.0269	26.4282	63.7817	-3.3569	6.7346	-7.3718	31.7999	47.5900	428	451	-234	100803	0.43 
642.064	2015-01-01 00:20:31.480	0.0313	0.1953	1.0020	23.0103	52.5513	-2.9297	7.7454	-4.9438	32.2449	47.5400	438	444	-233	100803	0.43 
642.096	2015-01-01 00:20:31.520	-0.0200	0.1489	0.9868	23.2544	50.2319	2.8687	8.6627	-2.8510	32.7887	47.5900	444	441	-234	100803	0.43 
642.127	2015-01-01 00:20:31.560	0.0015	0.1436	0.9976	18.5547	38.6963	-0.9155	9.4592	-1.0272	33.2886	47.5400	447	440	-235	100803	0.43 
642.158	2015-01-01 00:20:31.600	-0.0659	0.1934	0.9990	15.0757	34.6680	0.0610	10.1294	0.4395	33.7720	47.5900	456	439	-235	100803	0.43 
642.205	2015-01-01 00:20:31.640	-0.0835	0.2085	1.0020	11.5967	28.9917	-1.2817	10.6622	1.7688	34.2169	47.5400	461	438	-234	100803	0.44 
642.236	2015-01-01 00:20:31.680	-0.0747	0.2212	1.0034	4.6997	26.0010	-7.4463	11.0138	2.9498	34.4421	47.4000	464	439	-234	100803	0.43 
642.298	2015-01-01 00:20:31.720	-0.0791	0.2007	1.0337	4.5166	22.4609	-0.5493	11.1676	3.9661	34.6454	47.5900	465	439	-234	100804	0.43 
642.330	2015-01-01 00:20:31.760	-0.0659	0.1812	1.0024	2.8076	15.6860	1.5259	11.3379	4.6472	35.0793	47.5400	471	432	-234	100803	0.43 
642.377	2015-01-01 00:20:31.800	-0.0566	0.1416	1.0000	0.3052	11.2915	-1.8311	11.3324	5.1471	35.3870	47.4500	476	430	-233	100804	0.43 
642.423	2015-01-01 00:20:31.840	-0.0776	0.1782	1.0068	-1.0376	13.3667	-3.5400	11.2775	5.5865	35.6177	47.5400	478	428	-232	100803	0.43 
642.470	2015-01-01 00:20:31.880	-0.0605	0.1792	1.0112	-1.2817	9.5215	-4.0894	11.2225	6.0150	35.7825	47.5900	479	429	-233	100804	0.43 
642.502	2015-01-01 00:20:31.920	-0.1011	0.1709	1.0020	-1.4648	5.6763	-1.4038	11.1127	6.2567	35.9473	47.5900	481	429	-232	100803	0.43 
642.533	2015-01-01 00:20:31.960	-0.0820	0.1719	1.0132	-1.0986	4.0283	-1.4648	11.0358	6.4545	36.1615	47.5400	482	428	-231	100803	0.43 
642.580	2015-01-01 00:20:32.000	-0.0537	0.1572	1.0059	-1.4648	2.6855	-4.0894	10.9314	6.5149	36.2878	47.4000	483	427	-231	100804	0.43 
642.611	2015-01-01 00:20:32.040	-0.0781	0.1689	1.0127	-0.2441	2.9907	-3.3569	10.8600	6.6028	36.4032	47.4000	483	425	-229	100804	0.43 
642.673	2015-01-01 00:20:32.080	-0.0498	0.1724	0.9883	-0.3052	3.2349	-3.4790	10.8105	6.6467	36.4966	47.5400	483	424	-231	100804	0.43 
642.705	2015-01-01 00:20:32.120	-0.0791	0.1816	1.0020	-0.1831	4.9438	0.3662	10.7941	6.7731	36.7053	47.4000	483	423	-233	100804	0.43 
642.737	2015-01-01 00:20:32.160	-0.0449	0.1587	0.9976	-0.4272	5.5542	-1.8921	10.7611	6.8994	36.9470	47.4000	482	424	-234	100804	0.43 
642.799	2015-01-01 00:20:32.200	-0.0659	0.1592	0.9966	-0.2441	6.8359	-2.2583	10.7117	7.0587	37.1008	47.5900	483	425	-230	100804	0.43 
642.830	2015-01-01 00:20:32.240	-0.0850	0.1782	1.0068	-0.6714	4.6387	-2.5635	10.6787	7.2565	37.2656	47.4500	485	424	-229	100804	0.43 
642.877	2015-01-01 00:20:32.280	-0.0742	0.1738	0.9941	-0.7324	4.8828	-3.4790	10.6238	7.3718	37.3810	47.4000	486	423	-229	100804	0.43 
642.908	2015-01-01 00:20:32.320	-0.0898	0.1753	0.9985	-1.5869	4.4556	-3.2959	10.5579	7.5201	37.4854	47.5400	486	424	-229	100804	0.43 
642.971	2015-01-01 00:20:32.360	-0.0645	0.1650	1.0005	-1.4648	3.4180	-3.4790	10.4700	7.6025	37.5732	47.4500	484	426	-232	100804	0.43 
643.002	2015-01-01 00:20:32.400	-0.0762	0.1724	0.9980	-0.7324	4.3945	-2.1362	10.3986	7.7014	37.6831	47.4500	484	427	-230	100804	0.43 
643.033	2015-01-01 00:20:32.440	-0.0669	0.1655	0.9995	-0.1221	4.1504	-1.0376	10.3601	7.7838	37.8424	47.4000	484	427	-228	100803	0.43 
643.112	2015-01-01 00:20:32.480	-0.0811	0.1660	0.9932	-0.4272	4.9438	-2.2583	10.3217	7.8882	38.0017	47.7400	484	426	-232	100804	0.43 
643.143	2015-01-01 00:20:32.520	-0.0820	0.1694	0.9980	-0.2441	4.2725	-2.6245	10.2832	8.0145	38.1226	47.5900	487	425	-229	100803	0.43 
643.174	2015-01-01 00:20:32.560	-0.0776	0.1685	1.0093	-0.5493	2.5635	-1.4648	10.2502	8.0695	38.2544	47.5400	488	425	-228	100803	0.43 
643.205	2015-01-01 00:20:32.600	-0.1016	0.1704	1.0044	0.0000	-0.1221	-2.1973	10.2228	8.0530	38.3917	47.5900	488	424	-227	100803	0.43 
643.237	2015-01-01 00:20:32.640	-0.1060	0.1641	0.9829	1.1597	2.6855	-7.0190	10.2063	8.0585	38.3917	47.4000	487	427	-227	100803	0.43 
643.330	2015-01-01 00:20:32.680	-0.0913	0.1743	1.0015	1.7700	1.8921	-5.9204	10.2448	8.2123	38.2928	47.4000	488	425	-230	100803	0.43 
643.330	2015-01-01 00:20:32.720	-0.0273	0.1685	0.9741	1.2207	5.3711	-2.0752	10.2887	8.2013	38.3972	47.2600	489	424	-231	100803	0.43 
643.362	2015-01-01 00:20:32.760	-0.0688	0.1885	1.0103	0.9155	5.6152	-2.8076	10.3271	8.3276	38.5236	47.5900	485	426	-227	100803	0.43 
643.424	2015-01-01 00:20:32.800	-0.0742	0.1729	1.0049	-0.1831	4.2114	-0.9766	10.3381	8.4320	38.6609	47.4500	486	431	-222	100803	0.43 
643.455	2015-01-01 00:20:32.840	-0.0820	0.1763	0.9873	0.2441	6.4087	-0.3662	10.3436	8.5309	38.8422	47.4500	487	435	-219	100803	0.44 
643.518	2015-01-01 00:20:32.880	-0.1021	0.1763	0.9985	-0.4272	7.1411	-1.1597	10.3271	8.7396	39.0125	47.5900	485	431	-221	100803	0.44 
643.549	2015-01-01 00:20:32.920	-0.1040	0.1738	0.9932	-0.1831	5.7373	-0.7324	10.3162	8.9154	39.1772	47.5900	488	427	-225	100803	0.44 
643.564	2015-01-01 00:20:32.960	-0.0996	0.1787	0.9946	-0.4883	5.7983	-0.8545	10.2942	9.0747	39.3585	47.4500	489	426	-228	100803	0.44 
643.611	2015-01-01 00:20:33.000	-0.1011	0.1768	0.9995	-0.6104	5.2490	-0.4883	10.2777	9.2065	39.5233	47.5900	487	426	-228	100803	0.44 
643.642	2015-01-01 00:20:33.040	-0.1118	0.1689	0.9956	-0.4883	3.4180	-1.7700	10.2393	9.3109	39.6606	47.5900	487	424	-228	100803	0.44 
643.689	2015-01-01 00:20:33.080	-0.1011	0.1753	1.0103	-0.9766	1.5869	-2.5635	10.2008	9.3549	39.7430	47.4500	487	427	-230	100803	0.44 
643.736	2015-01-01 00:20:33.120	-0.1147	0.1782	1.0039	-0.9766	2.8076	-2.1362	10.1459	9.3878	39.7815	47.4000	488	428	-230	100803	0.44 
643.783	2015-01-01 00:20:33.160	-0.1011	0.1631	1.0000	-0.8545	0.6714	-2.3804	10.0745	9.3878	39.8474	47.5900	488	429	-229	100803	0.44 
643.814	2015-01-01 00:20:33.200	-0.0864	0.1709	1.0078	-0.9155	1.1597	-3.4180	10.0031	9.3439	39.8694	47.3500	491	427	-226	100803	0.44 
643.861	2015-01-01 00:20:33.240	-0.0942	0.1895	0.9775	-2.1362	3.2349	-2.8076	9.9481	9.3274	39.9078	47.4500	489	426	-224	100802	0.44 
643.924	2015-01-01 00:20:33.280	-0.1045	0.1709	1.0107	-1.5869	1.0986	-3.6011	9.8712	9.3658	39.9408	47.5900	488	426	-223	100802	0.44 
643.955	2015-01-01 00:20:33.320	-0.1025	0.1641	1.0034	-1.3428	1.2817	-3.1128	9.7888	9.3439	39.9683	47.5400	488	427	-224	100803	0.44 
643.987	2015-01-01 00:20:33.360	-0.0933	0.1738	1.0005	-1.7090	1.0986	-3.1128	9.7119	9.3274	39.9957	47.4500	487	427	-225	100802	0.44 
644.018	2015-01-01 00:20:33.400	-0.0898	0.1758	0.9956	-2.0752	1.4648	-2.9907	9.6295	9.3109	40.0232	47.4500	486	427	-225	100802	0.44 
644.096	2015-01-01 00:20:33.440	-0.0903	0.1802	1.0054	-1.7700	1.7700	-2.3804	9.5471	9.2834	40.0507	47.7400	487	428	-225	100802	0.44 
644.127	2015-01-01 00:20:33.480	-0.0942	0.1611	1.0015	-2.5024	0.9155	-2.8076	9.4482	9.2450	40.1166	47.5400	489	427	-227	100802	0.44 
644.158	2015-01-01 00:20:33.520	-0.0923	0.1592	1.0044	-2.2583	0.9155	-2.6855	9.3384	9.2175	40.1440	47.4000	488	426	-228	100802	0.44 
644.190	2015-01-01 00:20:33.560	-0.0850	0.1606	0.9951	-2.2583	0.6714	-2.7466	9.2285	9.1516	40.1880	47.7800	489	429	-229	100802	0.44 
644.252	2015-01-01 00:20:33.600	-0.0850	0.1646	0.9995	-1.8311	0.7324	-2.5024	9.1406	9.0967	40.2209	47.5900	490	429	-228	100803	0.44 
644.299	2015-01-01 00:20:33.640	-0.0811	0.1641	0.9990	-1.7700	1.5259	-3.1738	9.0637	9.0527	40.2594	47.7400	486	428	-225	100803	0.44 
644.331	2015-01-01 00:20:33.680	-0.0825	0.1519	1.0073	-1.2207	1.5869	-3.1738	8.9978	9.0308	40.2704	47.6400	484	427	-224	100803	0.44 
644.362	2015-01-01 00:20:33.720	-0.0767	0.1548	0.9971	-1.4648	2.1973	-3.7231	8.9099	9.0088	40.2759	47.7400	487	426	-227	100803	0.44 
644.393	2015-01-01 00:20:33.760	-0.0898	0.1685	0.9878	-0.3052	2.0752	-2.9907	8.8770	9.0253	40.2814	47.5400	491	427	-226	100802	0.44 
644.455	2015-01-01 00:20:33.800	-0.0869	0.1523	1.0161	-0.3662	2.4414	-3.7231	8.8385	9.0527	40.3033	47.4500	495	427	-226	100802	0.44 
644.502	2015-01-01 00:20:33.840	-0.0923	0.1563	0.9976	-1.1597	0.1831	-4.2725	8.7836	9.0143	40.3033	47.4500	494	427	-226	100803	0.44 
644.533	2015-01-01 00:20:33.880	-0.0728	0.1636	1.0068	-0.7324	2.7466	-2.8687	8.7396	9.0033	40.3143	47.2600	491	427	-227	100803	0.44 
644.564	2015-01-01 00:20:33.920	-0.0938	0.1553	1.0020	-0.4272	1.3428	-2.8687	8.7122	9.0033	40.3583	47.7400	493	427	-224	100803	0.44 
644.611	2015-01-01 00:20:33.960	-0.0874	0.1621	1.0005	-0.2441	1.7090	-2.8076	8.6957	8.9813	40.3912	47.5900	494	427	-223	100802	0.44 
644.642	2015-01-01 00:20:34.000	-0.0869	0.1636	0.9971	-0.6714	1.4038	-3.5400	8.6792	8.9539	40.4132	47.8800	490	429	-227	100803	0.44 
644.705	2015-01-01 00:20:34.040	-0.0815	0.1606	1.0034	-0.2441	1.8921	-1.7700	8.6627	8.9429	40.4572	47.4000	487	428	-226	100802	0.44 
644.737	2015-01-01 00:20:34.080	-0.0830	0.1553	0.9995	-0.4883	1.9531	-2.9907	8.6462	8.9264	40.5066	47.6400	486	431	-227	100802	0.44 
644.768	2015-01-01 00:20:34.120	-0.0845	0.1646	1.0000	-0.1221	1.8921	-2.4414	8.6243	8.9154	40.5231	47.5900	486	430	-228	100802	0.44 
644.831	2015-01-01 00:20:34.160	-0.0786	0.1558	0.9927	-1.0376	1.3428	-2.6245	8.6023	8.8934	40.5725	47.3500	486	428	-227	100803	0.44 
644.862	2015-01-01 00:20:34.200	-0.0830	0.1567	1.0093	-0.6714	2.0142	-3.6621	8.5693	8.8824	40.5725	47.5400	486	429	-226	100803	0.44 
644.908	2015-01-01 00:20:34.240	-0.0806	0.1616	1.0034	-1.0376	0.9155	-3.2349	8.5364	8.8495	40.5615	47.5400	485	429	-226	100802	0.44 
644.940	2015-01-01 00:20:34.280	-0.0806	0.1592	1.0054	-0.9155	1.5869	-3.2349	8.4979	8.8220	40.5725	47.5900	487	428	-226	100803	0.44 
644.971	2015-01-01 00:20:34.320	-0.0747	0.1567	1.0029	-0.7935	0.7935	-3.2959	8.4540	8.7836	40.5670	47.5400	486	433	-227	100803	0.44 
645.034	2015-01-01 00:20:34.360	-0.0708	0.1577	1.0005	-1.0986	2.1973	-3.4790	8.4155	8.7506	40.5505	47.5900	486	436	-227	100803	0.44 
645.064	2015-01-01 00:20:34.400	-0.0786	0.1567	0.9990	-1.0376	1.8311	-2.1973	8.3771	8.7396	40.5835	47.7400	485	432	-230	100803	0.44 
645.111	2015-01-01 00:20:34.440	-0.0649	0.1533	1.0083	-1.2817	2.2583	-4.3945	8.3276	8.7341	40.5835	47.5900	485	429	-228	100803	0.44 
645.143	2015-01-01 00:20:34.480	-0.0815	0.1655	1.0015	-1.8311	-0.0610	-3.4180	8.2672	8.6737	40.5560	47.5400	485	430	-227	100803	0.44 
645.174	2015-01-01 00:20:34.520	-0.0669	0.1494	1.0034	-0.6714	1.8311	-3.1738	8.2123	8.6298	40.5670	47.5900	485	430	-227	100803	0.44 
645.205	2015-01-01 00:20:34.560	-0.0752	0.1460	0.9971	-0.9766	1.4038	-3.2349	8.1738	8.6023	40.5725	47.5400	484	429	-228	100803	0.44