StartTime: 2017-07-21 14:23:19.802
Time(s)	ChipTime	ax(g)	ay(g)	az(g)	wx(deg/s)	wy(deg/s)	wz(deg/s)	AngleX(deg)	AngleY(deg)	AngleZ(deg)	T(°)	hx	hy	hz	Pressure(Pa)	Altitude(m) 
495.321	2015-01-01 00:04:58.120	-0.0776	0.0767	0.9956	-0.1831	1.6479	-1.0986	4.0979	5.5261	45.0549	46.9200	517	437	-245	100817	0.42 
495.368	2015-01-01 00:04:58.160	-0.1182	0.0747	1.0098	0.0610	-2.4414	-0.7935	4.0869	5.5426	45.0439	46.7300	519	437	-248	100817	0.42 
495.400	2015-01-01 00:04:58.200	-0.0933	0.0776	1.0073	-0.2441	0.0000	-1.3428	4.0869	5.4987	45.0714	46.5400	516	437	-245	100817	0.42 
495.431	2015-01-01 00:04:58.240	-0.1074	0.0737	1.0088	-0.6104	-0.3052	-1.2207	4.0704	5.5096	45.0604	46.8700	515	438	-244	100817	0.42 
495.478	2015-01-01 00:04:58.280	-0.1030	0.0747	1.0039	-0.1221	0.1831	-1.0376	4.0594	5.5151	45.0714	46.5900	515	438	-244	100817	0.42 
495.524	2015-01-01 00:04:58.320	-0.1108	0.0698	1.0054	-0.3052	0.3662	-1.2207	4.0485	5.5426	45.0769	46.8700	516	438	-244	100817	0.42 
495.571	2015-01-01 00:04:58.360	-0.1021	0.0732	1.0034	0.0000	1.2207	-1.4648	4.0485	5.5756	45.0769	46.5400	516	437	-243	100817	0.42 
495.603	2015-01-01 00:04:58.400	-0.1245	0.0762	1.0166	-0.2441	-0.2441	-2.3193	4.0375	5.6415	45.0549	46.5900	513	437	-243	100817	0.42 
495.634	2015-01-01 00:04:58.440	-0.1152	0.0869	1.0049	-0.6714	-1.6479	-2.1973	4.0100	5.6360	44.9945	46.7300	513	437	-244	100817	0.42 
495.696	2015-01-01 00:04:58.480	-0.1187	0.0850	1.0083	-0.7935	-3.1128	-0.6714	3.9935	5.5646	44.9835	46.5400	518	435	-243	100817	0.42 
495.743	2015-01-01 00:04:58.520	-0.1226	0.0723	1.0156	-1.4648	-5.6152	-1.0986	3.9496	5.4163	44.9945	46.6800	519	435	-243	100817	0.42 
495.790	2015-01-01 00:04:58.560	-0.1143	0.0747	1.0093	-1.7090	-7.7515	-1.5259	3.8782	5.1801	44.9725	46.5900	516	437	-244	100817	0.42 
495.821	2015-01-01 00:04:58.600	-0.1104	0.0728	1.0239	-1.9531	-9.5215	-0.7324	3.7903	4.8724	44.9506	46.8300	515	439	-240	100817	0.42 
495.853	2015-01-01 00:04:58.640	-0.1055	0.0752	1.0117	-2.6855	-13.6108	-1.7700	3.7134	4.4550	44.9286	46.8700	512	439	-240	100817	0.42 
495.900	2015-01-01 00:04:58.680	-0.0737	0.0493	1.0103	-1.4648	-15.5640	-7.0190	3.6090	3.8837	44.7693	46.7300	511	437	-239	100817	0.42 
495.931	2015-01-01 00:04:58.720	-0.1240	0.0894	1.0332	0.6714	-20.0195	-2.6245	3.5980	3.2849	44.5935	46.7300	507	435	-239	100817	0.42 
496.009	2015-01-01 00:04:58.760	-0.0835	0.0869	1.0083	-2.3193	-22.3999	-6.1035	3.5706	2.5214	44.4012	46.8700	505	439	-238	100817	0.42 
496.041	2015-01-01 00:04:58.800	-0.0537	0.0562	1.0195	-2.1362	-28.3813	-1.5259	3.4882	1.5326	44.2529	46.6800	502	441	-240	100817	0.42 
496.071	2015-01-01 00:04:58.840	-0.0454	0.0649	1.0093	-3.1738	-32.1655	-1.2817	3.3783	0.3680	44.2145	46.8700	500	443	-246	100817	0.42 
496.103	2015-01-01 00:04:58.880	-0.0278	0.0664	1.0117	-4.6387	-36.3770	-0.4272	3.2300	-0.9393	44.1760	46.5400	499	441	-248	100817	0.42 
496.134	2015-01-01 00:04:58.920	-0.0015	0.0615	1.0049	-5.3711	-41.6260	-0.5493	3.0212	-2.4445	44.1486	46.5900	495	442	-244	100817	0.42 
496.181	2015-01-01 00:04:58.960	0.0225	0.0586	1.0132	-5.1880	-45.5322	0.3662	2.8345	-4.1199	44.1376	46.6800	491	440	-240	100817	0.42 
496.212	2015-01-01 00:04:59.000	0.0601	0.0449	1.0098	-5.3101	-50.7813	1.2817	2.6257	-5.9875	44.1595	46.6800	487	442	-241	100817	0.42 
496.259	2015-01-01 00:04:59.040	0.1040	0.0342	1.0020	-6.1035	-55.6030	1.4038	2.4005	-8.0804	44.2090	46.5900	486	444	-244	100817	0.42 
496.306	2015-01-01 00:04:59.080	0.1421	0.0337	0.9922	-6.8359	-60.3027	0.4272	2.1423	-10.3546	44.2584	46.7300	485	445	-246	100817	0.42 
496.337	2015-01-01 00:04:59.120	0.1860	0.0405	0.9927	-7.2021	-65.3687	-0.7935	1.8622	-12.8210	44.2474	46.5400	474	445	-245	100818	0.42 
496.415	2015-01-01 00:04:59.160	0.2173	0.0269	0.9795	-7.9346	-69.3970	0.5493	1.5985	-15.4633	44.2749	46.5900	470	442	-244	100818	0.42 
496.446	2015-01-01 00:04:59.200	0.2690	0.0269	0.9624	-7.4463	-72.8149	1.0376	1.3184	-18.2483	44.3188	46.6800	461	444	-247	100818	0.42 
496.478	2015-01-01 00:04:59.240	0.3096	0.0195	0.9360	-6.3477	-77.4536	0.8545	1.0602	-21.1871	44.3848	46.6800	451	449	-251	100818	0.42 
496.509	2015-01-01 00:04:59.280	0.3687	0.0264	0.9355	-4.8828	-85.6323	2.2583	0.8514	-24.3842	44.4397	46.5400	443	450	-251	100818	0.42 
496.556	2015-01-01 00:04:59.320	0.4595	0.0142	0.8647	-7.2632	-95.3369	8.3618	0.5383	-28.0426	44.7418	46.5400	435	451	-253	100819	0.42 
496.619	2015-01-01 00:04:59.360	0.5791	-0.0010	0.8242	-6.2256	-101.4404	11.9629	0.0549	-32.0526	45.2637	46.3500	428	451	-254	100819	0.42 
496.650	2015-01-01 00:04:59.400	0.6318	-0.0088	0.7241	-8.8501	-97.6563	18.6768	-0.7251	-36.2329	46.0822	46.5400	419	451	-248	100819	0.42 
496.681	2015-01-01 00:04:59.440	0.6045	-0.0400	0.8506	-3.1128	-88.8672	13.5498	-1.5326	-39.8694	47.0544	46.5400	413	452	-247	100819	0.42 
496.744	2015-01-01 00:04:59.480	0.6006	-0.0156	0.7378	1.7090	-82.5806	19.5313	-2.2302	-43.2312	48.0981	46.6800	405	454	-241	100819	0.42 
496.790	2015-01-01 00:04:59.520	0.7017	-0.0278	0.6167	-0.4272	-80.6885	21.8506	-3.1696	-46.4447	49.4659	46.5900	400	452	-236	100819	0.42 
496.837	2015-01-01 00:04:59.560	0.6748	-0.0610	0.6191	-1.4648	-77.6978	17.9443	-4.3011	-49.5319	50.7953	46.6800	395	454	-233	100819	0.42 
496.853	2015-01-01 00:04:59.600	0.8115	-0.0771	0.5273	-2.3804	-81.1768	16.7847	-5.5646	-52.7673	52.1631	46.3900	388	454	-231	100820	0.42 
496.884	2015-01-01 00:04:59.640	0.8037	-0.0830	0.4829	-4.0283	-80.0781	16.6626	-7.2510	-55.9369	53.8770	46.4900	384	456	-227	100820	0.42 
496.932	2015-01-01 00:04:59.680	0.9048	-0.1094	0.4048	-8.7280	-68.6646	11.5967	-9.0747	-58.9471	55.4425	46.4900	385	458	-223	100820	0.42 
497.009	2015-01-01 00:04:59.720	0.9048	-0.1636	0.4580	-4.5776	-67.8711	6.1646	-11.0797	-61.5399	57.1619	46.5900	381	458	-217	100820	0.42 
497.056	2015-01-01 00:04:59.760	0.9346	-0.1040	0.2646	-0.5493	-57.9834	-0.0610	-12.5134	-64.1162	58.3264	46.5900	377	460	-212	100820	0.42 
497.056	2015-01-01 00:04:59.800	0.8970	-0.0796	0.3164	-1.5869	-60.6689	11.2305	-14.3372	-66.4563	59.9579	46.5400	373	459	-210	100820	0.42 
497.103	2015-01-01 00:04:59.840	0.9858	-0.1304	0.2725	0.4272	-43.9453	5.3711	-16.5509	-68.5602	61.9684	46.5400	368	460	-208	100820	0.42 
497.150	2015-01-01 00:04:59.880	1.0254	-0.0381	0.2407	-10.4980	-50.7202	9.2163	-19.2645	-70.4498	64.2755	46.5400	365	460	-204	100820	0.42 
497.181	2015-01-01 00:04:59.920	1.0991	-0.1655	-0.0508	0.6104	-36.0718	3.7842	-22.1704	-72.2955	66.6705	46.5400	364	462	-199	100820	0.42 
497.244	2015-01-01 00:04:59.960	0.9775	-0.0933	0.2466	-12.9395	-41.5039	26.9775	-26.4386	-73.4381	70.4059	46.4900	361	462	-196	100820	0.42 
497.307	2015-01-01 00:05:0.000	1.0269	-0.1343	0.1621	7.7515	-11.3525	2.8687	-30.0037	-74.1357	73.7073	46.5400	362	463	-192	100820	0.42 
497.338	2015-01-01 00:05:0.040	1.0547	0.0376	0.1382	-18.1274	-31.0059	40.2222	-34.3323	-74.6246	77.6184	46.4900	364	462	-190	100819	0.42 
497.369	2015-01-01 00:05:0.080	0.9653	-0.2871	0.2744	-17.3950	11.1084	24.8413	-39.4904	-73.9984	81.8427	46.5400	365	467	-187	100819	0.42 
497.447	2015-01-01 00:05:0.120	0.7295	-0.2847	0.1514	-26.1841	-20.8130	-3.6011	-42.8137	-74.2621	83.5730	46.5400	365	471	-187	100819	0.42 
497.478	2015-01-01 00:05:0.160	1.3311	-0.3208	0.0977	-22.5830	5.1270	-12.2681	-45.2856	-74.7400	84.6332	46.5900	366	471	-186	100819	0.42 
497.493	2015-01-01 00:05:0.200	0.7710	-0.0537	0.2588	-21.9116	-2.7466	2.3193	-45.2856	-74.5203	83.3972	46.8300	366	470	-182	100819	0.42 
497.540	2015-01-01 00:05:0.240	1.1040	-0.2114	0.0332	-23.6816	-2.5635	-10.8643	-46.6644	-75.2563	83.5181	46.5400	368	473	-177	100819	0.42 
497.572	2015-01-01 00:05:0.280	1.0615	-0.1621	0.1377	-9.4604	22.8271	-13.3667	-43.6047	-75.4047	79.3433	46.4900	368	474	-176	100818	0.42 
497.650	2015-01-01 00:05:0.320	0.7695	-0.1553	0.0972	-7.0801	-29.0527	8.7891	-46.3074	-75.5255	81.3373	46.7300	369	476	-173	100818	0.42 
497.682	2015-01-01 00:05:0.360	0.9985	-0.3223	-0.0537	-6.3477	7.1411	3.4790	-47.8125	-75.7178	82.2382	46.6800	369	476	-173	100818	0.42 
497.713	2015-01-01 00:05:0.400	0.9844	-0.3418	-0.0127	4.8828	31.7383	-3.1738	-48.2849	-75.1300	82.1393	46.6800	370	478	-173	100818	0.42 
497.759	2015-01-01 00:05:0.440	0.8643	-0.2529	0.2661	-1.2207	15.3198	-8.8501	-44.7308	-74.4434	78.3160	46.7300	372	475	-172	100818	0.42 
497.790	2015-01-01 00:05:0.480	0.9888	-0.1919	0.2178	-2.6245	6.2256	-12.2681	-42.7258	-74.3665	75.8661	46.5400	373	474	-171	100818	0.42 
497.853	2015-01-01 00:05:0.520	1.0054	-0.1528	0.2412	-1.4648	4.9438	-3.2959	-40.9680	-74.3719	73.7842	46.5400	371	475	-171	100818	0.42 
497.884	2015-01-01 00:05:0.560	0.9067	-0.1611	0.1445	-7.6904	-1.2207	3.2349	-41.4679	-74.3665	73.9050	46.6800	371	474	-172	100818	0.42 
497.915	2015-01-01 00:05:0.600	0.9585	-0.1279	0.1978	-0.1221	2.4414	-5.2490	-41.1218	-74.3665	73.1250	46.5900	371	475	-169	100818	0.42 
497.978	2015-01-01 00:05:0.640	0.9810	-0.1592	0.1890	-5.3101	-2.5635	-1.0986	-40.7318	-74.4434	72.4438	46.8300	369	476	-171	100818	0.42 
498.056	2015-01-01 00:05:0.680	0.9580	-0.2300	0.1890	-15.1367	-1.5259	1.7090	-41.6492	-74.5093	72.7460	46.6800	370	474	-169	100818	0.42 
498.072	2015-01-01 00:05:0.720	0.9395	-0.2661	0.1748	-11.4136	-8.7891	-2.8076	-42.7917	-74.6246	73.1635	46.8300	367	474	-165	100818	0.42 
498.103	2015-01-01 00:05:0.760	0.9482	-0.2407	0.1035	-7.2632	-2.6245	-7.9956	-43.7311	-74.9213	73.4546	46.8700	368	475	-164	100818	0.42 
498.150	2015-01-01 00:05:0.800	0.9834	-0.1709	0.1553	-2.7466	1.0376	-4.8828	-43.3466	-75.1135	72.6196	46.6800	369	470	-162	100818	0.42 
498.181	2015-01-01 00:05:0.840	0.9521	-0.1924	0.1284	-1.9531	-3.6621	-3.3569	-43.4180	-75.2728	72.4164	46.7300	368	472	-162	100818	0.42 
498.259	2015-01-01 00:05:0.880	0.9507	-0.1777	0.1479	1.2207	0.2441	-5.7373	-43.1104	-75.4321	71.8890	46.4900	368	471	-162	100818	0.42 
498.259	2015-01-01 00:05:0.920	0.9644	-0.1724	0.1426	2.0142	1.5259	-4.3335	-42.6379	-75.5750	71.2848	46.4900	367	469	-161	100817	0.42 
498.306	2015-01-01 00:05:0.960	0.9556	-0.1880	0.1665	3.1128	1.6479	-4.0894	-41.9788	-75.6354	70.5597	46.8300	367	472	-162	100817	0.42 
498.369	2015-01-01 00:05:1.000	0.9678	-0.1899	0.1812	2.3193	0.0000	-3.7842	-41.4789	-75.6848	69.9884	46.7300	366	473	-163	100817	0.42 
498.431	2015-01-01 00:05:1.040	0.9502	-0.1802	0.1455	2.1362	-1.7700	-3.3569	-41.1768	-75.8112	69.6094	46.6800	365	473	-161	100817	0.42 
498.463	2015-01-01 00:05:1.080	0.9502	-0.1494	0.1914	4.5776	4.0283	-5.0049	-40.1715	-75.8771	68.5437	46.7300	365	476	-161	100817	0.42 
498.494	2015-01-01 00:05:1.120	0.9873	-0.1738	0.1558	4.8828	4.5166	-6.1035	-39.6112	-75.9650	68.0054	46.6800	365	476	-163	100817	0.42 
498.540	2015-01-01 00:05:1.160	0.9771	-0.1357	0.2036	4.0283	-2.1362	-1.8311	-38.5016	-76.0034	66.9452	46.5900	359	469	-162	100817	0.42 
498.572	2015-01-01 00:05:1.200	0.9468	-0.1704	0.1631	2.6245	1.7090	-3.4180	-38.2928	-76.0748	66.7145	46.6800	359	467	-163	100817	0.42 
498.650	2015-01-01 00:05:1.240	0.9736	-0.1660	0.1714	1.6479	0.9155	-2.1973	-37.7930	-76.1133	66.1377	46.6800	359	472	-167	100817	0.42 
498.682	2015-01-01 00:05:1.280	0.9609	-0.1602	0.1812	0.3662	2.0752	-0.6714	-37.5128	-76.1188	65.7532	46.5400	359	474	-169	100817	0.42 
498.713	2015-01-01 00:05:1.320	0.9644	-0.1719	0.1807	-0.3052	0.9155	-0.3662	-37.6501	-76.0803	65.7751	46.5900	364	473	-166	100817	0.42 
498.744	2015-01-01 00:05:1.360	0.9629	-0.1587	0.1870	-0.9766	-0.9155	-1.2817	-37.6776	-76.0803	65.6598	46.6800	365	473	-166	100817	0.42 
498.791	2015-01-01 00:05:1.400	0.9614	-0.1572	0.1777	-0.4883	-1.2817	-1.0986	-37.6721	-76.1353	65.5225	46.5400	364	474	-169	100817	0.42 
498.869	2015-01-01 00:05:1.440	0.9619	-0.1611	0.1738	0.0610	-0.6104	-1.4038	-37.6886	-76.1847	65.4126	46.5900	364	474	-167	100817	0.42 
498.916	2015-01-01 00:05:1.480	0.9629	-0.1636	0.1719	0.9766	0.1831	-2.4414	-37.6007	-76.2451	65.2203	46.6800	363	473	-168	100818	0.42 
498.916	2015-01-01 00:05:1.520	0.9580	-0.1592	0.1743	0.7935	-0.3052	-0.7935	-37.4359	-76.2781	64.9841	46.5400	364	472	-170	100818	0.42 
498.979	2015-01-01 00:05:1.560	0.9673	-0.1694	0.1792	0.8545	0.0000	-1.7700	-37.3865	-76.2946	64.8578	46.6800	362	470	-168	100817	0.42 
499.009	2015-01-01 00:05:1.600	0.9468	-0.1577	0.1855	0.1221	-2.0142	-0.1221	-37.3480	-76.3220	64.7424	46.3900	360	470	-168	100817	0.42 
499.072	2015-01-01 00:05:1.640	0.9326	-0.1528	0.2007	0.3052	-2.0752	0.2441	-37.1008	-76.3275	64.4019	46.5400	362	471	-167	100817	0.42 
499.104	2015-01-01 00:05:1.680	0.9976	-0.1592	0.1753	0.5493	3.7231	-4.1504	-37.2546	-76.4099	64.4568	46.7300	362	471	-166	100817	0.42 
499.135	2015-01-01 00:05:1.720	0.9634	-0.1543	0.1689	0.3662	-3.9063	0.8545	-37.2546	-76.4758	64.3909	46.6800	362	472	-164	100817	0.42 
499.197	2015-01-01 00:05:1.760	0.9531	-0.1650	0.1709	0.1221	0.4272	-1.7090	-37.5513	-76.5033	64.5831	46.5900	361	471	-167	100817	0.42 
499.229	2015-01-01 00:05:1.800	0.9678	-0.1650	0.1792	0.6714	-0.4883	-0.6104	-37.5183	-76.5253	64.4678	46.5400	363	475	-166	100817	0.42 
499.307	2015-01-01 00:05:1.840	0.9531	-0.1641	0.1870	0.4272	-0.7324	-0.5493	-37.5623	-76.5417	64.4238	46.7300	364	475	-166	100817	0.42 
499.307	2015-01-01 00:05:1.880	0.9590	-0.1650	0.1821	0.4272	-0.6104	-1.4038	-37.7161	-76.5802	64.4952	46.6800	364	472	-167	100817	0.42 
499.369	2015-01-01 00:05:1.920	0.9727	-0.1475	0.1831	0.1831	-2.0752	-2.3193	-37.5952	-76.6681	64.3085	46.8300	364	469	-167	100817	0.42 
499.401	2015-01-01 00:05:1.960	0.9614	-0.1621	0.1636	0.2441	-3.1738	-0.6714	-37.8754	-76.7670	64.5227	46.6800	364	468	-166	100817	0.42 
499.432	2015-01-01 00:05:2.000	0.9639	-0.1665	0.1694	0.3662	-1.2207	-1.0376	-38.0072	-76.8329	64.5721	46.7300	363	469	-168	100817	0.42 
499.525	2015-01-01 00:05:2.040	0.9702	-0.1680	0.1689	0.3662	-0.1831	-1.0376	-38.1226	-76.8713	64.6106	46.5900	358	473	-165	100817	0.42 
499.525	2015-01-01 00:05:2.080	0.9609	-0.1680	0.1650	0.3052	-0.5493	-0.5493	-38.2599	-76.8878	64.6710	46.8300	358	474	-167	100817	0.42 
499.572	2015-01-01 00:05:2.120	0.9668	-0.1670	0.1729	0.2441	0.5493	-1.6479	-38.2159	-76.8988	64.5502	46.6800	361	471	-167	100817	0.42 
499.603	2015-01-01 00:05:2.160	0.9546	-0.1680	0.1675	0.0610	-2.3193	-0.4883	-38.3533	-76.9153	64.6216	46.6800	361	470	-165	100817	0.42 
499.651	2015-01-01 00:05:2.200	0.9268	-0.1523	0.1914	0.0610	-3.2959	0.0000	-38.0841	-76.9318	64.2755	46.6800	363	471	-164	100817	0.42 
499.728	2015-01-01 00:05:2.240	1.0010	-0.1558	0.1836	0.9155	4.0283	-4.6997	-37.9578	-77.0142	64.0613	46.5900	361	472	-168	100817	0.42 
499.760	2015-01-01 00:05:2.280	0.9707	-0.1572	0.1587	0.3052	-2.9907	-0.3662	-38.0566	-77.1130	64.1217	46.6800	362	471	-167	100817	0.42 
499.791	2015-01-01 00:05:2.320	0.9639	-0.1558	0.1685	0.8545	0.3052	-3.4790	-37.8754	-77.1735	63.8745	46.3900	362	471	-167	100817	0.42 
499.854	2015-01-01 00:05:2.360	0.9634	-0.1641	0.1616	0.5493	-0.7324	-1.3428	-37.8534	-77.2119	63.7976	46.8700	365	474	-164	100817	0.42 
499.900	2015-01-01 00:05:2.400	0.9585	-0.1636	0.1719	0.7935	-1.1597	-2.7466	-37.7435	-77.2723	63.6163	46.6800	366	475	-162	100816	0.42 
499.932	2015-01-01 00:05:2.440	0.9673	-0.1626	0.1714	0.6104	0.0000	-1.1597	-37.7875	-77.3218	63.5999	46.8700	364	474	-166	100817	0.42 
499.963	2015-01-01 00:05:2.480	0.9565	-0.1411	0.1528	-0.7324	-4.8828	2.9297	-38.1061	-77.3822	63.8690	47.0200	364	473	-169	100816	0.42 
500.026	2015-01-01 00:05:2.520	0.9058	-0.1523	0.1416	-1.5869	-10.6201	-0.7935	-40.0122	-77.5635	65.6708	46.5400	364	472	-170	100816	0.42 
500.057	2015-01-01 00:05:2.560	1.0151	-0.1616	0.2207	0.6104	-5.8594	-7.2021	-39.6826	-77.7997	65.2698	46.6800	363	472	-170	100817	0.42 
500.103	2015-01-01 00:05:2.600	0.9141	-0.2261	0.1284	0.5493	-25.3296	2.3804	-42.4347	-78.3325	68.0438	46.7300	363	469	-172	100817	0.42 
500.135	2015-01-01 00:05:2.640	1.0342	-0.1235	0.1328	3.4790	-7.9346	-8.8501	-43.7366	-78.8544	69.3512	46.8700	363	468	-172	100817	0.42 
500.166	2015-01-01 00:05:2.680	0.9194	-0.1279	0.1030	2.6245	-16.6016	3.1128	-45.5603	-79.3048	71.2518	46.9200	362	471	-168	100817	0.42 
500.229	2015-01-01 00:05:2.720	0.9775	-0.1177	0.1055	3.1128	-11.3525	4.5776	-47.9498	-79.5740	73.6798	46.8700	360	470	-165	100817	0.42 
500.260	2015-01-01 00:05:2.760	0.9326	-0.1738	0.1099	4.8828	-13.6719	12.1460	-51.3611	-79.6619	77.2009	46.8300	360	473	-164	100817	0.42 
500.306	2015-01-01 00:05:2.800	0.9087	-0.0908	0.0757	7.7515	-12.7563	-0.9766	-53.9044	-79.7772	79.9036	46.7300	360	473	-164	100817	0.42 
500.353	2015-01-01 00:05:2.840	1.0205	-0.2637	0.0288	9.6436	-3.6011	9.6436	-56.3379	-79.9695	82.6007	46.8700	359	469	-161	100817	0.42 
500.416	2015-01-01 00:05:2.880	0.9072	-0.0332	0.0688	7.9956	-1.2207	29.5410	-58.5461	-79.3048	84.9957	46.8700	358	468	-159	100817	0.42 
500.431	2015-01-01 00:05:2.920	1.1401	-0.2734	-0.0869	10.4980	28.1982	45.7153	-60.6445	-77.8436	87.2754	46.5900	362	472	-164	100817	0.42 
500.478	2015-01-01 00:05:2.960	0.9897	-0.2837	0.0020	14.3433	51.4526	28.9917	-57.8375	-75.6848	84.5782	46.8700	365	473	-166	100817	0.42 
500.541	2015-01-01 00:05:3.000	1.0498	-0.3135	0.1079	12.9395	63.4155	20.5688	-52.9431	-73.6084	79.7607	47.0700	369	475	-170	100817	0.42 
500.573	2015-01-01 00:05:3.040	1.0073	-0.2842	0.1406	16.1133	72.3877	20.8130	-47.5323	-71.2958	74.5917	46.6800	375	476	-175	100817	0.42 
500.604	2015-01-01 00:05:3.080	1.0249	-0.2422	0.1899	13.0005	74.7681	22.0337	-43.3246	-68.6316	70.6091	46.7300	377	476	-178	100816	0.42 
500.666	2015-01-01 00:05:3.120	0.8994	-0.3818	0.4111	10.9863	77.1484	4.0283	-38.9026	-65.8960	66.2421	46.5900	387	476	-182	100816	0.42 
500.713	2015-01-01 00:05:3.160	0.9707	-0.4048	0.3594	9.5215	80.0171	-6.1646	-34.8322	-63.4460	62.1497	46.8700	396	478	-188	100817	0.42 
500.744	2015-01-01 00:05:3.200	0.7056	-0.2588	0.4971	15.8081	75.9277	-16.7236	-30.1904	-61.0510	57.4420	46.6800	402	476	-194	100817	0.42 
500.775	2015-01-01 00:05:3.240	0.8862	-0.3066	0.5449	19.3481	78.9185	-11.8408	-26.0980	-58.3044	53.7012	46.8300	404	476	-199	100817	0.42 
500.822	2015-01-01 00:05:3.280	0.5659	-0.1851	0.5225	19.3481	73.4863	-17.4561	-22.3627	-55.7227	50.3119	46.7300	402	477	-202	100817	0.42 
500.854	2015-01-01 00:05:3.320	0.8359	-0.2466	0.6069	18.9819	70.3125	-14.4043	-19.3799	-53.0804	47.7521	46.3900	401	477	-203	100816	0.42 
500.931	2015-01-01 00:05:3.360	0.6733	-0.1611	0.5967	13.4888	71.5942	-11.1084	-16.9464	-50.5481	45.6372	46.8700	412	474	-211	100816	0.42 
500.978	2015-01-01 00:05:3.400	0.6631	-0.1812	0.6914	15.5640	60.6079	-9.2773	-15.0403	-47.9993	44.1101	46.6800	414	470	-211	100816	0.42 
500.978	2015-01-01 00:05:3.440	0.7573	-0.1328	0.6870	14.1602	64.4531	-1.8921	-13.4912	-45.6372	43.0389	46.6800	415	469	-211	100816	0.42 
501.025	2015-01-01 00:05:3.480	0.5215	-0.2056	0.7568	16.7236	56.0913	-2.0142	-12.3541	-43.1598	42.5171	46.8300	420	468	-218	100816	0.42 
501.072	2015-01-01 00:05:3.520	0.6182	-0.1885	0.7778	16.9678	53.7109	-9.7046	-11.0962	-41.0120	41.8250	46.8700	428	468	-228	100816	0.42 
501.134	2015-01-01 00:05:3.560	0.5913	-0.1924	0.8369	17.3950	53.2227	-13.0615	-9.8273	-38.8586	41.0724	46.6800	432	469	-232	100816	0.42 
501.166	2015-01-01 00:05:3.600	0.5078	-0.1729	0.8076	18.0664	48.1567	-18.4326	-8.4924	-36.8427	40.1990	46.8300	436	466	-232	100816	0.42 
501.213	2015-01-01 00:05:3.640	0.5132	-0.1411	0.8750	15.9302	49.2554	-17.0288	-7.1741	-34.8926	39.2871	46.8700	439	461	-232	100816	0.42 
501.244	2015-01-01 00:05:3.680	0.5200	-0.1309	0.8447	15.8691	52.0020	-21.1792	-5.9601	-32.9370	38.4082	47.0700	443	458	-235	100816	0.42 
501.291	2015-01-01 00:05:3.720	0.4561	-0.0762	0.8701	14.8926	58.1055	-13.4277	-4.8010	-30.7452	37.6447	46.6800	444	459	-237	100816	0.42 
501.338	2015-01-01 00:05:3.760	0.4307	-0.0620	0.8296	14.8315	68.0542	-14.9536	-3.8507	-28.1964	37.1448	46.8700	444	455	-237	100816	0.42 
501.369	2015-01-01 00:05:3.800	0.3931	-0.0718	0.9746	20.8740	69.3359	-19.9585	-2.6642	-25.3180	36.3922	46.8700	444	454	-237	100816	0.42 
501.432	2015-01-01 00:05:3.840	0.3408	-0.0176	0.9512	17.8833	60.4248	-17.0898	-1.5216	-22.7197	35.8044	46.5900	453	452	-239	100816	0.42 
501.463	2015-01-01 00:05:3.880	0.2939	-0.0293	0.9585	18.4326	55.4199	-17.8223	-0.5273	-20.3796	35.3320	46.6800	456	449	-244	100816	0.42 
501.494	2015-01-01 00:05:3.920	0.2432	0.0142	0.9282	17.8223	57.3730	-12.7563	0.3955	-18.1165	35.0079	46.7300	458	447	-247	100816	0.42 
501.572	2015-01-01 00:05:3.960	0.1650	0.0332	0.9624	15.3198	59.7534	-11.1084	1.2030	-15.6116	34.8816	46.6800	464	447	-249	100816	0.42 
501.572	2015-01-01 00:05:4.000	0.1133	0.0254	0.9541	14.3433	63.9038	-19.5923	1.8896	-13.0408	34.6399	46.6800	471	445	-246	100816	0.42 
501.619	2015-01-01 00:05:4.040	0.0254	0.0332	1.0503	14.7705	40.5884	-16.2964	2.5763	-10.7446	34.2828	46.7300	475	445	-244	100815	0.42 
501.651	2015-01-01 00:05:4.080	-0.0229	0.0557	1.0527	6.6528	29.7241	-10.7422	3.0872	-9.0472	34.1675	46.8700	477	445	-244	100816	0.42 
501.713	2015-01-01 00:05:4.120	-0.0034	0.0396	0.9580	5.4321	29.6021	-14.5264	3.3234	-7.7014	33.9917	46.6800	484	443	-247	100816	0.42 
501.776	2015-01-01 00:05:4.160	-0.0288	0.0874	1.0176	5.8594	22.3389	-8.7891	3.5925	-6.4380	33.8818	46.3900	489	440	-244	100816	0.42 
501.807	2015-01-01 00:05:4.200	-0.0093	0.1387	1.0225	5.3711	18.7988	2.2583	3.8837	-5.4602	34.1455	46.5400	491	442	-245	100816	0.42 
501.838	2015-01-01 00:05:4.240	0.0161	0.0840	0.9976	7.0801	14.5264	4.3945	4.1364	-4.7021	34.6179	47.0200	491	441	-247	100816	0.42 
501.870	2015-01-01 00:05:4.280	0.0313	0.0693	1.0229	7.1411	10.8032	10.5591	4.3945	-4.2242	35.2936	46.4900	491	438	-246	100816	0.42 
501.947	2015-01-01 00:05:4.320	-0.0107	0.0449	1.0054	2.3193	3.8452	4.2725	4.4769	-3.8507	35.9033	46.8300	492	437	-245	100816	0.42 
501.979	2015-01-01 00:05:4.360	0.0078	0.0625	1.0518	6.0425	2.5635	4.2725	4.5923	-3.6145	36.3208	46.6800	495	440	-247	100816	0.42 
501.994	2015-01-01 00:05:4.400	0.0054	0.0640	1.0366	4.9438	-2.0142	5.2490	4.7681	-3.5815	36.7932	46.7300	497	440	-248	100817	0.42 
502.025	2015-01-01 00:05:4.440	0.0044	0.0708	1.0303	3.1128	-2.5024	3.6011	4.8889	-3.6145	37.2272	46.5400	497	440	-251	100817	0.42 
502.072	2015-01-01 00:05:4.480	0.0078	0.0933	0.9995	1.6479	-2.1973	0.0000	4.9493	-3.6530	37.5183	46.6800	498	438	-252	100817	0.42 
502.119	2015-01-01 00:05:4.520	0.0029	0.1030	1.0186	0.9766	-3.6621	-1.7700	5.0153	-3.6694	37.6886	46.7300	500	438	-250	100816	0.42 
502.182	2015-01-01 00:05:4.560	0.0220	0.1006	1.0059	0.5493	-6.0425	-2.1973	5.0647	-3.7848	37.8314	46.7300	501	437	-249	100817	0.42 
502.213	2015-01-01 00:05:4.600	0.0454	0.0869	1.0059	-0.1221	-8.0566	-1.5259	5.0702	-3.9935	37.9742	46.6800	499	437	-250	100817	0.42 
502.244	2015-01-01 00:05:4.640	-0.0103	0.0820	1.0386	-0.6104	-8.4229	-1.5869	5.0372	-4.1473	38.1116	46.8700	496	438	-247	100817	0.42 
502.275	2015-01-01 00:05:4.680	0.0615	0.0752	1.0034	-0.2441	-7.9956	0.1831	5.0153	-4.4934	38.2983	46.5900	494	437	-247	100817	0.42 
502.322	2015-01-01 00:05:4.720	0.0503	0.0737	1.0015	-0.3052	-4.8828	-1.0986	4.9878	-4.7241	38.4851	46.6800	496	437	-250	100817	0.42 
502.353	2015-01-01 00:05:4.760	0.0601	0.0796	1.0093	0.0000	-7.3242	-0.1831	4.9603	-4.9329	38.6719	46.7300	501	436	-251	100817	0.42 
502.400	2015-01-01 00:05:4.800	0.0522	0.0864	1.0195	-0.0610	-7.8735	-0.2441	4.9493	-5.1855	38.8696	46.6800	503	435	-251	100817	0.42 
502.431	2015-01-01 00:05:4.840	0.0684	0.0801	1.0083	-0.3052	-7.8125	0.4272	4.9329	-5.4657	39.0729	46.6800	498	434	-250	100817	0.42 
502.494	2015-01-01 00:05:4.880	0.0625	0.0762	1.0146	-0.2441	-7.1411	0.0000	4.9109	-5.7129	39.2706	46.5400	497	436	-250	100817	0.42 
502.556	2015-01-01 00:05:4.920	0.0874	0.0732	0.9971	-0.2441	-6.5308	-0.3052	4.8889	-5.9711	39.4629	46.7300	495	435	-250	100817	0.42 
502.588	2015-01-01 00:05:4.960	0.0889	0.0796	1.0117	0.0000	-4.8218	-0.7935	4.8724	-6.1688	39.6277	46.7300	494	435	-252	100817	0.42 
502.619	2015-01-01 00:05:5.000	0.0903	0.0776	1.0059	0.0000	-4.8828	-0.1221	4.8615	-6.3336	39.7980	46.6800	494	435	-255	100817	0.42 
502.650	2015-01-01 00:05:5.040	0.0903	0.0752	1.0093	0.0000	-3.6011	-0.8545	4.8450	-6.4490	39.9738	46.7300	494	435	-255	100817	0.42 
502.697	2015-01-01 00:05:5.080	0.0957	0.0762	1.0083	0.0000	-2.9297	-0.3052	4.8340	-6.5424	40.1495	46.6800	490	435	-252	100817	0.42 
502.728	2015-01-01 00:05:5.120	0.0918	0.0811	1.0146	0.2441	-1.8921	-0.4883	4.8340	-6.6083	40.3143	46.5400	489	436	-250	100817	0.42 
502.791	2015-01-01 00:05:5.160	0.0791	0.0767	1.0200	0.4883	-2.4414	-0.4272	4.8285	-6.6412	40.4681	46.6800	490	435	-252	100817	0.42 
502.822	2015-01-01 00:05:5.200	0.0869	0.0776	1.0073	-0.1831	-0.6104	-1.5869	4.8230	-6.6852	40.6110	46.7300	488	435	-251	100817	0.42 
502.853	2015-01-01 00:05:5.240	0.0757	0.0879	1.0239	-0.1831	-5.5542	-0.6714	4.8065	-6.7291	40.7208	46.5900	488	433	-249	100817	0.42 
502.900	2015-01-01 00:05:5.280	0.1006	0.0767	1.0078	-0.1831	-2.8076	-0.9766	4.7900	-6.8500	40.8636	46.5400	489	434	-251	100817	0.42 
502.931	2015-01-01 00:05:5.320	0.0923	0.0747	1.0107	-0.3662	-2.1973	-1.2207	4.7791	-6.8719	40.9845	46.8700	488	434	-253	100817	0.42 
502.994	2015-01-01 00:05:5.360	0.0972	0.0767	1.0112	0.0610	-3.0518	-0.6104	4.7681	-6.9379	41.1108	46.5900	488	434	-257	100817	0.42 
503.025	2015-01-01 00:05:5.400	0.0933	0.0811	1.0083	0.1831	-3.9673	-0.4272	4.7571	-7.0313	41.2427	46.8700	487	434	-257	100817	0.42 
503.057	2015-01-01 00:05:5.440	0.1030	0.0767	1.0005	-0.7324	-3.9063	-0.6714	4.7406	-7.1466	41.3745	46.7300	486	434	-255	100817	0.42 
503.103	2015-01-01 00:05:5.480	0.0977	0.0850	1.0093	-0.9155	-6.3477	0.0000	4.7131	-7.3004	41.5009	46.7300	488	439	-254	100817	0.42 
503.135	2015-01-01 00:05:5.520	0.0981	0.0732	1.0024	-1.0376	-6.7139	-0.7324	4.6692	-7.5201	41.6272	46.8700	489	440	-253	100817	0.42 
503.197	2015-01-01 00:05:5.560	0.1035	0.0806	1.0059	-0.9766	-6.6528	-0.9155	4.6252	-7.7234	41.7206	46.7300	488	437	-252	100817	0.42 
503.244	2015-01-01 00:05:5.600	0.1230	0.0752	1.0054	-1.1597	-5.8594	-0.4883	4.5758	-7.9431	41.8250	46.5400	487	438	-251	100817	0.42 
503.275	2015-01-01 00:05:5.640	0.1201	0.0757	1.0034	-0.7324	-6.1646	-0.3052	4.5319	-8.1464	41.9403	46.8300	486	437	-250	100817	0.42 
503.322	2015-01-01 00:05:5.680	0.1255	0.0718	1.0103	-0.6714	-6.2866	-0.1221	4.4879	-8.3606	42.0612	46.5400	483	435	-251	100817	0.42 
503.369	2015-01-01 00:05:5.720	0.1260	0.0728	1.0063	-0.8545	-6.7139	-0.4883	4.4385	-8.5748	42.1765	46.5900	486	439	-254	100818	0.42 
503.432	2015-01-01 00:05:5.760	0.1274	0.0752	1.0078	-0.8545	-9.4604	0.0000	4.3890	-8.8330	42.2754	46.7300	486	440	-255	100818	0.42 
503.463	2015-01-01 00:05:5.800	0.1240	0.0742	1.0010	-1.4038	-6.4697	-0.4272	4.3451	-9.0747	42.3798	46.5900	481	439	-255	100818	0.42 
503.478	2015-01-01 00:05:5.840	0.1680	0.0728	0.9907	-1.7090	-9.8267	0.9155	4.2847	-9.4482	42.5061	46.6800	485	442	-253	100818	0.42 
503.525	2015-01-01 00:05:5.880	0.1543	0.0698	1.0034	-1.2207	-6.8970	-0.3052	4.2352	-9.7614	42.6270	46.6800	487	444	-252	100818	0.42 
503.572	2015-01-01 00:05:5.920	0.1523	0.0732	1.0010	-1.4038	-8.4839	0.4883	4.1803	-10.0305	42.7313	46.6800	482	442	-254	100818	0.42 
503.603	2015-01-01 00:05:5.960	0.1553	0.0688	0.9922	-2.8687	-10.4370	0.4272	4.0869	-10.3876	42.8522	46.7300	484	439	-255	100818	0.42 
503.635	2015-01-01 00:05:6.000	0.1558	0.0625	1.0015	-2.4414	-10.9253	-0.4883	3.9825	-10.7721	42.9565	46.5400	485	438	-257	100818	0.42 
503.728	2015-01-01 00:05:6.040	0.1538	0.0698	1.0112	-2.5635	-14.0381	0.4272	3.8837	-11.2006	43.0444	46.4900	480	439	-255	100818	0.42 
503.728	2015-01-01 00:05:6.080	0.1699	0.0596	1.0103	-2.9907	-14.5264	0.4883	3.7738	-11.7169	43.1488	46.6800	478	438	-252	100818	0.42 
503.775	2015-01-01 00:05:6.120	0.1934	0.0552	1.0000	-3.0518	-15.0146	-0.3052	3.6530	-12.2772	43.2367	46.8700	477	438	-253	100818	0.42 
503.807	2015-01-01 00:05:6.160	0.2041	0.0527	0.9873	-3.4790	-16.1743	1.0986	3.5266	-12.8760	43.3411	46.5400	474	439	-251	100818	0.42 
503.838	2015-01-01 00:05:6.200	0.2163	0.0527	0.9893	-3.4790	-15.4419	1.1597	3.3893	-13.4802	43.4619	46.7300	471	437	-250	100818	0.42 
503.885	2015-01-01 00:05:6.240	0.1826	0.0444	1.0034	-4.3945	-21.1792	1.2817	3.2245	-14.1449	43.5883	46.7300	470	435	-248	100818	0.42 
503.932	2015-01-01 00:05:6.280	0.2153	0.0420	0.9956	-5.9204	-30.3345	1.4648	3.0048	-15.1227	43.7146	46.5400	471	435	-250	100818	0.42 
503.978	2015-01-01 00:05:6.320	0.2432	0.0420	0.9951	-5.6763	-32.9590	2.4414	2.7631	-16.3586	43.8574	46.6800	470	440	-251	100819	0.42 
504.025	2015-01-01 00:05:6.360	0.2236	0.0518	0.9912	-6.3477	-40.4053	-0.0610	2.5323	-17.6825	43.9398	46.6800	468	442	-251	100818	0.42 
504.057	2015-01-01 00:05:6.400	0.2544	0.0366	0.9854	-8.1787	-44.3115	-2.0752	2.2852	-19.2261	43.8959	46.6800	461	444	-249	100818	0.42 
504.103	2015-01-01 00:05:6.440	0.3145	0.0425	0.9531	-9.6436	-49.8657	-1.4038	1.9830	-21.0773	43.8794	46.7300	458	443	-249	100819	0.42 
504.150	2015-01-01 00:05:6.480	0.3350	0.0410	0.9365	-10.9253	-53.4668	-5.4321	1.6864	-23.0823	43.7476	46.6800	457	445	-248	100819	0.42 
504.213	2015-01-01 00:05:6.520	0.3643	0.0322	0.9390	-10.8643	-58.5327	-0.9766	1.3568	-25.2411	43.6432	46.8300	451	445	-249	100819	0.42 
504.244	2015-01-01 00:05:6.560	0.4175	0.0278	0.9180	-8.2397	-61.3403	-0.6714	1.0327	-27.5867	43.6542	46.8300	441	448	-250	100818	0.42 
504.260	2015-01-01 00:05:6.600	0.4229	0.0122	0.8989	-8.6670	-62.6221	1.4648	0.6976	-29.9927	43.7476	46.4900	433	449	-247	100818	0.42 
504.307	2015-01-01 00:05:6.640	0.5137	0.0166	0.8257	-6.6528	-59.3262	7.0190	0.3186	-32.3987	43.9893	46.8700	426	452	-244	100818	0.42 
504.354	2015-01-01 00:05:6.680	0.5415	-0.0161	0.8584	-10.0708	-59.3262	12.3291	-0.2856	-34.5959	44.5605	46.8700	425	453	-245	100818	0.42 
504.385	2015-01-01 00:05:6.720	0.6157	-0.0039	0.8257	-9.3994	-73.6084	13.2446	-1.0492	-37.2766	45.2637	46.8700	425	456	-246	100818	0.42 
504.448	2015-01-01 00:05:6.760	0.6792	-0.0117	0.7441	-12.2681	-72.7539	16.2964	-2.0654	-40.2924	46.2250	46.7300	418	456	-241	100818	0.42 
504.479	2015-01-01 00:05:6.800	0.7412	-0.0454	0.7227	-6.6528	-68.8477	23.8037	-3.2684	-43.0664	47.4829	46.8700	413	455	-237	100818	0.42 
504.510	2015-01-01 00:05:6.840	0.5776	-0.0571	0.6841	-10.4980	-70.4346	13.6719	-4.6088	-45.6812	48.8947	46.8700	411	455	-234	100818	0.42 
504.557	2015-01-01 00:05:6.880	0.7891	-0.1235	0.6182	-11.4746	-66.7114	12.3291	-5.8997	-48.3453	49.9493	46.7300	405	458	-230	100818	0.42 
504.619	2015-01-01 00:05:6.920	0.7261	-0.1177	0.5913	-12.0239	-70.7397	12.9395	-7.4652	-50.9875	51.2732	46.8300	397	460	-230	100818	0.42 
504.651	2015-01-01 00:05:6.960	0.8032	-0.1655	0.5396	-10.9863	-73.0591	9.9487	-9.0912	-53.7561	52.5806	46.7300	392	462	-231	100818	0.42 
504.682	2015-01-01 00:05:7.000	0.8271	-0.1392	0.4746	-11.6577	-69.2749	6.4697	-10.8984	-56.6235	54.0472	46.8300	391	462	-225	100818	0.42 
504.729	2015-01-01 00:05:7.040	0.8916	-0.1699	0.4990	-8.4839	-62.3779	1.0376	-12.4585	-59.0186	55.2228	46.7300	386	462	-220	100818	0.42 
504.791	2015-01-01 00:05:7.080	0.8564	-0.1670	0.3960	-1.0986	-60.9131	-7.2021	-13.5297	-61.5344	56.0577	46.6800	383	464	-216	100818	0.42 
504.823	2015-01-01 00:05:7.120	1.0327	-0.1055	0.3047	-1.0376	-61.7676	-3.5400	-14.6338	-64.1382	56.9421	46.5900	378	465	-210	100818	0.42 
504.854	2015-01-01 00:05:7.160	0.9414	-0.0298	0.2256	0.4883	-51.8188	-1.4038	-15.7324	-66.5881	57.9034	46.7300	372	462	-204	100818	0.42 
504.917	2015-01-01 00:05:7.200	1.0273	-0.1177	0.2456	-0.7324	-51.6968	1.7090	-17.1497	-68.7195	59.1284	46.8700	370	461	-201	100818	0.42 
504.948	2015-01-01 00:05:7.240	0.9590	-0.0928	0.2212	-3.8452	-38.2690	4.0894	-19.2810	-70.4883	60.9576	46.7300	366	461	-200	100818	0.42 
504.994	2015-01-01 00:05:7.280	0.8799	-0.2754	0.3682	4.2114	-52.2461	9.8877	-22.0935	-71.9385	63.5779	46.8700	369	466	-199	100818	0.42 
505.025	2015-01-01 00:05:7.320	1.1216	-0.0317	0.0132	-5.3711	-55.9692	13.7939	-26.1200	-74.0094	67.6044	46.8700	370	469	-199	100818	0.42 
505.072	2015-01-01 00:05:7.360	1.2549	-0.1489	0.0508	-1.5259	-6.8970	21.2402	-31.0858	-74.9213	72.1472	46.5900	366	467	-193	100818	0.42 
505.119	2015-01-01 00:05:7.400	0.9023	-0.2510	0.1260	-9.7046	-10.7422	-1.8311	-34.5410	-75.0696	74.7620	46.7300	366	469	-190	100818	0.42 
505.150	2015-01-01 00:05:7.440	1.1133	-0.2344	0.1519	-9.8267	6.5918	-0.2441	-35.9583	-75.0037	75.4156	46.5400	366	469	-189	100818	0.42 
505.229	2015-01-01 00:05:7.480	0.9136	-0.1758	0.2300	-10.6201	4.0283	-0.1831	-35.7660	-74.7400	74.4708	46.5400	365	472	-189	100818	0.42 
505.260	2015-01-01 00:05:7.520	0.9438	-0.1763	0.1313	-9.7046	-9.3994	-10.1318	-36.1285	-75.0696	74.0808	46.6800	365	469	-184	100818	0.42 
505.291	2015-01-01 00:05:7.560	1.0928	-0.2749	0.2222	-1.2817	3.2959	-7.2632	-35.0079	-75.3168	72.3505	46.5900	365	467	-182	100818	0.42 
505.338	2015-01-01 00:05:7.600	0.9072	-0.1885	0.0879	-0.6104	2.6245	6.5308	-36.0187	-75.2673	73.0316	46.7300	364	468	-181	100818	0.42 
505.401	2015-01-01 00:05:7.640	0.9541	-0.2393	0.1479	2.0752	16.0522	-12.0850	-35.1508	-75.0146	71.8286	46.7300	361	471	-176	100818	0.42 
505.432	2015-01-01 00:05:7.680	0.9365	-0.1108	0.1021	-3.3569	10.8032	-8.9111	-32.8381	-74.8499	69.0820	46.7300	361	472	-176	100818	0.42 
505.464	2015-01-01 00:05:7.720	0.9209	-0.1338	0.2583	-1.5869	12.3901	-6.5308	-31.0199	-74.5697	66.7969	46.6800	363	470	-179	100818	0.42 
505.526	2015-01-01 00:05:7.760	0.9858	-0.1069	0.2690	0.5493	2.7466	-6.1035	-29.5642	-74.5093	65.0995	46.8300	367	466	-182	100818	0.42 
505.541	2015-01-01 00:05:7.800	0.9917	-0.0918	0.2432	0.7324	0.8545	-1.6479	-28.7842	-74.5367	64.1656	46.6800	368	465	-183	100819	0.42 
505.604	2015-01-01 00:05:7.840	0.9487	-0.1250	0.1616	-0.9766	-0.6714	-0.2441	-28.7183	-74.6246	63.8855	46.7300	364	468	-185	100819	0.42 
505.636	2015-01-01 00:05:7.880	0.9385	-0.1533	0.2061	-1.3428	2.4414	-2.5635	-28.7457	-74.5972	63.5999	46.8700	363	472	-186	100818	0.42 
505.682	2015-01-01 00:05:7.920	0.9717	-0.1533	0.2119	-0.3662	1.2817	-0.7324	-28.4161	-74.5752	63.0231	46.7300	363	473	-185	100818	0.42 
505.713	2015-01-01 00:05:7.960	0.9531	-0.1943	0.2207	-0.7324	1.1597	-0.4272	-28.6633	-74.5148	63.0121	47.0200	363	471	-185	100818	0.42 
505.760	2015-01-01 00:05:8.000	0.9438	-0.1709	0.2261	-1.0986	-0.9766	-2.5635	-28.5809	-74.5038	62.6770	46.6800	363	470	-185	100818	0.42 
505.839	2015-01-01 00:05:8.040	0.9634	-0.1421	0.2310	-0.6104	1.6479	-4.8218	-28.0865	-74.5422	61.9244	46.6800	363	466	-185	100818	0.42 
505.839	2015-01-01 00:05:8.080	0.9756	-0.1396	0.1895	-1.6479	0.0000	-5.5542	-27.9437	-74.6851	61.5509	46.8300	364	467	-188	100818	0.42 
505.901	2015-01-01 00:05:8.120	0.9580	-0.1104	0.2354	-0.5493	-3.4180	-2.7466	-27.3779	-74.7675	60.7764	46.6800	364	468	-192	100817	0.42 
505.964	2015-01-01 00:05:8.160	0.9443	-0.1343	0.2192	0.1831	1.1597	-2.3804	-27.2406	-74.8389	60.4633	46.8300	361	466	-190	100818	0.42 
506.010	2015-01-01 00:05:8.200	0.9644	-0.1333	0.2173	1.2817	-1.8311	-1.3428	-27.0923	-74.8993	60.2106	46.7300	362	468	-189	100817	0.42 
506.041	2015-01-01 00:05:8.240	0.9639	-0.1602	0.2192	-0.2441	1.9531	-1.5869	-26.9440	-74.9158	59.9030	46.7300	362	469	-188	100818	0.42 
506.072	2015-01-01 00:05:8.280	0.9531	-0.1533	0.2178	-0.6714	1.0376	-2.1973	-26.9714	-74.8883	59.7272	46.4900	361	469	-184	100818	0.42 
506.120	2015-01-01 00:05:8.320	0.9653	-0.1367	0.2231	0.1831	-0.0610	-3.3569	-26.7572	-74.9213	59.3372	46.7300	358	463	-180	100818	0.42 
506.151	2015-01-01 00:05:8.360	0.9697	-0.1309	0.2163	-0.1221	-0.9766	-2.1362	-26.5594	-74.9872	58.9856	46.8300	358	465	-181	100818	0.42 
506.213	2015-01-01 00:05:8.400	0.9604	-0.1357	0.2144	-0.1831	-0.7324	-1.7700	-26.4825	-75.0531	58.7549	46.7300	358	466	-182	100818	0.42 
506.245	2015-01-01 00:05:8.440	0.9663	-0.1343	0.2197	-0.1831	0.4883	-2.1973	-26.3452	-75.0861	58.4528	46.7300	360	468	-183	100818	0.42 
506.291	2015-01-01 00:05:8.480	0.9604	-0.1392	0.2178	0.1221	-0.1221	-1.2817	-26.2738	-75.1080	58.2385	46.8300	359	466	-185	100818	0.42 
506.322	2015-01-01 00:05:8.520	0.9658	-0.1333	0.2222	0.2441	-0.0610	-1.4648	-26.2573	-75.1355	58.0847	46.3900	360	468	-184	100818	0.42 
506.369	2015-01-01 00:05:8.560	0.9639	-0.1348	0.2236	-0.1221	-0.0610	-1.3428	-26.1914	-75.1575	57.8815	46.5400	363	469	-186	100818	0.42 
506.448	2015-01-01 00:05:8.600	0.9590	-0.1343	0.2153	-0.4272	-0.2441	-1.0376	-26.2408	-75.1794	57.7936	46.8300	363	469	-186	100818	0.42 
506.479	2015-01-01 00:05:8.640	0.9478	-0.1328	0.2197	-0.4883	-1.5869	0.2441	-26.2408	-75.1904	57.6727	46.9200	360	469	-188	100818	0.42 
506.510	2015-01-01 00:05:8.680	0.9404	-0.1289	0.2290	0.0000	-0.1831	-0.1831	-26.1035	-75.1904	57.4036	46.8700	358	468	-185	100818	0.42 
506.557	2015-01-01 00:05:8.720	1.0020	-0.1299	0.2129	0.3052	2.2583	-4.2725	-26.1694	-75.2673	57.3431	46.8700	358	468	-184	100818	0.42 
506.588	2015-01-01 00:05:8.760	0.9590	-0.1338	0.2104	-0.3662	-4.8828	0.6714	-26.2958	-75.3497	57.3596	46.8300	358	467	-181	100818	0.42 
506.651	2015-01-01 00:05:8.800	0.9580	-0.1372	0.2246	-0.2441	0.1831	-2.3804	-26.3562	-75.3717	57.2827	46.7300	360	467	-182	100818	0.42 
506.695	2015-01-01 00:05:8.840	0.9619	-0.1348	0.2119	-0.1221	0.0000	-1.0376	-26.3177	-75.4156	57.1124	47.0200	359	470	-183	100817	0.42 
506.726	2015-01-01 00:05:8.880	0.9575	-0.1284	0.2158	-0.2441	1.4648	-0.8545	-26.2573	-75.4211	56.9257	46.9200	361	470	-183	100818	0.42 
506.757	2015-01-01 00:05:8.920	0.9600	-0.1367	0.2168	-0.2441	0.7324	-1.8311	-26.1969	-75.4156	56.7444	46.4900	361	469	-184	100817	0.42 
506.820	2015-01-01 00:05:8.960	0.9580	-0.1274	0.2241	-0.1221	-0.7324	-2.0142	-26.0101	-75.4102	56.4478	46.7300	356	468	-183	100817	0.42 
506.852	2015-01-01 00:05:9.000	0.9507	-0.1382	0.2168	-0.3662	-0.8545	-0.6104	-25.9662	-75.4376	56.2939	46.6800	356	467	-182	100817	0.42 
506.883	2015-01-01 00:05:9.040	0.9595	-0.1387	0.2227	0.0000	-0.1221	-2.0142	-25.9277	-75.4651	56.1566	46.9200	360	467	-184	100817	0.42 
506.929	2015-01-01 00:05:9.080	0.9668	-0.1382	0.2158	-0.1831	0.0000	-1.9531	-25.8289	-75.4926	55.9534	46.7300	359	467	-182	100817	0.42 
506.976	2015-01-01 00:05:9.120	0.9644	-0.1318	0.2236	-0.3052	-0.1221	-1.4038	-25.7849	-75.4926	55.8051	46.5900	360	465	-180	100817	0.42 
507.023	2015-01-01 00:05:9.160	0.9575	-0.1270	0.2217	-0.0610	-0.1831	-1.2817	-25.7025	-75.5145	55.6238	46.8300	364	466	-185	100817	0.42 
507.086	2015-01-01 00:05:9.200	0.9580	-0.1309	0.2236	-0.1221	-0.0610	-1.2207	-25.6915	-75.5255	55.5194	46.7300	366	467	-186	100817	0.42 
507.117	2015-01-01 00:05:9.240	0.9443	-0.1318	0.2334	-0.2441	-1.5259	-0.1221	-25.6476	-75.5310	55.4041	46.8300	365	467	-186	100817	0.42 
507.163	2015-01-01 00:05:9.280	0.9482	-0.1299	0.2280	0.0000	0.7935	-0.7935	-25.5157	-75.5255	55.1733	46.6800	361	468	-184	100817	0.42 
507.195	2015-01-01 00:05:9.320	0.9785	-0.1367	0.2031	-0.0610	0.6714	-3.3569	-25.7190	-75.5859	55.2887	46.8700	361	468	-184	100817	0.42 
507.258	2015-01-01 00:05:9.360	0.9565	-0.1274	0.2300	-0.5493	-5.6763	1.4648	-25.6366	-75.6244	55.1404	46.7300	363	469	-183	100817	0.42 
507.289	2015-01-01 00:05:9.400	0.9492	-0.1421	0.2173	0.0610	0.9155	-2.6245	-25.8673	-75.6683	55.2777	46.7300	360	466	-184	100817	0.42 
507.320	2015-01-01 00:05:9.440	0.9688	-0.1353	0.2158	-0.0610	0.0000	-1.0376	-25.7684	-75.7013	55.0964	46.8700	358	466	-184	100817	0.42 
507.367	2015-01-01 00:05:9.480	0.9707	-0.1333	0.2100	-0.1221	1.0986	-2.3193	-25.7410	-75.7123	54.9921	46.8700	358	465	-185	100817	0.42 
507.429	2015-01-01 00:05:9.520	0.9502	-0.1348	0.2197	-0.1831	-2.1973	-2.1362	-25.6915	-75.7013	54.8602	46.8700	361	467	-183	100817	0.42 
507.461	2015-01-01 00:05:9.560	0.9722	-0.1201	0.2339	-0.3662	0.0000	-2.0142	-25.4333	-75.7343	54.5251	46.8300	362	468	-182	100817	0.42 
507.492	2015-01-01 00:05:9.600	0.9512	-0.1338	0.2207	-0.1221	-1.4648	-1.2817	-25.3729	-75.7782	54.3823	46.8300	362	468	-180	100817	0.42 
507.539	2015-01-01 00:05:9.640	0.9644	-0.1260	0.2163	-0.3662	-0.3662	-2.1362	-25.3180	-75.8441	54.2450	46.7300	359	469	-183	100817	0.42 
507.585	2015-01-01 00:05:9.680	0.9678	-0.1343	0.2163	0.1831	-1.4038	-2.7466	-25.2905	-75.9155	54.1406	46.7300	358	470	-184	100817	0.42 
507.632	2015-01-01 00:05:9.720	0.9663	-0.1289	0.2222	-0.1831	-0.9766	-2.0142	-25.1862	-75.9814	53.9594	46.8700	357	467	-181	100817	0.42 
507.664	2015-01-01 00:05:9.760	0.9629	-0.1030	0.2090	-1.3428	-4.6997	-5.2490	-24.9884	-76.1298	53.6682	46.6800	357	471	-182	100817	0.42 
507.727	2015-01-01 00:05:9.800	0.9653	-0.1338	0.2158	-2.1362	-1.9531	-0.1221	-25.1257	-76.2726	53.6572	46.8700	358	469	-182	100817	0.42 
507.758	2015-01-01 00:05:9.840	0.9653	-0.1270	0.2119	-0.7324	-5.2490	-2.0752	-25.4333	-76.3770	53.8550	46.6800	359	469	-183	100817	0.42 
507.835	2015-01-01 00:05:9.880	0.9536	-0.1343	0.2104	-1.9531	-5.0659	2.8076	-26.2518	-76.5582	54.5636	46.7300	360	469	-185	100817	0.42 
507.867	2015-01-01 00:05:9.920	0.9956	-0.1558	0.1938	-1.2817	-4.9438	-2.9297	-27.3120	-76.7780	55.5084	46.8700	359	467	-185	100817	0.42 
507.899	2015-01-01 00:05:9.960	0.9351	-0.1279	0.2026	-1.6479	-11.1084	1.7090	-28.1635	-77.0142	56.2885	46.6800	360	469	-182	100817	0.42 
507.930	2015-01-01 00:05:10.000	0.9146	-0.2202	0.2568	-3.7231	-12.7563	-0.6714	-29.2126	-77.2998	57.1948	46.9200	362	473	-181	100817	0.42 
507.992	2015-01-01 00:05:10.040	0.9487	-0.0083	0.1582	-4.3945	-15.5029	-2.5024	-30.2069	-77.9150	58.0023	46.7300	361	470	-179	100817	0.42 
508.039	2015-01-01 00:05:10.080	0.9829	-0.1973	0.1455	-2.2583	-15.5640	8.6060	-32.5580	-78.3215	60.1831	46.8700	362	469	-176	100817	0.42 
508.070	2015-01-01 00:05:10.120	0.9595	-0.1035	0.0977	-1.8921	-12.9395	6.8970	-36.1230	-78.6182	63.6273	46.8700	364	470	-175	100817	0.42 
508.101	2015-01-01 00:05:10.160	0.8662	-0.1514	0.1948	-1.4648	-14.8315	5.9204	-38.4851	-78.7830	65.8850	46.8700	361	469	-176	100817	0.42 
508.148	2015-01-01 00:05:10.200	1.0005	-0.1304	0.0366	-3.3569	-19.3481	12.3901	-43.3905	-79.0741	70.6586	46.8700	358	467	-176	100817	0.42 
508.180	2015-01-01 00:05:10.240	1.0166	-0.0972	0.0562	1.4648	8.3008	19.4092	-46.5985	-78.7170	73.7183	46.8300	361	471	-176	100817	0.42 
508.257	2015-01-01 00:05:10.280	1.1074	-0.2119	-0.0132	7.0190	25.8789	21.5454	-47.4609	-77.8162	74.5917	46.6800	364	472	-176	100817	0.42 
508.305	2015-01-01 00:05:10.320	1.0308	-0.1909	0.1006	5.0659	31.0059	22.0337	-46.1865	-76.4209	73.4052	46.7300	366	472	-176	100817	0.42 
508.305	2015-01-01 00:05:10.360	1.0669	-0.2129	0.0605	9.5215	46.3257	16.4185	-44.0442	-74.8444	71.3232	46.8700	367	472	-176	100817	0.42 
508.351	2015-01-01 00:05:10.400	1.0107	-0.3237	0.2324	10.8643	50.0488	14.1602	-41.2756	-72.8284	68.7250	46.8300	373	473	-179	100817	0.42 
508.398	2015-01-01 00:05:10.440	0.9756	-0.2627	0.2788	13.3057	60.6079	13.0615	-37.8094	-70.7629	65.4950	46.8300	377	472	-183	100817	0.42 
508.460	2015-01-01 00:05:10.480	0.9399	-0.2861	0.3530	12.2681	59.8755	5.3101	-34.2938	-68.6426	62.1936	46.8700	378	472	-185	100817	0.42 
508.492	2015-01-01 00:05:10.520	0.9126	-0.3066	0.4292	19.5923	59.8145	-0.7935	-30.8276	-66.3904	59.1284	46.9200	383	470	-191	100817	0.42 
508.539	2015-01-01 00:05:10.560	0.8145	-0.0063	0.3477	19.7144	64.4531	12.7563	-27.3340	-64.1821	56.2115	46.8300	387	469	-193	100817	0.42 
508.585	2015-01-01 00:05:10.600	0.9009	-0.3701	0.5015	15.3809	75.6226	26.7334	-25.9772	-61.0236	55.4810	46.8300	389	469	-194	100817	0.42 
508.617	2015-01-01 00:05:10.640	0.5820	-0.2744	0.5059	19.4702	57.9224	0.6714	-24.2633	-58.2715	54.2944	46.7300	400	469	-202	100817	0.42 
508.696	2015-01-01 00:05:10.680	1.0317	-0.2783	0.5151	15.5640	61.4624	-5.4932	-22.0880	-56.0083	52.5806	46.5900	407	468	-208	100817	0.42 
508.727	2015-01-01 00:05:10.720	0.5850	-0.2432	0.5762	14.0381	50.7813	-13.0615	-19.8358	-53.9154	50.6085	46.8300	411	469	-211	100817	0.42 
508.758	2015-01-01 00:05:10.760	0.9097	-0.2466	0.6089	11.0474	55.4810	-15.9302	-17.8088	-52.1411	48.8123	46.8300	415	468	-217	100816	0.42 
508.789	2015-01-01 00:05:10.800	0.6118	-0.2480	0.6528	11.8408	52.1240	-20.4468	-15.8313	-50.1855	46.9281	46.9200	414	466	-219	100817	0.42 
508.836	2015-01-01 00:05:10.840	0.9268	-0.1626	0.6431	10.4370	56.0913	-18.9819	-13.9417	-48.4442	45.1428	46.9200	413	465	-220	100816	0.42 
508.882	2015-01-01 00:05:10.880	0.6445	-0.2100	0.7124	13.3667	57.0068	-22.6440	-12.1289	-46.3513	43.4564	46.8700	421	463	-222	100817	0.42 
508.914	2015-01-01 00:05:10.920	0.6641	-0.1748	0.7261	11.4136	49.9268	-20.2026	-10.4755	-44.3408	41.9733	46.8700	418	462	-222	100817	0.42 
508.961	2015-01-01 00:05:10.960	0.6494	-0.1831	0.7549	11.6577	51.6968	-23.9258	-9.0033	-42.4017	40.6329	46.9200	418	461	-223	100817	0.42 
508.992	2015-01-01 00:05:11.000	0.5601	-0.1333	0.7822	12.0850	47.3633	-23.7427	-7.4487	-40.4736	39.2102	46.8300	425	457	-229	100816	0.42 
509.039	2015-01-01 00:05:11.040	0.6152	-0.1157	0.7876	11.8408	56.8237	-19.7144	-6.1304	-38.4576	38.0786	46.8700	429	460	-232	100816	0.42 
509.117	2015-01-01 00:05:11.080	0.4683	-0.0635	0.8086	12.2070	58.2886	-12.9395	-5.0372	-36.0901	37.3151	47.0700	431	461	-233	100816	0.42 
509.132	2015-01-01 00:05:11.120	0.4531	-0.1011	0.8394	16.2354	54.5044	-12.0850	-4.0430	-33.7555	36.8152	46.9200	437	458	-237	100816	0.42 
509.164	2015-01-01 00:05:11.160	0.4795	-0.0762	0.8740	17.8833	61.1572	-12.8784	-2.9993	-31.3660	36.3702	46.8700	440	455	-238	100816	0.42 
509.211	2015-01-01 00:05:11.200	0.4790	-0.0293	0.8911	18.1274	57.5562	-9.0942	-1.9885	-29.0039	36.0901	47.1100	442	453	-243	100816	0.42 
509.242	2015-01-01 00:05:11.240	0.4180	-0.0376	0.9307	16.9678	59.6924	-8.3008	-1.1041	-26.6364	35.9802	46.8700	448	451	-244	100816	0.42 
509.320	2015-01-01 00:05:11.280	0.3545	-0.0171	0.9126	19.8364	59.3262	-7.9956	-0.2417	-24.2194	35.8759	46.8300	449	450	-241	100816	0.42 
509.382	2015-01-01 00:05:11.320	0.3174	0.0454	0.9556	19.8975	62.8662	-1.0986	0.6647	-21.6870	35.9857	46.8700	450	449	-240	100816	0.42 
509.382	2015-01-01 00:05:11.360	0.2437	0.0977	0.9756	17.0288	64.2090	0.0000	1.4502	-19.0558	36.3318	47.0700	459	446	-242	100816	0.42 
509.429	2015-01-01 00:05:11.400	0.1987	0.0220	0.9561	18.6157	60.6079	-7.9346	2.1643	-16.5125	36.4856	47.0200	463	445	-242	100816	0.42 
509.461	2015-01-01 00:05:11.440	0.1426	-0.0034	1.0210	24.6582	48.7061	-10.6201	3.0652	-14.1614	36.4691	46.8300	471	443	-245	100816	0.42 
509.523	2015-01-01 00:05:11.480	0.1133	0.0225	1.0171	23.4985	38.0249	-12.3901	4.0375	-12.3157	36.4252	46.7300	479	436	-247	100816	0.42 
509.554	2015-01-01 00:05:11.520	0.0864	0.0259	0.9634	19.3481	28.6865	-9.4604	4.8889	-10.8435	36.3483	46.8700	484	431	-247	100816	0.42 
509.632	2015-01-01 00:05:11.560	0.0298	0.0532	0.9819	14.4043	22.7661	-7.4463	5.5206	-9.6185	36.4087	46.8300	488	431	-249	100816	0.42 
509.632	2015-01-01 00:05:11.600	0.0000	0.1436	1.0190	10.6201	18.4326	-10.4980	5.9930	-8.6298	36.3812	46.8700	491	434	-253	100816	0.42 
509.664	2015-01-01 00:05:11.640	0.0205	0.1973	1.0420	9.8877	18.9819	-9.4604	6.4929	-7.6630	36.3153	46.8300	493	434	-255	100815	0.42 
509.726	2015-01-01 00:05:11.680	0.0156	0.1602	1.0244	13.6108	17.6392	-7.6904	7.0477	-6.7346	36.2823	46.9200	494	433	-258	100816	0.42 
509.757	2015-01-01 00:05:11.720	0.0054	0.1563	1.0068	11.5967	14.4043	0.1831	7.6025	-5.9381	36.4746	46.8300	492	432	-259	100815	0.42 
509.789	2015-01-01 00:05:11.760	0.0181	0.1543	1.0068	6.9580	9.8267	3.4790	7.9651	-5.3668	36.8756	46.8700	488	431	-263	100816	0.42 
509.836	2015-01-01 00:05:11.800	0.0098	0.1738	1.0112	1.8921	7.8125	1.8311	8.1354	-4.9109	37.2656	46.8700	493	430	-258	100816	0.42 
509.867	2015-01-01 00:05:11.840	0.0156	0.1753	1.0112	0.0610	0.1831	0.6714	8.1903	-4.7021	37.5677	46.7300	496	430	-261	100816	0.42 
509.930	2015-01-01 00:05:11.880	0.0239	0.1655	1.0020	-1.6479	-0.0610	-1.2207	8.1793	-4.6088	37.7765	46.8700	497	430	-265	100816	0.42 
509.961	2015-01-01 00:05:11.920	0.0229	0.1367	1.0156	-3.2349	-2.8687	-1.6479	8.0750	-4.5648	37.9358	46.8300	497	429	-266	100816	0.42 
509.992	2015-01-01 00:05:11.960	0.0508	0.1274	1.0063	-3.4790	-4.2725	-2.5024	7.9156	-4.6582	38.0457	46.8700	499	431	-258	100816	0.42 
510.039	2015-01-01 00:05:12.000	0.0664	0.1318	1.0117	-3.1738	-1.3428	1.0986	7.7618	-4.7351	38.2379	47.0700	501	429	-255	100816	0.42 
510.070	2015-01-01 00:05:12.040	0.0518	0.1240	1.0151	-3.6011	-0.9766	2.0752	7.6025	-4.7461	38.5455	47.0200	502	429	-254	100817	0.42 
510.133	2015-01-01 00:05:12.080	0.0571	0.1060	1.0034	-2.8687	-2.5024	1.2207	7.4377	-4.8175	38.8312	46.9200	501	431	-255	100816	0.42 
510.164	2015-01-01 00:05:12.120	0.0498	0.1079	1.0039	-2.5024	-3.0518	-0.9766	7.3114	-4.8779	39.0399	46.8300	500	430	-255	100816	0.42 
510.227	2015-01-01 00:05:12.160	0.0557	0.1099	1.0088	-1.2207	-2.0142	-1.8921	7.2125	-4.9109	39.1718	46.5900	498	429	-253	100816	0.42 
510.258	2015-01-01 00:05:12.200	0.0537	0.1118	1.0098	-0.9766	-1.8311	-1.7700	7.1466	-4.9384	39.3036	46.8700	498	428	-250	100816	0.42 
510.304	2015-01-01 00:05:12.240	0.0610	0.1069	1.0029	-0.5493	-2.1973	-3.4790	7.0972	-4.9823	39.4135	46.7300	498	429	-254	100816	0.42 
510.336	2015-01-01 00:05:12.280	0.0801	0.1133	0.9941	1.4648	1.0986	-3.9673	7.1246	-4.9548	39.4519	46.7300	498	429	-256	100816	0.42 
510.368	2015-01-01 00:05:12.320	0.0737	0.1128	1.0078	1.0376	4.8218	-1.5869	7.1741	-4.8010	39.5837	46.8700	496	430	-257	100816	0.42 
510.430	2015-01-01 00:05:12.360	0.0537	0.1265	1.0210	0.5493	5.1270	-1.2817	7.1960	-4.5593	39.7485	46.8700	496	427	-256	100816	0.42 
510.461	2015-01-01 00:05:12.400	0.0332	0.1274	1.0176	0.1831	3.9673	-1.4038	7.2015	-4.3231	39.9188	46.6800	497	426	-256	100816	0.42 
510.508	2015-01-01 00:05:12.440	0.0400	0.1313	1.0088	-0.7324	6.3477	-3.8452	7.2015	-4.0540	40.0287	46.8700	500	427	-256	100816	0.42 
510.539	2015-01-01 00:05:12.480	0.0371	0.1323	1.0093	-0.7324	0.6714	-1.8311	7.1741	-3.8562	40.1331	46.8700	502	424	-253	100816	0.42 
510.571	2015-01-01 00:05:12.520	0.0381	0.1201	1.0195	-1.0376	1.9531	-3.1738	7.1191	-3.7408	40.2429	46.8300	502	421	-251	100816	0.42 
510.633	2015-01-01 00:05:12.560	0.0205	0.1221	1.0215	-1.4038	0.0610	-1.7700	7.0642	-3.6090	40.3473	46.8700	503	423	-252	100816	0.42 
510.664	2015-01-01 00:05:12.600	0.0410	0.1177	1.0015	-0.6104	-0.6104	-1.0376	7.0093	-3.5980	40.4791	46.9200	501	427	-253	100816	0.42 
510.711	2015-01-01 00:05:12.640	0.0347	0.1152	1.0049	0.0000	0.3662	-0.7324	6.9873	-3.5596	40.6165	46.7300	501	429	-254	100816	0.42 
510.742	2015-01-01 00:05:12.680	0.0391	0.1108	1.0093	-0.4883	0.4883	0.4883	6.9598	-3.5266	40.7922	46.8700	500	429	-254	100816	0.42 
510.773	2015-01-01 00:05:12.720	0.0337	0.1094	1.0078	0.0610	-1.6479	0.8545	6.9324	-3.5266	40.9900	46.8700	500	430	-252	100816	0.42 
510.820	2015-01-01 00:05:12.760	0.0405	0.1201	0.9990	-0.4883	-2.3193	0.2441	6.9104	-3.5706	41.1768	46.8300	500	428	-256	100816	0.42 
510.851	2015-01-01 00:05:12.800	0.0342	0.1182	1.0200	-0.4272	-2.3804	-0.6104	6.8884	-3.6090	41.3141	46.9200	501	427	-257	100816	0.42 
510.945	2015-01-01 00:05:12.840	0.0449	0.1196	1.0083	-0.5493	-2.5024	-0.3662	6.8665	-3.6804	41.4404	46.8700	501	431	-254	100816	0.42 
510.976	2015-01-01 00:05:12.880	0.0386	0.1152	1.0122	-0.9155	-3.8452	-1.3428	6.8280	-3.7628	41.5393	47.0700	500	432	-252	100816	0.42 
510.992	2015-01-01 00:05:12.920	0.0430	0.1157	1.0098	-0.9766	-4.5776	-0.5493	6.7896	-3.8947	41.6327	46.8700	500	433	-251	100816	0.42 
511.039	2015-01-01 00:05:12.960	0.0381	0.1191	1.0273	-0.9766	-7.5684	-0.3052	6.7511	-4.0814	41.7371	46.9200	501	430	-253	100816	0.42 
511.070	2015-01-01 00:05:13.000	0.0562	0.1050	1.0078	-0.1221	-6.8359	-0.7935	6.7126	-4.3451	41.8304	46.6800	496	432	-256	100816	0.42 
511.117	2015-01-01 00:05:13.040	0.0610	0.1191	0.9888	0.3662	-7.5684	0.7324	6.7236	-4.6307	41.9348	46.9200	494	434	-257	100817	0.42 
511.149	2015-01-01 00:05:13.080	0.0459	0.1182	1.0200	-0.8545	-11.5356	1.8311	6.6962	-4.9603	42.0721	46.8700	494	431	-254	100817	0.42 
511.195	2015-01-01 00:05:13.120	0.0737	0.1128	1.0078	-0.6104	-9.6436	0.7935	6.6412	-5.3723	42.2369	46.7300	495	429	-256	100817	0.42 
511.243	2015-01-01 00:05:13.160	0.0508	0.1211	1.0112	-0.4883	-13.1226	0.4883	6.6083	-5.7678	42.3358	46.8700	494	427	-257	100817	0.42 
511.274	2015-01-01 00:05:13.200	0.0737	0.1138	0.9961	-1.8311	-15.7471	0.7324	6.5588	-6.3062	42.4402	46.8700	496	431	-258	100817	0.42 
511.367	2015-01-01 00:05:13.240	0.0498	0.1128	1.0146	-4.6997	-21.9727	-0.2441	6.4270	-6.9598	42.4786	46.7300	493	428	-257	100817	0.42 
511.383	2015-01-01 00:05:13.280	0.0674	0.1309	1.0044	-6.8359	-29.4189	2.0752	6.2183	-7.9156	42.5336	47.0200	490	426	-256	100817	0.42 
511.414	2015-01-01 00:05:13.320	0.0923	0.1343	1.0000	-9.6436	-34.4849	5.9814	5.9161	-9.1187	42.6984	46.8300	489	427	-256	100818	0.42 
511.445	2015-01-01 00:05:13.360	0.1221	0.1011	1.0195	-9.9487	-39.4897	3.9063	5.5151	-10.5524	42.8796	46.9200	487	428	-256	100817	0.42 
511.477	2015-01-01 00:05:13.400	0.1313	0.0952	1.0015	-10.1929	-45.4102	2.0142	5.1251	-12.1344	42.9401	46.8700	485	428	-258	100817	0.42 
511.571	2015-01-01 00:05:13.440	0.1836	0.0840	0.9854	-11.6577	-52.3071	2.1362	4.7021	-14.0295	43.0005	46.7300	485	428	-260	100817	0.42 
511.571	2015-01-01 00:05:13.480	0.1997	0.0527	0.9849	-12.0850	-58.2886	1.2817	4.2407	-16.1499	43.0389	46.8700	477	430	-259	100817	0.42 
511.633	2015-01-01 00:05:13.520	0.2339	0.0366	0.9609	-14.8315	-67.8101	-1.8921	3.7079	-18.5669	42.9950	46.6800	471	437	-261	100817	0.42 
511.664	2015-01-01 00:05:13.560	0.3081	0.0542	0.9482	-17.2119	-75.2563	-5.6763	3.1696	-21.3354	42.7917	46.8300	469	442	-263	100817	0.42 
511.695	2015-01-01 00:05:13.600	0.3726	0.0513	0.9902	-16.2964	-84.7778	2.3804	2.5983	-24.4830	42.6544	46.5400	460	443	-262	100817	0.42 
511.758	2015-01-01 00:05:13.640	0.4307	0.0449	0.8813	-17.6392	-81.9092	0.7324	1.9116	-27.9053	42.7698	47.0200	446	443	-258	100817	0.42 
511.773	2015-01-01 00:05:13.680	0.4775	0.0435	0.8628	-11.4746	-72.9370	4.2114	1.3953	-30.9045	42.8687	47.0700	437	444	-254	100817	0.42 
511.820	2015-01-01 00:05:13.720	0.5151	0.0034	0.7485	-7.9956	-50.5371	0.4272	0.9229	-33.3820	43.0609	46.6800	430	447	-251	100817	0.42 
511.867	2015-01-01 00:05:13.760	0.5737	0.0234	0.8213	-7.9346	-76.5381	12.9395	0.4559	-35.7715	43.4344	46.8300	423	446	-251	100817	0.42 
511.930	2015-01-01 00:05:13.800	0.5825	-0.0356	0.8140	-9.6436	-79.6509	24.4141	-0.5493	-38.9081	44.5935	46.6800	422	447	-252	100816	0.42 
511.961	2015-01-01 00:05:13.840	0.6748	-0.0464	0.7417	-11.6577	-78.1860	16.7236	-1.7249	-41.9843	45.7581	47.0200	419	449	-250	100816	0.42 
511.992	2015-01-01 00:05:13.880	0.7041	-0.0454	0.6924	-14.2822	-71.8994	18.9209	-3.1036	-44.9561	46.9940	46.9200	407	454	-246	100816	0.42 
512.039	2015-01-01 00:05:13.920	0.7529	-0.0513	0.6182	-12.8784	-74.6460	16.2354	-4.6143	-47.8839	48.3014	46.8700	404	458	-239	100816	0.42 
512.070	2015-01-01 00:05:13.960	0.8525	-0.0352	0.5435	-10.9863	-66.3452	16.3574	-6.0480	-50.7898	49.5209	46.7300	402	460	-236	100817	0.42 
512.133	2015-01-01 00:05:14.000	0.7402	-0.1543	0.5054	-9.8877	-65.7349	5.0659	-7.5861	-53.3661	50.8118	46.8300	397	458	-230	100816	0.42 
512.164	2015-01-01 00:05:14.040	0.9780	-0.1377	0.4419	-13.7329	-60.2417	6.2866	-8.8330	-56.0413	51.5479	46.6800	396	455	-225	100816	0.42 
512.195	2015-01-01 00:05:14.080	0.7344	-0.1099	0.5103	-11.8408	-58.3496	6.9580	-10.5853	-58.2495	52.8607	46.8300	396	454	-222	100816	0.42 
512.242	2015-01-01 00:05:14.120	1.0513	-0.1172	0.4141	-7.8735	-57.7393	2.0752	-11.9641	-60.6226	53.8660	46.9200	390	456	-221	100816	0.42 
512.290	2015-01-01 00:05:14.160	0.7598	-0.0884	0.3677	-9.3994	-59.3262	7.5684	-13.6725	-62.9352	55.2338	46.8300	383	461	-220	100816	0.42 
512.368	2015-01-01 00:05:14.200	1.1152	-0.1357	0.3018	-8.5449	-52.6123	0.4272	-15.6390	-65.2094	56.8433	46.7300	381	462	-214	100816	0.42 
512.368	2015-01-01 00:05:14.240	0.9561	-0.0864	0.2041	-8.8501	-50.6592	12.3291	-18.2153	-67.3901	59.0350	46.8300	376	462	-210	100816	0.42 
512.430	2015-01-01 00:05:14.280	0.9624	-0.1895	0.3223	-9.8877	-44.1284	6.1646	-21.2256	-69.0106	61.6113	46.8300	374	462	-204	100816	0.42 
512.461	2015-01-01 00:05:14.320	0.9272	-0.1162	0.1885	-4.5166	-34.7900	11.3525	-24.2029	-70.5212	64.1821	46.9200	374	462	-200	100816	0.42 
512.492	2015-01-01 00:05:14.360	1.0137	-0.2412	0.2729	-8.3008	-43.0908	2.6855	-27.7679	-71.7352	67.3297	46.8700	373	464	-198	100816	0.42 
512.539	2015-01-01 00:05:14.400	1.0742	-0.1519	0.1177	-4.8828	-31.8604	4.3945	-30.8167	-73.0975	69.9005	46.7300	370	465	-194	100816	0.42 
512.602	2015-01-01 00:05:14.440	0.9990	-0.2148	0.0879	-7.5684	-21.2402	-2.4414	-33.7555	-74.0479	72.2571	46.8700	367	466	-194	100816	0.42 
512.633	2015-01-01 00:05:14.480	0.9331	-0.1152	0.2217	-5.6763	-12.0239	12.7563	-35.6396	-74.4104	73.7128	46.8700	365	468	-193	100816	0.42 
512.696	2015-01-01 00:05:14.520	0.9336	-0.2651	0.1318	-7.0190	-18.6768	2.0752	-38.3588	-74.7565	75.9375	46.8700	369	471	-184	100816	0.42 
512.742	2015-01-01 00:05:14.560	1.1533	-0.1982	0.0947	-0.1221	7.0801	4.5776	-39.9738	-74.9817	77.0361	46.7300	369	473	-181	100816	0.42 
512.773	2015-01-01 00:05:14.600	0.8584	-0.2114	0.2061	-2.8076	-2.8687	6.4087	-40.3418	-74.6576	77.0361	46.8300	369	475	-178	100816	0.42 
512.805	2015-01-01 00:05:14.640	1.0454	-0.2666	0.0918	1.0986	9.5825	-3.5400	-40.8362	-74.6356	77.1185	47.1100	370	473	-182	100816	0.42 
512.868	2015-01-01 00:05:14.680	0.8711	-0.2314	0.2192	-0.4272	2.6855	11.1694	-40.5341	-74.1632	76.6022	46.7300	368	471	-183	100816	0.42 
512.899	2015-01-01 00:05:14.720	0.8989	-0.2534	0.1563	-2.6855	-1.7700	-0.9766	-41.6382	-73.9655	77.3547	46.8300	369	471	-183	100817	0.42 
512.945	2015-01-01 00:05:14.760	1.0332	-0.1904	0.1436	-0.6104	14.2212	-6.5308	-40.9186	-74.0094	76.1957	46.9200	369	470	-181	100816	0.42 
512.977	2015-01-01 00:05:14.800	0.9404	-0.1616	0.2544	-2.8687	11.0474	-2.5635	-39.3475	-73.6963	74.2401	46.9200	369	472	-179	100816	0.42 
513.040	2015-01-01 00:05:14.840	0.9238	-0.1670	0.2373	-5.9204	0.8545	-7.3242	-38.4467	-73.6029	72.9053	46.8300	367	473	-178	100816	0.42 
513.071	2015-01-01 00:05:14.880	0.9404	-0.1416	0.1841	-5.1880	7.1411	-3.2959	-37.7271	-73.6908	71.7297	46.8700	369	473	-180	100816	0.42 
513.102	2015-01-01 00:05:14.920	0.9355	-0.1592	0.1973	-4.4556	5.9814	-5.0659	-36.8481	-73.5919	70.3894	46.8700	369	473	-184	100816	0.42 
513.180	2015-01-01 00:05:14.960	0.9609	-0.1787	0.1929	-2.0142	6.6528	-2.9907	-36.1285	-73.5040	69.3018	46.7300	371	474	-187	100816	0.42 
513.195	2015-01-01 00:05:15.000	0.9438	-0.2373	0.2134	1.0376	6.7749	-1.1597	-35.4529	-73.2733	68.3844	46.8700	373	472	-185	100816	0.42 
513.243	2015-01-01 00:05:15.040	0.9097	-0.1865	0.1973	-0.5493	5.0049	-0.8545	-35.1068	-73.0920	67.8296	46.9200	372	472	-183	100816	0.42 
513.274	2015-01-01 00:05:15.080	0.9541	-0.1982	0.2305	-1.1597	7.2021	-3.7231	-34.5245	-72.9437	66.9836	46.8700	371	472	-181	100816	0.42 
513.352	2015-01-01 00:05:15.120	0.9521	-0.2017	0.2271	-0.9155	2.8076	-4.5166	-33.9807	-72.8394	66.1926	46.8300	371	470	-183	100816	0.42 
513.384	2015-01-01 00:05:15.160	0.9448	-0.1724	0.2144	-0.2441	3.0518	-3.4790	-33.6237	-72.8503	65.6323	47.0200	370	470	-181	100816	0.42 
513.415	2015-01-01 00:05:15.200	0.9551	-0.1616	0.2412	-0.6714	3.9063	-6.2866	-32.8656	-72.8394	64.6710	46.9200	369	472	-183	100816	0.42 
513.446	2015-01-01 00:05:15.240	0.9609	-0.1816	0.2529	-0.9766	4.1504	-3.9673	-32.1240	-72.8119	63.7207	46.7300	369	469	-182	100816	0.42 
513.509	2015-01-01 00:05:15.280	0.9517	-0.1978	0.2505	-0.6104	0.4883	-2.6245	-31.7725	-72.7789	63.1769	46.9200	367	470	-181	100816	0.42 
513.555	2015-01-01 00:05:15.320	0.9287	-0.1797	0.2417	-0.3662	-0.4272	-2.5024	-31.6461	-72.8284	62.8857	46.8700	367	469	-182	100816	0.42 
513.587	2015-01-01 00:05:15.360	0.9580	-0.1670	0.2310	-0.6714	3.8452	-4.8218	-31.2671	-72.8833	62.3364	46.8300	367	469	-182	100816	0.42 
513.618	2015-01-01 00:05:15.400	0.9399	-0.1953	0.2471	-0.5493	-2.5024	-2.0142	-31.1407	-72.8998	62.0563	46.6800	368	470	-183	100816	0.42 
513.664	2015-01-01 00:05:15.440	0.9502	-0.1611	0.2603	-0.4883	-4.0283	-2.0142	-30.9155	-72.9987	61.7102	46.8700	366	472	-185	100816	0.42 
513.711	2015-01-01 00:05:15.480	0.9355	-0.1709	0.2197	-0.3052	0.8545	-1.8311	-31.0474	-73.1140	61.7212	47.0700	364	473	-185	100816	0.42 
513.758	2015-01-01 00:05:15.520	0.9609	-0.1738	0.2305	0.3052	-0.9155	-2.3804	-30.8881	-73.1635	61.4355	46.8300	367	470	-184	100816	0.42 
513.821	2015-01-01 00:05:15.560	0.9521	-0.1704	0.2319	-0.1831	-0.0610	-1.5869	-30.8716	-73.2239	61.3037	47.0700	368	470	-185	100816	0.42 
513.852	2015-01-01 00:05:15.600	0.9375	-0.1841	0.2466	-0.3662	-1.0986	-1.1597	-30.7892	-73.2239	61.1115	46.8700	368	470	-187	100816	0.42 
513.899	2015-01-01 00:05:15.640	0.9434	-0.1724	0.2490	-0.2441	-0.1831	-1.5869	-30.7397	-73.2513	60.9467	46.9200	368	470	-185	100816	0.42 
513.930	2015-01-01 00:05:15.680	0.9448	-0.1616	0.2397	-0.4883	-1.5869	-1.4038	-30.7507	-73.3173	60.8423	47.0200	371	471	-182	100816	0.42 
513.993	2015-01-01 00:05:15.720	0.9575	-0.1704	0.2368	-0.6104	-0.7324	-1.6479	-30.8112	-73.3887	60.7819	46.8300	370	471	-184	100816	0.42 
514.024	2015-01-01 00:05:15.760	0.9492	-0.1704	0.2324	-0.1831	-1.4648	-1.4648	-30.8881	-73.4491	60.7489	46.7300	366	471	-182	100817	0.42 
514.055	2015-01-01 00:05:15.800	0.9502	-0.1699	0.2339	-0.4883	-0.8545	-1.0376	-30.9155	-73.5040	60.6665	46.8700	367	472	-181	100816	0.42 
514.118	2015-01-01 00:05:15.840	0.9492	-0.1675	0.2305	-0.1221	-1.2817	-1.0376	-30.9979	-73.5535	60.6500	46.9200	367	475	-186	100817	0.42 
514.164	2015-01-01 00:05:15.880	0.9478	-0.1733	0.2363	-0.0610	-1.4038	-1.1597	-31.0748	-73.6029	60.6281	46.8700	367	476	-188	100816	0.42 
514.196	2015-01-01 00:05:15.920	0.9370	-0.1699	0.2319	-0.4883	-3.5400	-0.1831	-31.2396	-73.6798	60.7104	46.8700	367	472	-183	100816	0.42 
514.227	2015-01-01 00:05:15.960	0.9570	-0.1680	0.2227	-0.4883	0.7935	-2.7466	-31.2177	-73.7787	60.5621	46.9200	368	471	-181	100816	0.42 
514.290	2015-01-01 00:05:16.000	0.9585	-0.1753	0.2300	-0.2441	-1.8921	-2.3193	-31.3934	-73.8501	60.6390	46.7300	369	469	-179	100817	0.42 
514.321	2015-01-01 00:05:16.040	0.9438	-0.1626	0.2441	-0.0610	-4.9438	-0.0610	-31.3770	-73.9105	60.5402	46.8300	367	469	-178	100817	0.42 
514.367	2015-01-01 00:05:16.080	0.9443	-0.1826	0.2095	-0.2441	0.6104	-1.7700	-31.6681	-73.9874	60.7269	46.8700	366	472	-179	100817	0.42 
514.414	2015-01-01 00:05:16.120	0.9507	-0.1724	0.2236	-0.0610	-0.8545	-0.6714	-31.6571	-74.0094	60.6006	46.8700	365	475	-178	100816	0.42 
514.445	2015-01-01 00:05:16.160	0.9614	-0.1719	0.2222	-0.6104	0.3662	-2.4414	-31.7010	-74.0424	60.5347	47.0200	366	474	-179	100817	0.42 
514.492	2015-01-01 00:05:16.200	0.9434	-0.1699	0.2397	-0.6104	-0.9155	-0.9766	-31.5747	-74.0314	60.3040	46.9200	366	473	-180	100817	0.42 
514.524	2015-01-01 00:05:16.240	0.9497	-0.1641	0.2334	-0.1831	-0.0610	-2.0752	-31.4923	-74.0479	60.1282	47.0700	366	471	-180	100817	0.42 
514.602	2015-01-01 00:05:16.280	0.9463	-0.1689	0.2251	-0.3662	-0.9766	-1.0376	-31.4484	-74.0808	60.0018	46.9200	368	471	-182	100817	0.42 
514.633	2015-01-01 00:05:16.320	0.9478	-0.1738	0.2271	0.1831	0.0000	-1.5259	-31.4758	-74.1083	59.9469	46.8700	367	468	-183	100816	0.42 
514.664	2015-01-01 00:05:16.360	0.9507	-0.1724	0.2280	0.1831	-0.0610	-1.7700	-31.4264	-74.1302	59.8260	47.2100	364	471	-184	100817	0.42 
514.711	2015-01-01 00:05:16.400	0.9531	-0.1704	0.2314	0.0000	0.2441	-1.5259	-31.3055	-74.1357	59.6393	47.0200	363	472	-185	100817	0.42 
514.774	2015-01-01 00:05:16.440	0.9521	-0.1650	0.2300	0.0000	0.0610	-1.3428	-31.2396	-74.1412	59.5074	47.0200	366	472	-184	100816	0.42 
514.805	2015-01-01 00:05:16.480	0.9551	-0.1685	0.2246	-0.0610	0.7324	-1.1597	-31.1957	-74.1412	59.3976	47.0700	366	471	-184	100816	0.42 
514.836	2015-01-01 00:05:16.520	0.9531	-0.1670	0.2334	-0.7324	0.6104	0.4272	-31.1737	-74.0918	59.3097	46.7300	366	470	-184	100816	0.42 
514.883	2015-01-01 00:05:16.560	0.9429	-0.1724	0.2324	-0.4272	2.9297	-0.4883	-30.9979	-74.0039	59.0515	46.8700	365	468	-183	100816	0.42 
514.930	2015-01-01 00:05:16.600	0.9658	-0.1724	0.2236	-0.2441	2.5635	-2.5635	-31.0748	-73.9490	59.0570	47.0200	367	474	-187	100816	0.42 
514.977	2015-01-01 00:05:16.640	0.9473	-0.1611	0.2437	-0.0610	-1.8921	-1.0376	-30.8331	-73.9215	58.7769	46.9200	368	476	-189	100816	0.42 
515.009	2015-01-01 00:05:16.680	0.9487	-0.1758	0.2383	-0.1221	4.0894	-4.1504	-30.5750	-73.8940	58.4583	46.8700	366	473	-185	100816	0.42 
515.055	2015-01-01 00:05:16.720	0.9502	-0.1563	0.2339	0.1831	1.9531	-4.3335	-30.0092	-73.8885	57.8320	46.7300	366	473	-184	100816	0.42 
515.102	2015-01-01 00:05:16.760	0.9604	-0.1694	0.2397	0.3052	2.8687	-4.7607	-29.3939	-73.8666	57.1619	46.8300	367	472	-185	100816	0.42 
515.133	2015-01-01 00:05:16.800	0.9443	-0.1704	0.2422	0.1831	0.1221	-2.5024	-28.9984	-73.8336	56.7224	46.8300	367	469	-184	100816	0.42 
515.211	2015-01-01 00:05:16.840	0.9502	-0.1572	0.2505	0.0000	1.0986	-3.1738	-28.7018	-73.8336	56.3763	46.9200	368	470	-184	100816	0.42 
515.243	2015-01-01 00:05:16.880	0.9463	-0.1514	0.2490	-0.3052	0.0000	-1.9531	-28.4216	-73.8501	56.0577	46.8700	368	470	-184	100816	0.42 
515.274	2015-01-01 00:05:16.920	0.9468	-0.1509	0.2412	-0.3052	0.8545	-1.7090	-28.3008	-73.8611	55.8984	46.8700	367	472	-184	100816	0.42 
515.321	2015-01-01 00:05:16.960	0.9473	-0.1641	0.2485	0.1831	-0.1221	-1.7700	-28.2074	-73.8611	55.7666	46.8300	369	471	-182	100816	0.42 
515.383	2015-01-01 00:05:17.000	0.9546	-0.1538	0.2510	-0.1221	-0.2441	-0.9766	-28.1250	-73.8776	55.6458	46.9200	370	471	-181	100816	0.42 
515.415	2015-01-01 00:05:17.040	0.9521	-0.1602	0.2471	-0.2441	0.0000	-0.9155	-28.1799	-73.8831	55.6622	46.8300	368	473	-182	100816	0.42 
515.446	2015-01-01 00:05:17.080	0.9541	-0.1567	0.2412	-0.0610	-0.1221	-1.3428	-28.1140	-73.8940	55.5579	46.8700	366	474	-187	100816	0.42 
515.493	2015-01-01 00:05:17.120	0.9458	-0.1553	0.2534	-0.2441	-0.4272	-0.1221	-28.1360	-73.8831	55.5579	46.8700	365	473	-189	100816	0.42 
515.556	2015-01-01 00:05:17.160	0.9570	-0.1519	0.2417	0.7324	-0.2441	-1.2207	-28.1635	-73.9050	55.5743	46.8700	367	471	-187	100817	0.42 
515.602	2015-01-01 00:05:17.200	0.9629	-0.1475	0.2358	0.5493	2.6855	-3.9673	-27.9822	-73.9380	55.3876	46.8700	367	471	-183	100817	0.42 
515.634	2015-01-01 00:05:17.240	0.9253	-0.1543	0.2612	-0.1831	-2.3804	-0.0610	-27.7734	-73.9215	55.1569	47.0700	367	473	-184	100817	0.42 
515.665	2015-01-01 00:05:17.280	0.9741	-0.1460	0.2808	0.5493	-0.7935	-0.7324	-27.7075	-73.9600	55.0800	46.9200	366	471	-181	100817	0.42 
515.728	2015-01-01 00:05:17.320	0.9287	-0.1758	0.2148	-0.1221	-2.6245	-0.6104	-28.1799	-74.0588	55.5414	46.9200	366	472	-180	100816	0.42 
515.759	2015-01-01 00:05:17.360	0.9585	-0.1577	0.2412	0.1221	-1.8311	-2.2583	-28.1525	-74.1083	55.4645	46.8700	367	472	-179	100817	0.42 
515.805	2015-01-01 00:05:17.400	0.9561	-0.1602	0.2446	0.2441	-1.3428	-1.0376	-28.2349	-74.1632	55.5084	47.0200	366	471	-181	100817	0.42 
515.837	2015-01-01 00:05:17.440	0.9590	-0.1528	0.2358	0.0000	-0.1221	-0.5493	-28.2733	-74.1962	55.5194	46.9200	364	471	-182	100817	0.42 
515.899	2015-01-01 00:05:17.480	0.9419	-0.1533	0.2412	-0.3662	-2.6855	-1.0986	-28.4381	-74.2291	55.6567	46.9200	363	471	-182	100816	0.42 
515.931	2015-01-01 00:05:17.520	0.9653	-0.1538	0.2437	-0.4883	-1.4648	-0.1221	-28.5480	-74.2731	55.7446	46.9200	367	469	-185	100817	0.42 
515.962	2015-01-01 00:05:17.560	0.9487	-0.1577	0.2319	-0.4272	-1.8921	-1.5869	-28.6853	-74.3060	55.8435	46.8300	367	471	-182	100817	0.42 
516.040	2015-01-01 00:05:17.600	0.9487	-0.1577	0.2422	-0.6714	-2.1973	-0.7324	-28.8391	-74.3719	55.9589	46.8700	367	472	-181	100816	0.42 
516.040	2015-01-01 00:05:17.640	0.9531	-0.1704	0.2231	-0.9155	-3.8452	0.6714	-29.3445	-74.4818	56.4093	46.8700	366	473	-182	100817	0.42 
516.086	2015-01-01 00:05:17.680	0.9580	-0.1592	0.2451	-0.1831	-3.4790	-2.1362	-29.6411	-74.5862	56.6675	46.9200	363	470	-183	100817	0.42 
516.133	2015-01-01 00:05:17.720	0.9185	-0.0825	0.2871	0.8545	-20.5078	6.4697	-30.2014	-74.8608	57.3212	46.9200	366	471	-183	100817	0.42 
516.211	2015-01-01 00:05:17.760	0.9395	-0.2412	0.2290	0.4272	-10.7422	-2.8687	-32.5854	-75.3937	59.7162	46.8300	363	471	-181	100817	0.42 
516.243	2015-01-01 00:05:17.800	1.0039	-0.1157	0.2134	1.6479	-4.8828	-4.5776	-32.3163	-75.7452	59.4745	47.0200	365	472	-185	100817	0.42 
516.274	2015-01-01 00:05:17.840	0.8906	-0.1807	0.1577	-1.2817	-8.7891	-2.8687	-33.2556	-76.0583	60.3699	47.0700	364	472	-184	100817	0.42 
516.321	2015-01-01 00:05:17.880	1.0229	-0.1587	0.1943	-0.3662	-2.7466	-2.8687	-33.3380	-76.3110	60.3644	46.8300	364	472	-184	100817	0.42 
516.352	2015-01-01 00:05:17.920	0.9155	-0.1489	0.1763	-2.0142	-9.8877	3.2959	-34.3707	-76.4319	61.3422	46.9200	365	470	-183	100817	0.42 
516.414	2015-01-01 00:05:17.960	0.9663	-0.2476	0.2144	-0.1221	-6.7139	-1.0376	-35.5463	-76.5637	62.4353	46.8700	362	469	-180	100817	0.42 
516.446	2015-01-01 00:05:18.000	0.9819	-0.0981	0.1909	-0.4883	-7.3242	-0.5493	-35.9802	-76.8439	62.8033	46.8700	361	468	-179	100817	0.42 
516.493	2015-01-01 00:05:18.040	0.9536	-0.2334	0.1626	-0.6714	-11.2915	-1.4038	-37.5183	-77.1185	64.2975	47.0700	362	469	-180	100817	0.42 
516.524	2015-01-01 00:05:18.080	0.9746	-0.0962	0.1533	-1.0986	-7.3853	2.3193	-38.4137	-77.4042	65.1215	46.9200	364	470	-180	100817	0.42 
516.571	2015-01-01 00:05:18.120	0.9385	-0.2124	0.1675	-0.2441	-9.7656	4.2114	-40.2264	-77.5195	66.8848	47.0700	365	470	-180	100817	0.42 
516.649	2015-01-01 00:05:18.160	0.9717	-0.1323	0.1499	-0.7935	-8.1787	2.5024	-41.6931	-77.6843	68.2965	46.9200	364	471	-180	100817	0.42 
516.649	2015-01-01 00:05:18.200	0.9673	-0.1851	0.1514	-1.3428	-7.0190	5.9204	-43.4949	-77.7338	70.0049	46.8300	364	470	-178	100817	0.42 
516.696	2015-01-01 00:05:18.240	0.9370	-0.1426	0.1792	-1.0376	-8.7280	9.6436	-45.3571	-77.6733	71.8011	47.2100	363	471	-176	100817	0.42 
516.743	2015-01-01 00:05:18.280	0.9717	-0.1738	0.1079	-1.0986	-5.4321	10.6812	-47.9993	-77.5470	74.3335	46.8700	365	471	-176	100817	0.42 
516.774	2015-01-01 00:05:18.320	0.9141	-0.2715	0.0757	-1.0986	-2.6245	13.2446	-50.2679	-77.2229	76.5033	46.8700	363	475	-178	100817	0.42 
516.852	2015-01-01 00:05:18.360	1.0254	-0.1904	0.0552	0.1221	13.3667	17.6392	-51.7291	-76.6351	77.8107	46.9200	361	477	-181	100817	0.42 
516.915	2015-01-01 00:05:18.400	1.0400	-0.2642	0.0142	4.9438	27.4658	15.5640	-51.2073	-75.6299	77.1844	46.9200	363	476	-179	100817	0.42 
516.915	2015-01-01 00:05:18.440	1.0479	-0.2642	0.1025	10.9253	47.4854	14.7705	-48.5321	-74.2072	74.5532	46.9200	369	475	-179	100817	0.42 
516.961	2015-01-01 00:05:18.480	1.0488	-0.2505	0.2007	14.9536	56.6406	11.4746	-44.2474	-72.4329	70.5487	47.0200	369	476	-179	100817	0.42 
517.024	2015-01-01 00:05:18.520	0.9478	-0.2876	0.2642	14.5874	59.6313	6.4087	-39.9792	-70.4114	66.5771	46.9200	372	476	-179	100817	0.42 
517.055	2015-01-01 00:05:18.560	1.0083	-0.3433	0.3267	17.2729	68.9697	-2.7466	-35.5957	-68.2690	62.5177	47.0200	382	477	-183	100817	0.42 
517.086	2015-01-01 00:05:18.600	0.7612	-0.2900	0.4092	18.1274	60.6689	-20.6299	-30.6299	-66.2695	57.8485	46.9200	385	476	-189	100817	0.42 
517.134	2015-01-01 00:05:18.640	1.2554	-0.2832	0.3848	18.4326	72.0825	-24.7192	-25.6201	-64.3030	53.2068	46.8700	387	474	-194	100817	0.42 
517.196	2015-01-01 00:05:18.680	0.4878	-0.0483	0.5288	17.1509	69.8242	-12.3291	-21.0773	-61.8915	49.0869	46.8700	391	472	-201	100817	0.42 
517.243	2015-01-01 00:05:18.720	1.2773	-0.2378	0.4697	14.1602	72.9980	-5.7373	-18.4900	-59.2493	46.9336	46.9200	393	471	-204	100817	0.42 
517.290	2015-01-01 00:05:18.760	0.4502	-0.1211	0.5508	14.7705	57.3120	-11.5967	-16.0345	-56.7444	44.9011	46.6800	396	471	-210	100817	0.42 
517.305	2015-01-01 00:05:18.800	1.0581	-0.1821	0.5903	12.6953	50.4150	-2.5635	-14.4196	-54.5471	43.8135	47.0700	399	469	-214	100817	0.42 
517.336	2015-01-01 00:05:18.840	0.4800	-0.1240	0.6025	10.3760	52.1851	-14.5264	-12.6782	-52.5146	42.3303	47.0200	401	467	-213	100817	0.42 
517.384	2015-01-01 00:05:18.880	0.9502	-0.1138	0.6396	7.5073	48.7061	-6.7749	-11.3049	-50.4657	41.2701	47.0200	402	466	-212	100817	0.42 
517.461	2015-01-01 00:05:18.920	0.6074	-0.1636	0.6606	10.4370	57.0679	-17.3950	-9.8877	-48.3893	40.0177	46.9200	407	464	-216	100817	0.42 
517.493	2015-01-01 00:05:18.960	0.6523	-0.1006	0.7007	11.1084	50.9644	-14.2822	-8.4210	-46.1920	38.8477	47.1100	409	461	-224	100817	0.42 
517.508	2015-01-01 00:05:19.000	0.7002	-0.1206	0.7285	12.5732	55.0537	-17.4561	-7.0587	-44.1211	37.8094	47.0700	414	461	-227	100817	0.42 
517.571	2015-01-01 00:05:19.040	0.6245	-0.1201	0.7485	14.6484	56.1523	-15.1978	-5.7513	-41.9128	36.9305	47.0200	417	461	-230	100817	0.42 
517.602	2015-01-01 00:05:19.080	0.6182	-0.1304	0.7930	13.7939	57.1899	-11.9629	-4.6362	-39.6552	36.2878	47.0700	421	460	-233	100817	0.42 
517.633	2015-01-01 00:05:19.120	0.5352	-0.1387	0.8149	14.8315	53.5278	-16.1743	-3.6420	-37.4139	35.7880	46.9200	423	462	-238	100817	0.42 
517.696	2015-01-01 00:05:19.160	0.5103	-0.0845	0.8379	13.0615	50.6592	-17.7002	-2.5873	-35.3210	35.1123	46.9200	423	463	-241	100817	0.42 
517.727	2015-01-01 00:05:19.200	0.5112	-0.0474	0.8901	11.1694	50.1709	-13.0005	-1.6754	-33.2611	34.5740	47.0700	429	459	-242	100817	0.42 
517.758	2015-01-01 00:05:19.240	0.5269	-0.0420	0.8564	13.0615	52.1851	-12.2681	-0.9119	-31.2506	34.3158	46.9200	433	453	-244	100817	0.42 
517.805	2015-01-01 00:05:19.280	0.5283	-0.0249	0.8750	17.0288	57.0068	-5.9814	-0.0659	-29.0533	34.1895	47.0700	439	451	-246	100817	0.42 
517.868	2015-01-01 00:05:19.320	0.3921	0.0400	0.9385	17.4561	58.9600	1.0376	0.6427	-26.6254	34.4641	46.9200	443	451	-247	100817	0.42 
517.899	2015-01-01 00:05:19.360	0.3599	0.0342	0.8960	17.5781	63.2324	1.0376	1.3019	-24.1699	34.8871	46.9200	447	448	-245	100817	0.42 
517.946	2015-01-01 00:05:19.400	0.2842	0.0547	0.9146	21.6675	59.5093	-0.8545	2.0709	-21.6595	35.2606	47.0700	450	445	-244	100817	0.42 
517.977	2015-01-01 00:05:19.440	0.2236	0.0547	0.9077	22.3999	59.5703	-6.8359	2.9883	-19.1437	35.5023	46.9200	453	444	-247	100818	0.42 
518.024	2015-01-01 00:05:19.480	0.1992	0.0400	1.0171	18.1274	51.6968	-16.2964	3.9001	-16.7432	35.4144	46.9200	463	439	-248	100817	0.42 
518.071	2015-01-01 00:05:19.520	0.1455	0.0996	0.9482	10.4980	48.7671	-13.4277	4.5264	-14.7107	35.2441	47.0700	469	433	-247	100817	0.42 
518.133	2015-01-01 00:05:19.560	0.1333	0.0737	1.0605	10.6812	51.6968	-14.5874	4.9988	-12.4530	35.1398	46.9200	470	430	-244	100817	0.42 
518.165	2015-01-01 00:05:19.600	0.1201	0.1279	0.9629	11.5967	46.9971	-10.1318	5.5042	-10.4425	35.1178	47.1100	478	431	-247	100817	0.42 
518.180	2015-01-01 00:05:19.640	0.0293	0.1138	1.0532	10.9253	42.2363	-9.2773	5.9821	-8.4430	35.2277	47.0200	484	432	-251	100817	0.42 
518.227	2015-01-01 00:05:19.680	0.0063	0.1338	1.0200	15.9302	31.8604	-5.2490	6.4929	-6.8280	35.3320	47.0200	486	432	-251	100817	0.42 
518.274	2015-01-01 00:05:19.720	-0.0186	0.1089	0.9863	14.1602	30.5786	-5.8594	7.0752	-5.4437	35.5792	47.0700	488	431	-251	100817	0.42 
518.305	2015-01-01 00:05:19.760	-0.0430	0.0942	0.9897	14.4043	28.3203	-2.6245	7.6025	-4.1089	35.8154	47.0200	493	430	-254	100817	0.42 
518.337	2015-01-01 00:05:19.800	-0.0742	0.1230	1.0122	12.9395	24.5972	0.1831	8.0859	-2.9114	36.2054	47.0200	498	431	-254	100818	0.42 
518.384	2015-01-01 00:05:19.840	-0.0732	0.1265	1.0063	11.8408	21.6064	-3.4790	8.5254	-1.8732	36.5131	46.9200	503	430	-255	100817	0.42 
518.430	2015-01-01 00:05:19.880	-0.0894	0.1636	1.0176	10.9253	16.4185	-4.4556	8.9374	-0.9558	36.7053	47.0200	507	427	-255	100818	0.42 
518.477	2015-01-01 00:05:19.920	-0.0581	0.1704	1.0083	9.6436	15.2588	-1.7700	9.3713	-0.2417	36.9196	47.0700	505	426	-255	100818	0.42 
518.524	2015-01-01 00:05:19.960	-0.0742	0.1943	1.0049	7.0801	12.8784	0.3052	9.7174	0.3900	37.2382	47.0200	505	424	-254	100818	0.42 
518.572	2015-01-01 00:05:20.000	-0.0664	0.2065	1.0122	6.3477	8.1177	1.8921	10.0195	0.8954	37.5842	47.0700	508	425	-254	100818	0.42 
518.603	2015-01-01 00:05:20.040	-0.0747	0.2153	1.0220	5.3711	7.5073	1.5869	10.2942	1.2689	37.9358	47.0700	511	425	-254	100818	0.42 
518.634	2015-01-01 00:05:20.080	-0.0786	0.2070	1.0220	2.6855	5.3711	-0.9766	10.4865	1.5656	38.1940	47.0700	514	422	-253	100818	0.42 
518.712	2015-01-01 00:05:20.120	-0.0693	0.1948	1.0229	-0.4883	-0.8545	-3.6011	10.5194	1.6919	38.3313	46.9200	515	421	-253	100818	0.42 
518.712	2015-01-01 00:05:20.160	-0.0649	0.1895	0.9976	-2.2583	-1.8921	-4.0894	10.4590	1.6974	38.3752	47.0700	514	418	-254	100818	0.42 
518.775	2015-01-01 00:05:20.200	-0.0488	0.1758	0.9868	-3.1128	-0.3662	-3.0518	10.3436	1.7249	38.4467	47.0200	514	422	-254	100818	0.42 
518.806	2015-01-01 00:05:20.240	-0.0708	0.1772	0.9917	-3.3569	0.5493	-1.8921	10.2063	1.8182	38.5730	47.1100	516	423	-254	100817	0.42 
518.837	2015-01-01 00:05:20.280	-0.0620	0.1650	1.0000	-3.7231	1.5259	-1.7700	10.0525	1.9281	38.7323	47.0700	515	424	-254	100818	0.42 
518.915	2015-01-01 00:05:20.320	-0.0747	0.1704	1.0078	-3.6621	2.3193	-1.8921	9.8822	2.0654	38.8696	46.9200	512	423	-256	100817	0.42 
518.915	2015-01-01 00:05:20.360	-0.0610	0.1631	1.0044	-3.6011	1.4648	-2.1973	9.7174	2.1808	38.9960	47.2100	514	422	-258	100817	0.42 
518.978	2015-01-01 00:05:20.400	-0.0786	0.1567	1.0093	-3.9673	0.3662	-1.3428	9.5361	2.2742	39.1333	47.0700	514	423	-254	100817	0.42 
519.009	2015-01-01 00:05:20.440	-0.0552	0.1548	0.9956	-3.2349	0.5493	-1.2817	9.3713	2.2961	39.2981	47.0700	516	423	-252	100818	0.42 
519.087	2015-01-01 00:05:20.480	-0.0708	0.1572	1.0059	-2.0752	1.5869	-1.4038	9.2560	2.4005	39.4464	47.1100	516	425	-253	100817	0.42 
519.119	2015-01-01 00:05:20.520	-0.0776	0.1470	1.0024	-1.6479	0.9155	-1.5259	9.1626	2.4994	39.5892	47.3500	516	427	-253	100817	0.42 
519.150	2015-01-01 00:05:20.560	-0.0645	0.1460	0.9976	-0.8545	1.8311	-0.3662	9.0967	2.5708	39.7540	47.0700	516	428	-252	100817	0.42 
519.180	2015-01-01 00:05:20.600	-0.0669	0.1450	0.9995	-0.4272	1.1597	-0.9766	9.0582	2.6807	39.9243	46.8700	514	426	-252	100817	0.42 
519.212	2015-01-01 00:05:20.640	-0.0947	0.1504	1.0210	-0.2441	-1.2207	-0.9155	9.0198	2.7631	40.0671	47.0700	514	426	-252	100817	0.42 
519.259	2015-01-01 00:05:20.680	-0.0601	0.1528	0.9888	0.2441	-0.6104	-0.2441	9.0143	2.7301	40.2209	47.0200	514	426	-252	100817	0.42 
519.321	2015-01-01 00:05:20.720	-0.0688	0.1582	0.9985	0.1831	0.4883	-1.5869	9.0088	2.7631	40.3473	46.9200	514	423	-254	100817	0.42 
519.337	2015-01-01 00:05:20.760	-0.0674	0.1548	1.0078	0.2441	0.4272	-1.2207	9.0033	2.8235	40.4846	46.9200	513	424	-254	100817	0.42 
519.384	2015-01-01 00:05:20.800	-0.0703	0.1514	0.9946	0.1831	1.3428	-0.7935	8.9923	2.8729	40.6165	47.0200	510	424	-254	100817	0.42 
519.415	2015-01-01 00:05:20.840	-0.0854	0.1553	1.0029	-0.0610	1.4038	-1.8311	8.9868	2.9828	40.7318	47.1100	509	423	-254	100817	0.42 
519.493	2015-01-01 00:05:20.880	-0.0874	0.1553	1.0068	-0.1221	1.4648	-1.4648	8.9703	3.0707	40.8197	47.0200	514	425	-254	100817	0.42 
519.525	2015-01-01 00:05:20.920	-0.0757	0.1528	0.9961	-0.1831	0.3052	-1.0986	8.9539	3.1366	40.9296	47.1100	514	425	-254	100817	0.42 
519.556	2015-01-01 00:05:20.960	-0.0767	0.1553	1.0010	-0.2441	1.2207	-1.7090	8.9319	3.2025	41.0339	47.1100	517	424	-253	100817	0.42 
519.587	2015-01-01 00:05:21.000	-0.0845	0.1504	1.0039	-0.3052	1.1597	-0.9155	8.9044	3.2904	41.1493	46.8700	516	427	-253	100817	0.42 
519.618	2015-01-01 00:05:21.040	-0.0801	0.1577	0.9976	-0.6714	0.7324	-1.3428	8.8715	3.3618	41.2592	47.0700	516	424	-251	100817	0.42 
519.665	2015-01-01 00:05:21.080	-0.0840	0.1484	0.9995	-0.3052	0.4272	-0.3052	8.8495	3.4167	41.3855	47.0700	519	426	-251	100817	0.42 
519.743	2015-01-01 00:05:21.120	-0.0840	0.1548	1.0039	-0.3662	0.3662	-0.9766	8.8330	3.4662	41.5118	47.0700	520	426	-252	100817	0.42 
519.743	2015-01-01 00:05:21.160	-0.0796	0.1509	1.0039	-0.1221	0.1221	-0.9155	8.8110	3.5156	41.6272	46.9200	519	424	-252	100817	0.42 
519.790	2015-01-01 00:05:21.200	-0.0811	0.1523	0.9922	-0.1221	-0.3662	-0.4883	8.8000	3.5486	41.7371	47.0200	514	426	-253	100817	0.42 
519.821	2015-01-01 00:05:21.240	-0.1040	0.1543	1.0054	-0.6714	-1.5259	-1.0376	8.7836	3.5760	41.8304	47.0200	511	427	-253	100817	0.42 
519.868	2015-01-01 00:05:21.280	-0.0693	0.1533	0.9951	-0.2441	-1.9531	-0.4272	8.7561	3.5046	41.9183	47.0700	513	426	-251	100817	0.42 
519.915	2015-01-01 00:05:21.320	-0.0840	0.1572	1.0132	-0.9766	-1.8921	-1.3428	8.7231	3.4827	41.9897	47.1100	515	427	-254	100816	0.42 
519.962	2015-01-01 00:05:21.360	-0.0796	0.1479	1.0034	-0.4883	-2.2583	-0.9766	8.6902	3.4387	42.0612	47.0700	514	428	-257	100817	0.42 
520.009	2015-01-01 00:05:21.400	-0.0791	0.1484	1.0034	-0.5493	-1.7700	-1.0376	8.6627	3.3893	42.1271	47.0700	513	428	-258	100817	0.42 
520.040	2015-01-01 00:05:21.440	-0.0781	0.1533	1.0063	-0.1831	-1.4038	-0.6714	8.6353	3.3618	42.2040	47.1100	515	425	-253	100817	0.42 
520.087	2015-01-01 00:05:21.480	-0.0840	0.1509	1.0098	-0.3052	-1.0376	-0.9155	8.6078	3.3508	42.2809	47.1100	518	425	-253	100817	0.42 
520.150	2015-01-01 00:05:21.520	-0.0684	0.1519	0.9951	0.0000	-1.1597	-0.7324	8.5968	3.3234	42.3743	47.2600	518	426	-252	100817	0.42 
520.181	2015-01-01 00:05:21.560	-0.0767	0.1499	1.0000	0.0000	0.0000	-0.9766	8.5913	3.3234	42.4622	46.8700	517	427	-252	100817	0.42 
520.212	2015-01-01 00:05:21.600	-0.0723	0.1509	1.0054	-0.6104	-0.1221	-1.0986	8.5748	3.3453	42.5446	47.0700	516	423	-253	100817	0.42 
520.244	2015-01-01 00:05:21.640	-0.0815	0.1499	1.0024	-0.0610	0.1221	-1.2207	8.5638	3.3783	42.6160	47.0700	516	424	-256	100817	0.42 
520.321	2015-01-01 00:05:21.680	-0.0723	0.1460	1.0000	-0.2441	-0.1831	-1.2817	8.5529	3.3948	42.6819	46.9200	516	424	-258	100818	0.42 
520.353	2015-01-01 00:05:21.720	-0.0815	0.1484	1.0054	-0.1221	-0.6714	-1.3428	8.5419	3.4222	42.7478	47.1100	515	423	-253	100817	0.42 
520.368	2015-01-01 00:05:21.760	-0.0713	0.1519	0.9985	-0.1831	-0.1831	-1.2817	8.5309	3.4167	42.8082	47.0700	516	427	-251	100817	0.42 
520.415	2015-01-01 00:05:21.800	-0.0640	0.1484	0.9868	0.0000	-0.4883	-1.0376	8.5199	3.4222	42.8796	47.1100	516	430	-248	100817	0.42 
520.446	2015-01-01 00:05:21.840	-0.0923	0.1558	1.0093	-0.1221	-2.9297	-1.4648	8.5089	3.4332	42.9181	46.8700	516	432	-247	100818	0.42 
520.493	2015-01-01 00:05:21.880	-0.0586	0.1470	0.9990	-0.3052	-1.1597	-0.8545	8.4924	3.3508	42.9840	47.0700	517	429	-253	100817	0.42 
520.556	2015-01-01 00:05:21.920	-0.0801	0.1509	1.0093	-0.3662	-0.5493	-1.4038	8.4705	3.3563	43.0225	47.0700	515	428	-255	100817	0.42 
520.587	2015-01-01 00:05:21.960	-0.0752	0.1484	0.9932	0.0000	-1.1597	-1.1597	8.4540	3.3344	43.0719	47.2100	514	428	-256	100817	0.42 
520.618	2015-01-01 00:05:22.000	-0.0757	0.1479	1.0024	-0.1831	-0.9155	-1.3428	8.4375	3.3234	43.1104	47.2600	514	427	-254	100818	0.42 
520.665	2015-01-01 00:05:22.040	-0.0781	0.1509	0.9990	0.0000	-0.8545	-1.2207	8.4265	3.3234	43.1598	47.2600	515	427	-254	100817	0.42 
520.696	2015-01-01 00:05:22.080	-0.0791	0.1455	1.0127	0.0000	-0.7324	-0.8545	8.4155	3.3234	43.2037	47.1100	516	424	-254	100818	0.42 
520.759	2015-01-01 00:05:22.120	-0.0698	0.1494	0.9941	0.0000	-0.7324	-0.6104	8.4100	3.3014	43.2861	47.1100	516	424	-252	100818	0.42 
520.791	2015-01-01 00:05:22.160	-0.0693	0.1504	1.0039	-0.3052	0.7324	-1.1597	8.3990	3.3179	43.3575	47.2100	517	424	-249	100818	0.42 
520.822	2015-01-01 00:05:22.200	-0.0713	0.1499	1.0029	-0.1221	-0.1221	-1.5259	8.3826	3.3508	43.4070	47.2100	515	424	-253	100818	0.42 
520.868	2015-01-01 00:05:22.240	-0.0781	0.1440	1.0034	-0.5493	-0.6104	-1.7090	8.3551	3.3838	43.4399	47.2600	514	424	-254	100818	0.42 
520.899	2015-01-01 00:05:22.280	-0.0688	0.1499	1.0073	-0.4883	-0.9766	-1.2817	8.3331	3.3728	43.4784	47.1100	514	423	-254	100818	0.42 
520.962	2015-01-01 00:05:22.320	-0.0708	0.1504	0.9990	-0.4272	-1.5869	-1.5259	8.3112	3.3453	43.5168	47.0200	517	423	-252	100818	0.42 
520.977	2015-01-01 00:05:22.360	-0.0620	0.1445	0.9990	-0.6104	-1.0376	-1.7090	8.2837	3.3179	43.5498	47.1100	517	423	-252	100818	0.42 
521.024	2015-01-01 00:05:22.400	-0.0513	0.1436	0.9858	-0.7324	-0.4272	-1.3428	8.2617	3.2684	43.5992	47.1100	517	423	-253	100818	0.42 
521.071	2015-01-01 00:05:22.440	-0.0952	0.1499	1.0269	-0.7935	-4.3945	-1.3428	8.2288	3.2520	43.6212	47.1100	516	422	-252	100818	0.42 
521.134	2015-01-01 00:05:22.480	-0.0498	0.1396	0.9932	-0.6714	-2.6245	-1.4038	8.2068	3.0981	43.6652	47.1100	515	425	-252	100819	0.42 
521.165	2015-01-01 00:05:22.520	-0.0674	0.1455	1.0063	-0.6104	-1.8311	-1.5259	8.1903	3.0432	43.6871	46.9200	513	425	-254	100819	0.42 
521.196	2015-01-01 00:05:22.560	-0.0571	0.1401	1.0068	-0.0610	-2.6855	-1.0376	8.1683	2.9718	43.7311	47.2100	513	424	-257	100819	0.42 
521.244	2015-01-01 00:05:22.600	-0.0625	0.1411	0.9941	-0.2441	-1.7700	-1.0376	8.1519	2.9059	43.7750	47.1100	515	424	-258	100819	0.42 
521.275	2015-01-01 00:05:22.640	-0.0625	0.1436	1.0049	-0.1221	-1.4038	-1.1597	8.1409	2.8619	43.8245	47.1100	516	422	-253	100819	0.42 
521.352	2015-01-01 00:05:22.680	-0.0674	0.1436	1.0049	0.0610	-1.5869	-0.7324	8.1299	2.8345	43.8684	47.0700	514	425	-254	100819	0.42 
521.400	2015-01-01 00:05:22.720	-0.0542	0.1411	0.9941	0.0610	-1.4038	-0.8545	8.1244	2.7795	43.9178	47.4000	513	424	-252	100820	0.42 
521.400	2015-01-01 00:05:22.760	-0.0566	0.1450	1.0068	-0.1831	-0.7935	-1.2207	8.1189	2.7466	43.9508	47.1100	512	424	-251	100820	0.42 
521.446	2015-01-01 00:05:22.800	-0.0566	0.1436	1.0039	-0.3052	-1.2207	-1.2207	8.1079	2.7246	43.9838	47.1100	512	427	-251	100820	0.42 
521.477	2015-01-01 00:05:22.840	-0.0630	0.1411	1.0083	-0.3662	-0.9155	-1.2207	8.0969	2.7136	44.0222	47.0200	515	424	-252	100820	0.42 
521.525	2015-01-01 00:05:22.880	-0.0571	0.1484	1.0093	-0.0610	-0.9766	-1.0986	8.0914	2.6917	44.0607	47.0700	516	423	-252	100820	0.42 
521.587	2015-01-01 00:05:22.920	-0.0630	0.1455	1.0117	-0.1221	-1.5869	-1.2817	8.0859	2.6697	44.1046	47.1100	514	423	-253	100820	0.42 
521.603