StartTime: 2017-07-14 14:47:44.458
Time(s)	ax(g)	ay(g)	az(g)	wx(deg/s)	wy(deg/s)	wz(deg/s)	AngleX(deg)	AngleY(deg)	AngleZ(deg)	T(°)	hx	hy	hz	Pressure(Pa)	Altitude(m) 
273.622	-0.2227	0.0493	1.0117	-0.0610	-0.0610	0.9766	2.4390	11.8378	100.4919	44.8300	223	-36	-53	100557	0.64 
273.778	-0.2158	0.0342	1.0620	1.0376	1.1597	4.3335	2.5104	11.8268	100.6403	44.8400	222	-39	-52	100557	0.64 
273.825	-0.2808	0.0483	1.0356	-4.3945	-25.6348	-3.2959	2.3346	10.8325	100.5084	44.8200	224	-37	-52	100557	0.64 
273.934	-0.2446	0.0532	1.0200	-8.9722	-26.0010	-3.7842	1.8347	8.2837	99.9811	44.8200	219	-34	-58	100557	0.64 
273.981	-0.1318	0.0503	1.0029	-15.9302	-51.1475	-3.7231	0.5988	4.2517	99.2560	44.8400	211	-28	-72	100557	0.64 
274.200	-0.0449	0.0352	1.0117	-18.3716	-62.9883	2.9297	-0.9833	-1.0986	99.0967	44.8400	197	-27	-85	100557	0.64 
274.231	0.0464	-0.0112	1.1167	-23.9868	-70.1294	10.1318	-2.8235	-7.1631	100.1019	44.8300	181	-23	-107	100557	0.64 
274.325	0.3359	-0.0947	0.8613	-32.3486	-91.9189	24.9023	-6.0205	-15.6665	102.1399	44.8400	162	-20	-129	100558	0.64 
274.387	0.4702	-0.2065	0.8418	-27.9541	-83.2520	18.9819	-10.3931	-23.5272	105.7214	44.8300	127	-15	-149	100558	0.64 
274.544	0.6021	-0.2710	0.7910	-28.1372	-82.1533	10.7422	-15.0073	-31.1572	109.1492	44.8300	101	-10	-163	100558	0.64 
274.606	0.8271	-0.3013	0.6401	-20.8130	-62.7441	-0.6104	-19.3359	-38.2159	111.9836	44.8300	71	-3	-175	100558	0.64 
274.762	0.8364	-0.3589	0.5186	-18.0664	-41.4429	3.5400	-22.4561	-42.7368	113.8568	44.8200	51	1	-179	100558	0.64 
274.840	0.8750	-0.4585	0.4443	-12.6953	-29.5410	3.7842	-24.8895	-44.5221	114.9445	44.8100	43	8	-178	100558	0.64 
274.950	0.4956	-0.3667	0.8589	1.8921	-13.6108	-7.2021	-24.4775	-44.4232	113.8074	44.8300	36	14	-182	100558	0.64 
275.075	0.7236	-0.3237	0.5054	4.0283	34.3628	-8.2397	-24.9554	-46.3733	114.4116	44.7900	34	12	-185	100558	0.64 
275.184	0.7236	-0.2573	0.7236	3.1738	10.2539	-2.4414	-23.1976	-44.4672	112.5714	44.8000	40	12	-186	100558	0.64 
275.263	0.6729	-0.2500	0.6802	-2.7466	-4.0283	3.3569	-22.5165	-44.2419	111.8793	44.8100	42	10	-185	100558	0.64 
275.403	0.6914	-0.2666	0.6875	0.2441	2.0752	-3.1738	-22.7032	-44.1705	111.8738	44.7900	45	14	-181	100558	0.64 
275.497	0.7119	-0.2656	0.6660	-2.3193	-4.6997	2.6855	-22.6263	-44.3848	111.6870	44.8000	45	12	-183	100558	0.64 
275.608	0.7324	-0.2944	0.6621	0.0000	4.0894	0.1221	-22.9120	-44.5660	111.8243	44.7900	42	13	-183	100558	0.64 
275.764	0.7075	-0.2690	0.6870	-0.1221	3.3569	0.8545	-22.7802	-44.1760	111.6650	44.7900	43	12	-183	100558	0.64 
275.811	0.7007	-0.2568	0.6831	-0.1831	-0.6104	-0.3052	-22.7252	-44.0222	111.5662	44.7900	43	15	-183	100557	0.64 
275.967	0.7056	-0.2720	0.6797	-0.9766	-1.1597	0.6714	-22.7527	-44.1046	111.4783	44.7900	44	14	-181	100558	0.64 
276.030	0.7148	-0.2739	0.6733	-0.4272	0.9766	0.4272	-22.8241	-44.1321	111.4563	44.7900	43	14	-183	100558	0.64 
276.170	0.7231	-0.2769	0.6772	0.0000	0.8545	-0.4883	-22.8351	-44.0222	111.4233	44.8000	44	13	-182	100558	0.64 
276.217	0.6943	-0.2651	0.6802	-0.5493	-1.6479	1.7090	-22.8790	-43.9124	111.5057	44.8000	43	10	-185	100557	0.64 
276.358	0.7041	-0.2754	0.6821	-0.3662	-0.1221	1.0376	-22.9065	-43.9288	111.5332	44.8000	44	12	-182	100557	0.64 
276.452	0.7080	-0.2734	0.6880	-0.3052	1.1597	0.1221	-22.9395	-43.8849	111.5387	44.7900	46	12	-183	100557	0.64 
276.561	0.7046	-0.2705	0.6802	-0.2441	0.3052	0.4272	-22.9669	-43.8354	111.5277	44.7900	45	11	-182	100557	0.64 
276.655	0.6997	-0.2705	0.6904	-0.1831	-0.4883	0.8545	-22.9395	-43.7915	111.4838	44.7900	47	14	-182	100557	0.64 
276.780	0.7051	-0.2671	0.6826	-0.3662	-0.4272	0.7324	-22.9724	-43.8519	111.4838	44.8000	45	12	-183	100557	0.64 
276.859	0.7388	-0.1875	0.6465	3.8452	-7.5684	-3.4180	-22.6428	-44.3463	111.3684	44.7800	42	13	-183	100557	0.64 
277.014	0.4658	-0.2476	0.7695	-2.5635	-26.2451	1.7090	-22.1320	-44.1101	110.9894	44.7800	41	11	-181	100557	0.64 
277.092	0.6699	-0.3911	0.2935	-1.5259	-42.2974	19.7754	-26.7133	-47.5049	116.4935	44.7800	33	12	-186	100557	0.64 
277.280	0.9829	-0.4658	0.6084	6.3477	21.4844	13.1226	-30.4047	-47.6917	121.0858	44.7900	24	12	-185	100557	0.64 
277.327	0.8486	-0.3564	0.4956	24.8413	71.8384	-12.1460	-27.6965	-44.1266	119.2401	44.7600	31	10	-182	100557	0.64 
277.420	0.4502	-0.2764	0.7051	37.3535	77.0874	-20.3247	-21.5826	-36.8811	114.3402	44.7800	59	2	-176	100558	0.64 
277.514	0.4653	-0.1333	0.8984	35.8276	73.4253	-32.2876	-14.8810	-30.4431	108.6877	44.7700	89	-6	-174	100558	0.64 
277.686	0.3057	-0.0708	0.9575	33.8135	72.3267	-17.3950	-9.1516	-23.4503	104.2932	44.7700	114	-15	-156	100558	0.64 
277.733	0.2217	-0.0464	0.9946	24.9634	80.5054	-10.4370	-5.1196	-15.8917	101.3708	44.7600	142	-22	-139	100558	0.64 
277.905	0.1338	0.0093	1.0098	14.3433	61.3403	-3.9673	-2.8235	-8.6353	100.0360	44.7500	166	-25	-117	100558	0.64 
278.031	0.0146	0.0073	0.9893	9.7656	50.9033	3.9063	-1.4941	-3.2025	99.8822	44.7500	184	-30	-105	100558	0.64 
278.047	-0.0820	0.0161	1.0679	7.2632	53.9551	9.0942	-0.5054	2.2467	100.5029	44.7600	199	-31	-89	100558	0.64 
278.141	-0.1870	0.0522	0.9863	5.0049	43.2739	7.0190	0.2087	7.1906	101.0193	44.7500	211	-36	-72	100558	0.64 
278.281	-0.3687	0.0425	0.9526	1.2817	39.4287	4.7607	0.8459	11.8323	101.9641	44.7500	227	-39	-56	100558	0.64 
278.390	-0.3062	0.0308	0.9766	7.6294	21.2402	-1.1597	1.4777	15.2106	102.1179	44.7500	231	-39	-46	100558	0.64 
278.453	-0.3267	0.0474	0.9980	3.9063	14.8315	-1.4648	1.9830	16.9794	101.8488	44.7300	232	-42	-39	100558	0.64 
278.625	-0.3506	0.0679	0.9927	5.5542	7.8125	1.7090	2.6532	18.3142	102.0081	44.7500	234	-41	-33	100558	0.64 
278.656	-0.3267	0.0645	0.9648	2.9907	6.4087	-1.6479	3.1586	18.8251	102.1069	44.7700	234	-43	-26	100558	0.64 
278.766	-0.3516	0.0850	0.9658	0.3662	0.9766	-2.0142	3.2904	19.1766	101.7773	44.7800	237	-42	-24	100558	0.64 
278.922	-0.3496	0.0654	0.9668	-0.1831	-0.4883	0.5493	3.3179	19.2480	101.6180	44.7700	236	-43	-25	100558	0.64 
278.969	-0.3535	0.0747	0.9697	-0.1221	-1.1597	0.9766	3.4222	19.2096	101.6785	44.7600	235	-42	-25	100558	0.64 
279.093	-0.3433	0.0659	0.9663	-0.3052	-1.0376	-0.0610	3.4662	19.1492	101.6510	44.7800	233	-43	-25	100558	0.64 
279.234	-0.3462	0.0635	0.9731	0.0000	-1.0376	0.0000	3.4772	19.1162	101.5411	44.7800	235	-43	-24	100558	0.64 
279.297	-0.3330	0.0752	0.9629	0.0000	-1.5869	1.4038	3.5486	18.9569	101.5796	44.7700	236	-44	-25	100558	0.64 
279.484	-0.3457	0.0713	0.9780	-0.4272	-1.4648	0.7935	3.6365	18.9020	101.6840	44.7800	235	-43	-27	100557	0.64 
279.515	-0.3340	0.0688	0.9722	-0.0610	-0.3052	-0.3052	3.6145	18.8031	101.5961	44.7900	234	-40	-23	100558	0.64 
279.640	-0.3467	0.0669	0.9707	-0.1831	-0.5493	0.0000	3.5925	18.7537	101.5411	44.7800	235	-43	-24	100558	0.64 
279.688	-0.3335	0.0811	0.9639	-0.1831	-0.4272	0.4272	3.6255	18.6218	101.5686	44.7900	233	-44	-26	100558	0.64 
279.859	-0.3345	0.0654	0.9707	-0.9766	-0.9766	-0.0610	3.5760	18.5834	101.5082	44.7800	235	-43	-27	100558	0.64 
279.906	-0.3359	0.0664	0.9644	-0.6714	-2.3193	0.7935	3.5101	18.4845	101.4972	44.7900	235	-42	-27	100558	0.64 
280.062	-0.3311	0.0640	0.9746	0.0000	-1.5869	0.4883	3.5211	18.3197	101.4478	44.7600	235	-43	-30	100558	0.64 
280.141	-0.3262	0.0659	0.9761	0.3662	-1.4648	0.9155	3.5596	18.2153	101.4972	44.7900	234	-43	-28	100559	0.64 
280.250	-0.3242	0.0674	0.9746	0.5493	-0.4883	0.9155	3.6530	18.1165	101.5521	44.7900	236	-44	-29	100559	0.64 
280.344	-0.3281	0.0737	0.9761	0.1221	-0.9155	0.0610	3.7244	18.0670	101.5356	44.7900	233	-40	-25	100559	0.64 
280.453	-0.3228	0.0649	0.9761	1.0376	-1.0986	1.5259	3.8123	18.0341	101.4972	44.7900	233	-42	-27	100559	0.64 
280.516	-0.3247	0.0742	0.9663	0.8545	-1.5259	1.5259	3.9771	17.8748	101.6125	44.8100	233	-40	-28	100559	0.64 
280.656	-0.3242	0.0728	0.9771	0.4883	-2.6855	1.0376	4.1309	17.7374	101.7169	44.8000	232	-41	-30	100559	0.64 
280.734	-0.3110	0.0869	1.0000	3.9673	-8.1177	4.9438	4.4000	17.2540	101.7279	44.7900	232	-40	-32	100559	0.64 
280.891	-0.3188	0.0269	1.0142	-2.3193	-15.3198	2.5635	4.5813	16.0675	102.2113	44.8000	233	-43	-36	100558	0.64 
280.938	-0.3218	0.1353	0.9971	-1.6479	-26.7334	-4.8218	4.3726	14.1888	101.7719	44.8000	232	-44	-38	100558	0.64 
281.078	-0.2671	0.0967	0.9761	-13.2446	-45.6543	-4.8218	3.6420	10.6403	100.8380	44.7900	225	-43	-47	100558	0.64 
281.149	-0.2075	0.1050	1.0601	-19.7144	-61.1572	-2.0142	1.9391	5.6964	100.1788	44.8000	213	-42	-62	100558	0.64 
281.274	-0.0420	0.0073	1.0664	-33.3862	-93.0786	-0.9766	-0.6372	-1.9501	99.7943	44.7900	198	-29	-84	100559	0.64 
281.367	-0.0024	-0.0073	0.6694	-29.9072	-98.4497	40.9546	-4.0485	-11.9366	101.9696	44.8100	169	-25	-116	100559	0.64 
281.477	0.3574	-0.1772	0.9219	-37.2314	-96.6797	30.4565	-7.8003	-20.1324	104.7217	44.8000	140	-21	-141	100559	0.64 
281.571	0.5254	-0.3262	0.8521	-41.0767	-97.5342	13.6108	-13.9911	-29.0753	109.4623	44.8000	107	-17	-156	100559	0.64 
281.680	0.8315	-0.3784	0.6372	-30.4565	-65.3076	-4.2114	-20.2753	-37.7765	113.5602	44.7600	74	-4	-171	100559	0.64 
281.789	0.8501	-0.3521	0.5640	-19.3481	-35.1563	-4.5166	-24.6918	-43.1268	116.2079	44.7500	48	7	-179	100559	0.64 
281.914	0.7451	-0.2725	0.7554	-10.9863	-15.4419	-14.5264	-26.9000	-45.4834	116.8835	44.7700	38	13	-185	100559	0.64 
281.993	0.7271	-0.3765	0.6221	10.1318	21.9727	-2.0752	-28.7512	-46.5161	118.5754	44.7300	29	14	-183	100559	0.64 
282.118	0.7686	-0.3516	0.4136	7.6294	18.4937	5.0659	-28.9270	-46.8402	118.8007	44.7400	24	14	-183	100558	0.64 
282.289	0.7207	-0.2939	0.7388	5.1270	11.4136	-7.4463	-26.5924	-45.1813	116.5210	44.7400	33	11	-183	100558	0.64 
282.336	0.6831	-0.2778	0.6445	-1.4038	-1.2207	-2.9907	-25.5048	-45.0110	115.5432	44.7500	35	11	-181	100558	0.64 
282.524	0.7153	-0.2671	0.6650	0.5493	1.1597	-2.9297	-25.2191	-45.0110	114.9664	44.7400	36	11	-182	100559	0.64 
282.571	0.7168	-0.2974	0.6479	-1.8921	-6.2866	-0.9155	-25.1202	-45.2142	114.7852	44.7300	37	11	-184	100558	0.64 
282.649	0.7466	-0.3159	0.6206	-0.5493	3.6011	0.8545	-25.4004	-45.5823	114.9335	44.7300	35	12	-182	100559	0.64 
282.805	0.7207	-0.2900	0.6538	0.4272	3.9673	1.1597	-25.3180	-45.1483	114.8236	44.7300	36	14	-185	100558	0.64 
282.915	0.7114	-0.2969	0.6670	-0.3052	2.2583	2.6855	-25.2356	-44.8901	114.7247	44.7300	37	13	-184	100558	0.64 
283.008	0.7329	-0.2954	0.6460	-0.5493	-0.9766	-1.3428	-25.2521	-44.8792	114.7192	44.7300	37	11	-183	100558	0.64 
283.149	0.7275	-0.2993	0.6401	0.0000	-0.0610	-0.1221	-25.3015	-44.9176	114.7192	44.7200	37	13	-181	100558	0.64 
283.227	0.7158	-0.2915	0.6636	-0.0610	1.4038	1.2207	-25.2301	-44.8407	114.5874	44.7300	38	12	-182	100558	0.64 
283.323	0.7158	-0.2944	0.6577	-0.3052	0.3662	0.7935	-25.2191	-44.8022	114.5270	44.7000	38	15	-182	100558	0.64 
283.417	0.7192	-0.2949	0.6572	-0.4883	-0.2441	0.5493	-25.2795	-44.7913	114.5490	44.7000	40	13	-180	100558	0.64 
283.541	0.7222	-0.2974	0.6543	-0.3662	0.0610	0.7935	-25.3400	-44.8022	114.5435	44.7200	40	11	-179	100558	0.64 
283.666	0.7349	-0.3003	0.6494	-0.0610	-0.1221	-0.3052	-25.3894	-44.8132	114.5764	44.7100	37	10	-180	100558	0.64 
283.760	0.7212	-0.2974	0.6548	-0.4272	-2.0752	0.4883	-25.4279	-44.8187	114.6368	44.7100	37	15	-184	100558	0.64 
283.854	0.7183	-0.2983	0.6455	-0.1221	-1.0376	0.8545	-25.5267	-44.9231	114.7192	44.7100	36	13	-186	100559	0.64 
283.963	0.7202	-0.2949	0.6606	0.0000	0.1831	0.0610	-25.4993	-44.9396	114.6753	44.7000	37	15	-184	100559	0.64 
284.073	0.7300	-0.2832	0.6455	0.3052	-1.2207	1.9531	-25.5267	-45.0110	114.7302	44.7000	37	13	-182	100559	0.64 
284.198	0.7612	-0.3228	0.6772	4.3945	-2.8687	-8.1177	-25.3455	-45.1428	114.6094	44.7000	34	12	-181	100559	0.64 
284.338	0.3760	-0.0039	0.6294	10.3149	-14.2212	-33.1421	-22.1100	-46.1865	111.7255	44.7100	35	11	-181	100558	0.64 
284.401	0.8965	-0.4463	0.3677	-13.2446	-41.5649	39.0015	-26.4551	-48.7408	116.9110	44.7300	25	8	-182	100558	0.64 
284.541	1.0156	-0.5938	0.5635	6.8359	34.2407	15.5640	-30.8716	-47.2522	122.0251	44.7000	23	9	-187	100558	0.64 
284.620	0.7412	-0.3433	0.5142	25.4517	73.1812	-6.4087	-26.7188	-42.6874	118.5864	44.7000	38	9	-180	100558	0.64 
284.760	0.5181	-0.2769	0.7305	33.1421	76.2939	-14.0991	-20.2258	-35.5847	113.0878	44.7000	63	0	-175	100558	0.64 
284.823	0.3613	-0.1348	0.8594	31.7993	77.9419	-22.8882	-14.2383	-28.2898	107.9791	44.6900	94	-9	-165	100559	0.64 
284.979	0.2871	-0.0767	0.9834	26.7944	86.8530	-11.5967	-9.3604	-20.5499	103.7274	44.6900	124	-17	-150	100558	0.64 
285.026	0.1821	-0.0908	1.0054	18.9819	69.7021	-5.4321	-6.2567	-12.6398	101.7279	44.6900	152	-21	-131	100559	0.64 
285.151	0.0771	-0.0410	1.0127	12.8174	59.8145	10.3760	-4.4659	-6.0315	101.0962	44.6700	173	-22	-115	100559	0.64 
285.230	-0.0181	-0.0151	0.9971	11.1694	52.9175	16.6016	-3.1476	-0.6152	101.8268	44.6900	193	-28	-100	100559	0.64 
285.386	-0.1489	-0.0122	1.0098	13.3057	47.2412	14.0991	-1.7194	4.6362	103.0518	44.6600	205	-39	-82	100559	0.64 
285.437	-0.3052	0.0874	1.0186	15.1978	47.8516	2.2583	-0.2032	9.8767	103.2495	44.6600	218	-40	-67	100559	0.64 
285.562	-0.3252	0.0542	0.9517	10.0098	32.5928	-3.4790	1.0217	14.1010	103.0463	44.6700	225	-43	-51	100559	0.64 
285.656	-0.3418	0.0796	0.9888	8.1787	24.4751	-4.1504	1.8842	17.0892	102.5024	44.6900	230	-41	-42	100559	0.64 
285.783	-0.3911	0.0854	0.9658	7.9346	10.5591	-0.3052	2.7740	18.9240	102.3322	44.7000	236	-43	-32	100559	0.64 
285.861	-0.3608	0.0645	0.9702	6.9580	0.2441	6.2866	3.8397	19.4678	102.5739	44.6700	239	-45	-30	100559	0.64 
286.001	-0.3364	0.0942	0.9648	2.5635	-4.5776	0.7324	4.4824	19.2865	102.8925	44.6900	238	-49	-28	100559	0.64 
286.064	-0.3413	0.0957	0.9722	1.1597	-5.3101	-0.7324	4.7241	18.8470	102.7661	44.7000	235	-46	-28	100559	0.64 
286.188	-0.3262	0.0977	0.9731	0.3052	-2.9907	0.1221	4.7791	18.3636	102.6013	44.6900	234	-48	-27	100558	0.64 
286.267	-0.3242	0.0942	0.9653	-0.2441	-3.7842	0.7324	4.8450	17.9901	102.5464	44.6900	237	-46	-26	100559	0.64 
286.407	-0.3154	0.0996	0.9751	-1.3428	-4.0283	0.3662	4.8175	17.6660	102.4475	44.6900	237	-47	-28	100559	0.64 
286.486	-0.3174	0.0933	0.9834	-1.6479	-1.6479	0.0000	4.7076	17.4133	102.4091	44.7100	235	-46	-31	100559	0.64 
286.610	-0.3115	0.0830	0.9766	-0.9155	-2.8687	0.2441	4.5758	17.1167	102.3267	44.7000	232	-45	-33	100559	0.64 
286.689	-0.3057	0.0811	0.9800	-1.8921	-1.0986	0.9155	4.4989	16.9464	102.3761	44.7100	231	-45	-38	100559	0.64 
286.845	-0.3062	0.0850	0.9819	-1.3428	-1.4648	0.0000	4.3726	16.8256	102.3376	44.7100	232	-44	-35	100559	0.64 
286.891	-0.2974	0.0806	0.9658	-1.5259	-2.4414	0.3052	4.2297	16.6168	102.2552	44.7100	237	-49	-34	100559	0.64 
287.016	-0.2944	0.0791	0.9790	-0.8545	-1.7090	0.3052	4.1528	16.5454	102.2388	44.7300	234	-50	-38	100559	0.64 
287.095	-0.2979	0.0767	0.9785	-0.3662	-0.7935	0.1831	4.0979	16.4685	102.2443	44.7200	233	-47	-39	100560	0.64 
287.235	-0.2939	0.0723	0.9819	-0.3052	-0.6104	0.4883	4.0979	16.4081	102.2662	44.7100	230	-42	-34	100559	0.64 
287.329	-0.2983	0.0762	0.9839	-0.2441	-0.3662	0.4883	4.1199	16.3861	102.2388	44.7400	231	-44	-36	100560	0.64 
287.438	-0.2881	0.0762	0.9795	0.0610	0.0000	0.4272	4.1144	16.3092	102.2058	44.7400	233	-43	-35	100560	0.64 
287.517	-0.2988	0.0732	0.9854	0.0610	-0.1221	0.7324	4.1473	16.3367	102.2003	44.7200	231	-45	-39	100560	0.64 
287.642	-0.3037	0.0859	0.9893	0.7324	0.6714	0.7935	4.2352	16.3916	102.2388	44.7300	234	-42	-37	100559	0.64 
287.735	-0.2886	0.0776	0.9683	0.3662	-3.4180	1.5869	4.2902	16.1389	102.2552	44.7200	233	-46	-32	100559	0.64 
287.860	-0.2944	0.0806	0.9839	-0.0610	-0.7935	1.4648	4.3671	16.0345	102.2992	44.7300	231	-45	-36	100559	0.64 
287.939	-0.2891	0.0874	0.9839	0.0000	-0.1221	0.7935	4.4165	15.9851	102.3871	44.7400	233	-48	-37	100560	0.64 
288.063	-0.2866	0.0825	0.9873	-0.9766	-1.8311	0.3052	4.3835	15.8972	102.3761	44.7300	231	-46	-35	100560	0.64 
288.142	-0.2808	0.0967	1.0015	-0.4883	-2.9297	3.9673	4.3451	15.7214	102.4200	44.7400	233	-43	-36	100560	0.64 
288.282	-0.2598	0.0308	1.0151	-4.0894	-4.5776	10.0708	4.4714	15.0073	103.3868	44.7400	230	-46	-39	100559	0.64 
288.360	-0.3164	0.0908	0.9614	-3.6011	-17.8223	-0.0610	3.8837	14.1394	103.2550	44.7500	226	-46	-40	100559	0.64 
288.485	-0.2822	0.0991	0.9932	-7.5073	-35.0952	-1.9531	3.4991	11.8433	102.9474	44.7400	228	-46	-44	100559	0.64 
288.563	-0.1602	0.0640	1.0171	-17.4561	-48.9502	-2.5635	2.3840	7.8387	102.4585	44.7400	219	-43	-59	100559	0.64 
288.688	-0.1533	0.0654	1.0840	-19.0430	-54.5044	-5.4932	0.5768	3.0817	101.6949	44.7500	208	-37	-73	100559	0.64 
288.782	-0.0342	-0.0234	0.9751	-31.2500	-83.4351	12.8784	-1.7688	-3.7189	101.7938	44.7500	193	-33	-91	100559	0.64 
288.892	0.1333	0.0918	0.8618	-40.2832	-86.0596	10.9253	-5.3613	-11.7719	103.8922	44.7400	169	-29	-118	100559	0.64 
288.985	0.3188	-0.2373	0.9653	-41.3208	-83.1299	27.6489	-10.4480	-19.4458	107.1112	44.7300	139	-21	-140	100559	0.64 
289.142	0.4639	-0.3174	0.8110	-41.3818	-90.5151	6.7139	-16.2488	-27.6801	111.1102	44.7300	112	-14	-159	100559	0.64 
289.173	0.7485	-0.3960	0.7256	-33.9355	-79.8340	-2.1973	-22.0990	-36.1835	114.6808	44.7100	74	-1	-173	100559	0.64 
289.329	0.9355	-0.4604	0.4224	-19.7144	-57.2510	-11.7798	-27.4933	-43.8080	118.3173	44.7000	47	6	-184	100559	0.64 
289.408	0.8101	-0.3667	0.5986	-4.0283	-12.4512	-11.7798	-29.1138	-47.8455	118.9655	44.6900	26	8	-182	100559	0.64 
289.532	0.8428	-0.4614	0.2007	-6.6528	-2.1973	-13.8550	-31.9977	-50.4327	121.2616	44.6800	16	17	-187	100559	0.64 
289.673	0.6860	-0.3809	0.6660	5.4932	53.7109	-6.0425	-29.1852	-48.4277	118.1635	44.7000	18	17	-186	100559	0.64 
289.735	0.7520	-0.2759	0.7280	3.9063	21.0571	6.7139	-26.8066	-45.3571	115.9717	44.6900	29	16	-184	100559	0.64 
289.876	0.6636	-0.3032	0.6255	0.0000	-2.0752	-1.0376	-26.2903	-44.5166	115.4443	44.6800	36	14	-184	100559	0.64 
289.939	0.6963	-0.2915	0.6997	0.0000	-10.4370	-4.0894	-25.9167	-44.8297	115.0433	44.6700	35	12	-184	100559	0.64 
290.142	0.8042	-0.3184	0.5786	-2.4414	-14.5264	-2.6245	-26.5265	-46.4227	115.5817	44.6900	34	13	-185	100559	0.64 
290.173	0.7544	-0.3242	0.6021	0.6104	5.4932	1.4648	-26.9110	-46.8127	115.9442	44.6700	29	13	-182	100559	0.64 
290.282	0.7231	-0.2949	0.6445	0.5493	5.3101	1.7700	-26.6968	-46.1700	115.7520	44.6800	32	16	-186	100558	0.64 
290.407	0.7246	-0.3027	0.6528	-0.3052	-1.0986	1.0376	-26.6254	-45.8954	115.7245	44.6800	32	11	-186	100558	0.64 
290.507	0.7314	-0.3037	0.6265	-1.1597	-4.8218	0.6714	-26.8396	-46.0986	115.9662	44.6800	33	11	-183	100558	0.64 
290.678	0.7441	-0.3135	0.6152	-0.8545	-2.5635	0.0610	-27.0978	-46.4392	116.2134	44.6900	31	12	-186	100558	0.64 
290.741	0.7275	-0.3081	0.6382	-0.3662	-0.1221	2.1362	-27.2241	-46.4447	116.4001	44.6900	30	12	-186	100559	0.64 
290.819	0.7358	-0.3042	0.6182	0.0000	0.0000	0.5493	-27.3615	-46.5106	116.5924	44.7100	30	13	-187	100559	0.64 
290.960	0.7432	-0.3032	0.6216	-0.1221	-0.7935	0.0000	-27.3669	-46.5051	116.6199	44.7100	32	12	-187	100559	0.64 
291.147	0.7461	-0.3125	0.6172	-0.7324	-1.1597	0.3662	-27.4054	-46.5546	116.6968	44.7200	30	10	-185	100558	0.64 
291.194	0.7437	-0.3125	0.6177	-0.2441	0.4272	0.6714	-27.4603	-46.5930	116.7627	44.7000	29	13	-186	100558	0.64 
291.350	0.7407	-0.3076	0.6260	-0.1831	0.0000	0.6714	-27.4878	-46.5436	116.8286	44.7000	27	12	-185	100558	0.64 
291.382	0.7339	-0.3042	0.6260	-0.4272	-0.6714	0.3662	-27.4658	-46.5436	116.8121	44.7100	29	13	-183	100558	0.64 
291.538	0.7324	-0.3008	0.6309	-0.6104	-0.9155	1.5869	-27.5043	-46.5601	116.8616	44.7000	30	14	-182	100558	0.64 
291.600	0.7466	-0.3198	0.6138	0.1831	0.0610	0.1831	-27.6471	-46.6699	117.0154	44.7100	32	13	-183	100558	0.64 
291.710	0.7524	-0.3081	0.6382	0.4883	-2.3193	4.0283	-27.8503	-46.6425	117.3340	44.7200	29	15	-186	100558	0.64 
291.820	0.5278	-0.1870	0.7070	0.7935	-19.5313	-9.9487	-27.8558	-47.3401	117.7570	44.7200	29	15	-182	100558	0.64 
291.929	0.7642	-0.3882	0.4229	-5.7373	-26.4282	12.9395	-31.3110	-49.2737	121.6351	44.7100	18	14	-186	100558	0.64 
292.022	1.0864	-0.5610	0.3145	10.9253	40.3442	4.3335	-34.9969	-49.5154	126.3428	44.7200	12	12	-182	100558	0.64 
292.131	0.8911	-0.3696	0.6035	26.3672	69.8853	-3.0518	-29.8334	-44.2584	121.9098	44.7200	27	7	-182	100558	0.64 
292.241	0.5898	-0.3140	0.7051	36.4990	81.9702	-5.6763	-23.2031	-37.4799	116.7957	44.7100	52	1	-181	100558	0.64 
292.366	0.3843	-0.2017	0.8726	36.2549	81.6650	-16.9067	-16.7157	-29.9487	111.5936	44.6900	88	-11	-166	100558	0.64 
292.444	0.3101	-0.0830	0.9453	33.5693	86.2427	-13.3667	-10.9863	-22.2638	106.9299	44.7100	115	-18	-153	100558	0.64 
292.569	0.1704	-0.0527	1.0620	27.5879	77.1484	-11.5356	-6.7456	-14.0900	103.7054	44.7000	144	-25	-133	100558	0.64 
292.648	0.1162	-0.0566	0.9995	15.9912	69.2749	-6.8970	-4.3835	-6.8280	102.3322	44.6900	169	-29	-116	100558	0.64 
292.772	0.0200	0.0186	0.9756	11.1084	48.1567	15.3198	-2.8070	-1.0822	102.3541	44.7000	190	-31	-98	100558	0.64 
292.913	-0.1392	0.0215	1.0449	10.0708	51.3306	15.8691	-1.3733	4.1473	103.2825	44.6900	202	-39	-83	100558	0.64 
292.976	-0.3145	0.0376	1.0088	6.4697	34.9731	15.5640	-0.3131	8.6133	104.6283	44.7000	212	-44	-71	100559	0.64 
293.182	-0.2744	0.0039	0.9736	7.5073	24.5361	-0.3662	0.6097	11.8378	105.4523	44.7000	222	-48	-54	100559	0.64 
293.229	-0.2603	0.0791	1.0103	3.5400	16.7236	-2.3193	1.4008	14.1943	105.0403	44.7000	228	-49	-50	100559	0.64 
293.323	-0.3359	0.0454	0.9961	0.4272	12.3291	-3.1738	1.4886	15.5841	104.6063	44.7100	230	-51	-44	100559	0.64 
293.401	-0.3110	0.0493	0.9878	-1.6479	1.3428	-0.6104	1.4996	16.2268	104.4086	44.7000	229	-52	-39	100559	0.64 
293.588	-0.2866	0.0283	1.0034	-2.6855	-2.3193	0.0000	1.3348	16.1829	104.3207	44.7100	231	-50	-40	100559	0.64 
293.635	-0.2915	0.0303	0.9873	-2.2583	-3.6011	0.4883	1.1261	15.9631	104.2712	44.7200	232	-48	-40	100559	0.64 
293.729	-0.2822	0.0254	0.9844	-1.4648	-3.8452	0.3662	1.0107	15.6281	104.2163	44.7200	230	-47	-42	100559	0.64 
293.808	-0.2852	0.0288	0.9932	-0.2441	-4.8828	-1.2207	0.9338	15.2710	104.1119	44.7200	230	-50	-42	100559	0.64 
294.010	-0.2598	0.0278	1.0000	-0.7324	-2.5635	-0.4883	0.9009	14.8370	103.9362	44.7100	229	-49	-44	100559	0.64 
294.041	-0.2617	0.0308	0.9854	-1.7090	-3.1738	-0.2441	0.7910	14.4910	103.7439	44.7400	232	-44	-44	100560	0.64 
294.135	-0.2578	0.0186	0.9937	-0.7324	-1.5869	-0.2441	0.6921	14.3866	103.5791	44.7300	229	-46	-46	100560	0.64 
294.198	-0.2651	0.0142	0.9976	0.2441	0.1831	0.6104	0.7086	14.3042	103.5461	44.7100	226	-44	-46	100559	0.64 
294.354	-0.2593	0.0200	0.9932	0.0000	-1.2817	0.3052	0.7745	14.1998	103.4802	44.7300	229	-44	-49	100560	0.64 
294.432	-0.2544	0.0303	1.0000	0.3052	-1.7090	0.6104	0.8624	14.0955	103.4143	44.7300	228	-45	-50	100559	0.64 
294.557	-0.2573	0.0190	0.9995	0.3662	-0.9155	0.7324	0.9393	13.9856	103.3868	44.7300	229	-46	-47	100560	0.64 
294.635	-0.2593	0.0225	0.9995	0.0610	-1.3428	0.6714	0.9943	13.9417	103.3923	44.7400	229	-45	-46	100560	0.64 
294.760	-0.2573	0.0298	1.0015	0.6714	-1.2817	0.6104	1.0712	13.8318	103.3649	44.7300	225	-48	-48	100560	0.64 
294.870	-0.2563	0.0273	0.9946	0.1831	-2.9297	1.0986	1.1700	13.6560	103.3813	44.7400	227	-44	-48	100560	0.64 
294.979	-0.2388	0.0313	1.0015	0.4272	-1.4648	0.5493	1.2579	13.5077	103.3374	44.7400	226	-47	-49	100560	0.64 
295.057	-0.2432	0.0308	0.9990	0.3662	-0.3662	0.6714	1.3348	13.4143	103.3429	44.7400	225	-44	-49	100560	0.64 
295.198	-0.2378	0.0322	0.9946	0.1831	-1.0376	0.9766	1.4063	13.3264	103.3429	44.7400	229	-44	-50	100560	0.64 
295.276	-0.2422	0.0356	0.9990	-0.0610	-0.9155	0.7935	1.4557	13.2660	103.2990	44.7500	227	-43	-48	100560	0.64 
295.370	-0.2427	0.0327	1.0020	-0.2441	-0.5493	0.4883	1.4667	13.2111	103.2495	44.7400	227	-49	-47	100560	0.64 
295.448	-0.2393	0.0308	1.0039	0.2441	0.0000	0.7324	1.4941	13.2001	103.2715	44.7500	228	-45	-53	100560	0.64 
295.588	-0.2397	0.0332	1.0000	-0.1221	0.0000	0.8545	1.5546	13.2220	103.2715	44.7500	229	-43	-49	100560	0.64 
295.651	-0.2476	0.0347	1.0005	-0.0610	-0.3052	0.7935	1.5875	13.2495	103.2770	44.7600	228	-47	-49	100561	0.64 
295.792