StartTime: 2017-07-14 13:50:30.215
Time(s)	ax(g)	ay(g)	az(g)	wx(deg/s)	wy(deg/s)	wz(deg/s)	AngleX(deg)	AngleY(deg)	AngleZ(deg)	T(°)	hx	hy	hz	Pressure(Pa)	Altitude(m) 
629.162	-0.2124	-0.0610	0.9893	5.8594	11.9629	-13.7329	-2.2797	8.2343	-10.3107	45.1800	-12	141	-120	100583	0.62 
629.271	-0.2236	0.0137	0.9341	6.3477	25.2686	-7.0801	-1.7633	10.3107	-11.8652	45.1700	-12	140	-127	100583	0.62 
629.380	-0.2578	-0.0093	0.8765	1.8311	52.4292	-1.4648	-1.5381	14.4141	-12.5189	45.1700	-7	142	-122	100584	0.62 
629.459	-0.3169	-0.0161	0.8115	-0.9766	71.7773	6.4087	-1.4557	20.7916	-12.6288	45.1800	6	138	-125	100584	0.62 
629.583	-0.3071	-0.0786	0.7803	1.7700	56.6406	3.3569	-1.1481	26.8671	-11.8158	45.1800	22	142	-125	100583	0.62 
629.677	-0.4019	-0.0186	0.8057	6.8359	42.3584	12.2681	-0.3351	30.9375	-11.8378	45.1800	31	139	-126	100584	0.62 
629.771	-0.5059	0.0444	0.7959	7.9956	19.0430	2.1973	0.7141	32.9205	-11.6949	45.1800	39	135	-128	100584	0.62 
629.881	-0.5015	0.0190	0.7388	6.4697	-3.9673	10.6812	1.9995	32.9425	-10.9753	45.1800	44	131	-131	100584	0.62 
629.990	-0.4482	0.1133	0.6582	12.5122	-12.2681	13.6108	3.5376	31.4429	-10.2228	45.1900	43	129	-131	100585	0.62 
630.084	-0.7524	0.0557	1.3662	5.3101	-105.8960	29.4189	5.6525	27.4988	-8.4540	45.1600	39	128	-130	100585	0.62 
630.193	-0.6152	0.1768	1.9595	-23.2544	-68.4204	30.5786	5.2515	19.9347	-7.7289	45.1500	25	123	-132	100586	0.62 
630.271	0.2153	-0.0044	1.1812	-18.7378	-72.9370	2.6855	3.6255	12.1344	-5.5536	45.1600	16	126	-127	100587	0.62 
630.396	-0.0303	0.0044	0.7822	-15.0146	-63.2935	-12.5732	1.6425	3.7958	-6.1029	45.1100	-3	131	-126	100587	0.62 
630.505	-0.0493	0.0088	0.8042	-1.5259	-26.0010	-6.1035	0.5878	0.5493	-7.1851	45.1100	-16	135	-120	100588	0.62 
630.600	0.0752	0.0166	1.0425	-0.3052	-7.9956	0.0610	0.3900	-0.9064	-7.3059	45.0900	-22	133	-122	100588	0.62 
630.694	0.0610	-0.0034	1.1284	2.6855	-7.2021	1.8311	0.4724	-1.7029	-7.0532	45.1000	-22	134	-118	100588	0.62 
630.803	0.1060	0.0259	0.9937	2.1973	2.2583	1.5259	0.7416	-2.2357	-6.8774	45.0700	-25	134	-120	100589	0.61 
630.912	0.1143	0.0195	0.8848	6.8970	29.9683	8.8501	1.2140	-0.6097	-6.2073	45.0900	-22	133	-119	100589	0.61 
631.006	0.0088	-0.0234	1.1001	16.9678	75.0732	13.0615	2.3016	4.9658	-5.0262	45.0700	-10	130	-124	100589	0.61 
631.069	-0.1353	0.1055	1.0796	26.9165	112.2437	11.9019	4.7736	13.2990	-2.6917	45.0700	8	126	-128	100589	0.61 
631.209	-0.3560	0.0742	1.3257	14.5264	132.6904	-5.7373	7.6025	24.9664	-0.7086	45.0400	37	123	-131	100590	0.61 
631.287	-1.1880	0.2134	1.2095	-2.9907	50.7813	-23.3765	7.7948	35.5353	-2.5159	45.0300	57	120	-122	100590	0.61 
631.414	-0.9370	0.0815	1.0933	-11.4746	-3.8452	-34.3018	4.0375	38.3533	-7.5751	45.0100	66	118	-118	100590	0.61 
631.492	-0.5249	0.1631	0.9224	-8.2397	-61.5845	-7.4463	1.3458	34.6124	-10.5853	44.9900	53	126	-126	100590	0.61 
631.617	-0.3623	-0.0400	0.7573	-7.3242	-60.1196	-4.5776	0.6317	28.9929	-9.4373	44.9700	43	132	-127	100590	0.61 
631.710	-0.2373	-0.0386	0.3975	-8.9111	-91.2476	-4.9438	-0.3131	20.4236	-9.4098	44.9700	30	133	-127	100589	0.61 
631.789	-0.1924	-0.0166	0.5674	0.0000	-69.8242	-10.0098	-1.1920	12.7277	-10.4425	44.9500	10	138	-128	100589	0.61 
631.914	-0.2231	-0.0171	0.8848	5.0049	-41.2598	-12.3901	-1.0931	8.3167	-11.7938	44.9400	-4	135	-126	100588	0.62 
632.023	-0.3555	-0.0342	1.1138	1.3428	-21.5454	-1.3428	-0.4230	5.9546	-12.1289	44.9500	-17	139	-126	100586	0.62 
632.086	-0.1021	-0.1670	1.0166	-19.9585	-10.9253	25.4517	-1.0986	4.6692	-9.2889	44.9400	-21	142	-127	100586	0.62 
632.195	-0.1548	-0.1494	1.1064	-2.7466	9.5215	5.1270	-2.6312	4.9109	-8.4045	44.9500	-15	142	-121	100585	0.62 
632.305	-0.1323	-0.0684	1.0464	-0.0610	4.3335	-5.5542	-2.6038	5.4987	-8.7012	44.9400	-11	143	-120	100585	0.62 
632.398	-0.1260	-0.0625	1.0503	-2.4414	2.0752	-1.7090	-2.8619	5.7953	-9.2670	44.9500	-11	143	-118	100584	0.62 
632.492	-0.1396	-0.0327	1.0166	0.7935	-0.6104	-5.9204	-2.8949	6.0040	-9.8602	44.9500	-17	145	-120	100584	0.62 
632.617	-0.1460	-0.0347	1.0273	-1.7090	0.7935	-1.8921	-2.9114	6.2018	-10.3766	44.9500	-14	144	-120	100584	0.62 
632.726	-0.1333	-0.0469	1.0278	-1.8311	1.0376	-2.0142	-3.0927	6.4709	-10.7556	44.9600	-17	143	-118	100583	0.62 
632.804	-0.1304	-0.0488	1.0420	-0.3052	4.2725	-7.9956	-3.2684	6.8335	-11.4313	44.9600	-17	143	-118	100583	0.62 
632.898	-0.1377	-0.0532	1.0298	-0.4272	5.7373	-5.1270	-3.3344	7.2949	-12.1344	44.9700	-15	142	-117	100583	0.62 
633.039	-0.1270	-0.0630	1.0483	1.7700	3.7842	0.4272	-3.2684	7.6575	-12.4091	44.9800	-16	145	-115	100582	0.62 
633.101	-0.1709	-0.0801	1.0474	0.7324	2.7466	0.1831	-3.1146	8.0200	-12.5299	44.9900	-16	143	-117	100582	0.62 
633.258	-0.1592	-0.0503	1.0249	-0.5493	2.6245	0.9766	-3.0762	8.2507	-12.6288	45.0000	-16	145	-121	100582	0.62 
633.304	-0.1641	-0.0444	1.0220	0.0000	3.0518	2.1362	-3.0597	8.5199	-12.5739	45.0000	-15	141	-121	100582	0.62 
633.429	-0.1855	-0.0596	1.0034	3.1128	3.9063	1.1597	-2.9004	8.9429	-12.5574	44.9900	-14	142	-120	100582	0.62 
633.523	-0.3315	-0.0337	0.9331	-0.1221	17.3950	4.5776	-2.6642	10.2942	-12.8320	45.0000	-15	140	-122	100582	0.62 
633.617	-0.2305	-0.0244	0.8525	-0.9766	34.4238	13.0005	-2.6697	13.3099	-12.7332	45.0100	-7	140	-121	100582	0.62 
633.711	-0.3213	-0.0664	0.7969	8.4229	55.2368	-7.1411	-2.6587	18.5010	-12.8320	45.0200	2	139	-125	100582	0.62 
633.820	-0.4668	-0.0142	0.8975	12.5122	65.8569	-9.7046	-2.0435	24.9774	-13.7988	45.0100	8	138	-126	100582	0.62 
633.929	-0.4746	0.0029	0.9141	3.7231	52.9175	-14.0381	-1.1975	30.3003	-13.3099	45.0100	25	140	-125	100583	0.62 
634.023	-0.5488	-0.0024	0.8447	12.0850	23.0103	-0.3052	0.3571	33.2501	-11.6510	45.0200	38	137	-123	100583	0.62 
634.133	-0.7168	-0.0693	0.8047	28.1982	0.3052	34.2407	5.1031	33.6896	-6.9049	45.0100	50	128	-126	100583	0.62 
634.242	-0.7998	0.0630	1.4800	5.3101	-58.9600	13.5498	6.9598	32.2009	-6.0480	45.0200	54	124	-127	100584	0.62 
634.321	-1.2139	0.4482	2.0601	-10.1318	-63.5376	-9.0942	6.3116	25.2026	-7.4432	45.0100	43	120	-132	100584	0.62 
634.476	0.1616	0.0986	1.1953	-15.3809	-55.9082	7.5684	5.7184	18.4241	-6.5753	45.0000	28	119	-134	100585	0.62 
634.570	-0.0078	0.0718	0.7412	-18.5547	-92.7124	-18.7988	3.5431	9.7064	-6.5204	45.0000	13	124	-132	100586	0.62 
634.633	-0.0615	0.0298	0.7188	-5.9814	-54.1992	-17.7612	2.1149	3.0048	-8.8934	44.9800	-10	128	-130	100586	0.62 
634.726	0.0239	-0.0063	1.0957	-2.8687	-5.0049	1.0376	1.5051	1.0217	-9.7668	44.9700	-21	129	-125	100586	0.62 
634.805	0.0767	0.0200	1.1665	-0.4272	-9.6436	4.3945	1.1975	0.2747	-9.4592	44.9600	-27	131	-121	100586	0.62 
634.961	0.0635	0.0562	1.0112	-0.9155	-4.8828	2.9297	1.2250	-1.0657	-8.9868	44.9400	-30	132	-120	100587	0.62 
635.039	0.0200	0.0508	0.9990	-3.9673	4.2725	0.0610	1.1096	-1.0986	-8.9484	44.9500	-27	133	-121	100587	0.62 
635.118	-0.0098	-0.0078	1.0327	-4.9438	2.5635	-2.3804	0.6372	-0.6317	-9.3109	44.9100	-28	132	-116	100587	0.62 
635.211	0.0029	0.0010	1.0156	-3.0518	4.2725	-0.4272	0.1758	-0.1978	-9.6405	44.9200	-25	133	-119	100587	0.62 
635.336	-0.0059	-0.0010	1.0176	0.7935	10.1929	4.7607	0.0549	0.6207	-9.4867	44.8900	-25	135	-118	100588	0.62 
635.461	-0.0044	0.0225	1.0366	3.4180	21.8506	9.2163	0.3680	2.2632	-8.8770	44.8800	-27	134	-117	100587	0.62 
635.524	-0.0205	-0.0181	1.0015	4.8828	48.0347	16.6016	0.8679	5.4053	-7.4872	44.8900	-13	133	-120	100587	0.62 
635.664	-0.1123	-0.1025	0.9736	24.9023	73.4863	14.2822	2.5433	11.5082	-5.3943	44.8900	-1	132	-120	100587	0.62 
635.711	-0.1831	0.1274	1.1333	24.2310	111.0840	1.5869	5.4108	20.0226	-4.0265	44.9000	20	125	-127	100587	0.62 
635.805	-0.9268	0.2310	1.2358	17.3340	115.4785	-20.6909	8.0750	30.7672	-3.1750	44.8800	41	116	-125	100588	0.62 
635.930	-0.9395	0.2544	0.9268	1.6479	46.3867	-13.0615	9.1077	39.1058	-3.5980	44.8700	65	116	-120	100588	0.62 
636.040	-0.9170	0.1089	0.8135	-16.2964	6.3477	-23.6206	6.5204	41.7975	-6.3885	44.8500	74	116	-117	100588	0.62 
636.148	-0.6201	0.1357	0.8286	-13.7329	-31.6772	-18.3716	2.7081	40.8087	-9.7119	44.8500	68	124	-121	100587	0.62 
636.227	-0.4731	0.0391	0.7578	-12.9395	-57.3120	10.9253	1.5106	35.6451	-9.5746	44.8300	61	130	-125	100587	0.62 
636.352	-0.3428	-0.0142	0.7246	-7.6294	-55.8472	7.0801	0.9119	29.6191	-7.9156	44.8200	48	132	-128	100587	0.62 
636.445	-0.2627	-0.0156	0.6064	-5.2490	-75.1343	-4.1504	0.5273	21.8298	-7.4982	44.8200	36	136	-132	100586	0.62 
636.555	-0.3403	-0.0894	0.7119	-7.8735	-73.7915	-6.3477	-0.0824	14.9963	-8.1134	44.8100	21	139	-131	100585	0.62 
636.648	-0.2754	-0.0190	0.8545	-8.7891	-35.3394	-7.6294	-1.2250	10.3436	-9.0582	44.8000	10	141	-127	100585	0.62 
636.743	-0.2349	-0.0791	0.9707	-5.3101	-8.3618	-17.8223	-2.1918	8.4100	-10.2283	44.7900	-5	139	-124	100584	0.62 
636.836	-0.1489	-0.0703	0.9790	-0.6104	-0.1221	-4.9438	-2.4554	8.3771	-11.1456	44.8200	-13	141	-126	100584	0.62 
636.961	-0.2251	-0.0435	1.0405	-1.4648	8.9722	0.3662	-2.5433	9.0692	-11.6016	44.8200	-10	140	-123	100583	0.62 
637.055	-0.1919	-0.0693	1.0327	-1.7090	3.9063	1.2207	-2.7191	9.6625	-11.4587	44.8100	-9	141	-121	100583	0.62 
637.149	-0.1724	-0.0527	1.0322	-1.2207	-1.7090	-2.6855	-2.8784	9.6130	-11.6730	44.8300	-10	143	-119	100583	0.62 
637.227	-0.1685	-0.0205	1.0327	0.2441	-0.3052	-1.1597	-2.9114	9.4757	-11.9971	44.8300	-11	141	-118	100582	0.62 
637.352	-0.1636	-0.0381	1.0249	-0.6104	-3.7842	-0.3662	-2.9004	9.2120	-12.0850	44.8300	-15	140	-123	100581	0.62 
637.446	-0.1641	-0.0752	1.0303	-0.8545	-1.8311	-1.1597	-3.0103	8.8879	-12.0575	44.8400	-10	143	-119	100581	0.62 
637.586	-0.1509	-0.0435	1.0283	0.0000	-0.0610	-1.8921	-3.0707	8.7781	-12.4640	44.8400	-11	143	-120	100581	0.62 
637.649	-0.1680	-0.0225	1.0244	-3.1128	0.5493	2.4414	-3.1696	8.8000	-12.6288	44.8400	-15	142	-119	100581	0.62 
637.742	-0.1807	-0.0664	1.0278	-1.7090	0.8545	8.3008	-3.4003	8.9758	-12.0740	44.8400	-13	142	-113	100581	0.62 
637.852	-0.1704	-0.0469	1.0278	-0.5493	1.7700	7.9956	-3.3124	9.2175	-11.3434	44.8600	-11	144	-119	100580	0.62 
637.961	-0.1860	-0.0620	1.0264	-1.4648	0.4272	7.5073	-3.2574	9.3604	-10.6073	44.8400	-9	143	-115	100580	0.62 
638.040	-0.2017	-0.0635	1.0244	0.0000	1.2207	1.6479	-3.2794	9.4592	-10.2173	44.8600	-8	142	-118	100580	0.62 
638.164	-0.2041	-0.0708	1.0205	0.7935	1.6479	-1.0986	-3.2410	9.6405	-10.2777	44.8700	-7	145	-119	100580	0.62 
638.258	-0.2861	-0.0649	0.9663	2.3193	7.3242	-1.2207	-3.1146	10.1678	-10.8929	44.8600	-6	144	-120	100580	0.62 
638.355	-0.2852	-0.0518	0.9019	2.9297	19.6533	-3.5400	-2.9443	11.9147	-11.5082	44.8700	-7	142	-121	100580	0.62 
638.449	-0.3149	-0.1016	0.9048	5.3711	38.9404	-7.3242	-2.7850	15.1062	-12.3212	44.8500	-5	143	-121	100579	0.62 
638.558	-0.3320	-0.0469	0.7407	1.2207	52.2461	3.6011	-2.4609	20.1984	-13.2825	44.8500	5	144	-126	100579	0.62 
638.652	-0.3911	-0.0635	0.6206	0.0610	67.9321	0.7324	-2.5159	27.0538	-13.2880	44.8500	18	141	-124	100580	0.62 
638.746	-0.4033	0.0190	0.6133	9.6436	43.9453	-7.0190	-2.2742	33.3270	-14.2163	44.8500	33	138	-121	100580	0.62 
638.855	-0.3647	0.0991	0.7090	10.0708	7.5073	-3.9673	-0.8459	35.8264	-13.4692	44.8600	43	134	-118	100580	0.62 
638.964	-0.3813	0.2119	0.5352	15.6860	-55.1758	-1.5259	0.5054	33.3105	-13.8702	44.8700	41	135	-125	100581	0.62 
639.074	-1.0830	0.1548	1.7676	22.0947	-89.4165	4.6997	4.6802	29.0588	-9.6021	44.8400	38	123	-124	100582	0.62 
639.167	-0.4878	0.2095	1.8936	-2.6245	-117.1875	14.3433	5.5042	18.6383	-9.2725	44.8500	22	121	-127	100582	0.62 
639.246	0.3691	0.0630	0.9932	-12.3901	-94.2383	-10.0098	4.8010	7.8168	-8.1354	44.8300	1	125	-131	100583	0.62 
639.402	0.1064	0.0459	0.7432	-4.6997	-79.5288	-14.0991	3.8727	-2.4719	-9.1132	44.8100	-19	128	-128	100584	0.62 
639.464	0.0273	0.0410	0.9668	-5.3101	-17.7002	-6.8970	3.3069	-6.6083	-10.7501	44.8100	-39	127	-124	100585	0.62 
639.574	0.1270	0.0308	1.1753	-2.5024	1.0376	7.7515	2.8510	-6.9269	-10.6073	44.8100	-44	127	-119	100585	0.62 
639.667	0.1968	0.0518	1.0654	-1.6479	-1.9531	3.2349	2.6257	-7.6025	-10.0305	44.8000	-46	126	-121	100585	0.62 
639.777	0.1196	0.0566	1.0098	-5.9204	5.2490	0.0000	2.1808	-7.5861	-9.8877	44.7800	-44	128	-119	100585	0.62 
639.871	0.0522	0.0278	1.0356	-3.6011	9.3384	-2.1362	1.7798	-6.6412	-10.1788	44.7600	-46	131	-117	100586	0.62 
639.964	0.0547	0.0068	1.0205	-3.1128	8.0566	1.2207	1.3623	-5.6305	-10.4755	44.7500	-43	131	-119	100586	0.62 
640.089	0.0605	0.0278	1.0464	-4.2114	7.5073	1.4648	0.9723	-4.6857	-10.4315	44.7500	-40	132	-116	100586	0.62 
640.168	0.0977	0.0273	0.9897	-0.8545	27.2217	7.3853	0.7416	-3.5706	-10.1294	44.7100	-38	131	-114	100586	0.62 
640.277	0.1382	-0.0474	0.9189	9.2773	59.5093	15.0146	0.8899	0.1428	-8.8879	44.7400	-29	131	-115	100586	0.62 
640.371	0.0796	0.0234	1.0347	8.4839	69.6411	5.5542	1.6534	6.8390	-7.3389	44.7200	-17	129	-120	100586	0.62 
640.464	-0.1880	-0.0049	1.0596	15.0146	103.2715	8.1787	3.1915	15.1556	-6.1194	44.7300	4	128	-123	100587	0.62 
640.574	-0.4619	0.2017	1.1357	13.9160	114.5630	-10.4370	4.5264	26.7572	-5.3613	44.7100	32	121	-128	100587	0.62 
640.683	-1.0845	0.1802	1.1431	4.0894	87.2192	5.5542	5.8557	38.9740	-4.9823	44.7100	61	120	-120	100587	0.62 
640.793	-1.0981	0.1235	0.9541	-10.5591	16.1743	-18.4326	6.0974	44.2804	-4.4495	44.7000	82	119	-107	100587	0.62 
640.902	-0.8306	-0.0151	0.8169	-14.5874	-15.5029	-16.9067	2.6093	44.2310	-7.2565	44.6800	81	128	-108	100587	0.62 
640.996	-0.4287	0.0991	0.7236	-10.0098	-69.7021	3.6011	0.2472	39.9573	-8.8770	44.6800	68	132	-112	100587	0.62 
641.089	-0.2896	-0.0444	0.6211	-10.9863	-47.1802	13.3057	0.2747	34.0027	-7.1466	44.6700	60	135	-117	100586	0.62 
641.183	-0.2939	-0.0430	0.4214	-8.7891	-92.1021	-13.0615	-0.9503	25.2850	-7.9816	44.6600	44	137	-124	100586	0.62 
641.277	-0.4458	-0.0356	0.7671	-4.5166	-58.2886	-11.9019	-1.9611	18.8855	-10.0580	44.6500	23	138	-124	100585	0.62 
641.402	-0.3569	0.0088	0.8145	-2.5635	-36.1328	1.0376	-2.3566	14.0295	-10.8600	44.6500	7	139	-121	100585	0.62 
641.465	-0.2632	-0.0396	1.0576	-2.8076	-16.1133	5.6763	-2.3785	12.3761	-10.6348	44.6700	1	141	-122	100584	0.62 
641.605	-0.2041	-0.0498	0.9185	-0.4272	-10.8032	-12.2070	-2.6202	11.1072	-11.2720	44.6700	-5	142	-122	100583	0.62 
641.699	-0.3530	-0.1118	1.0508	-0.5493	8.0566	-15.7471	-3.1750	11.3983	-13.0188	44.6700	-10	139	-125	100583	0.62 
641.780	-0.1035	-0.0273	0.9736	3.1738	-4.9438	-11.4746	-3.3069	11.0797	-13.8593	44.6700	-12	143	-118	100583	0.62 
641.890	-0.2603	-0.0991	1.0332	-4.8828	0.3052	9.0942	-3.4552	11.3434	-13.9581	44.6600	-16	143	-120	100583	0.62 
641.998	-0.1880	-0.1011	0.9873	-1.5259	0.2441	4.0894	-3.6969	11.2445	-13.4088	44.6700	-12	143	-122	100582	0.62 
642.108	-0.2070	-0.0776	1.0146	-0.3052	-1.1597	2.9907	-3.7189	11.2830	-13.2111	44.6700	-10	145	-118	100582	0.62 
642.170