StartTime: 2017-07-21 14:39:00.763
Time(s)	ChipTime	ax(g)	ay(g)	az(g)	wx(deg/s)	wy(deg/s)	wz(deg/s)	AngleX(deg)	AngleY(deg)	AngleZ(deg)	T(°)	hx	hy	hz	Pressure(Pa)	Altitude(m) 
60.088	2015-01-01 00:01:13.160	-0.1553	0.1592	1.0176	1.5869	2.9297	-3.2959	8.5803	7.5916	28.9270	45.6800	269	349	-256	100822	0.42 
60.135	2015-01-01 00:01:13.200	-0.1445	0.1523	0.9863	1.5869	1.2817	-3.4790	8.6298	7.7124	28.8611	45.8700	268	349	-258	100822	0.42 
60.167	2015-01-01 00:01:13.240	-0.1548	0.1533	1.0088	2.1362	2.6245	-3.2349	8.6792	7.8278	28.8116	46.0600	271	347	-259	100822	0.42 
60.213	2015-01-01 00:01:13.280	-0.1592	0.1523	0.9917	1.7700	0.4883	-4.3335	8.7286	7.9211	28.7457	46.1500	272	346	-260	100823	0.42 
60.276	2015-01-01 00:01:13.320	-0.1660	0.1641	0.9912	1.7090	1.5259	-2.5024	8.8000	8.0145	28.6908	46.0100	272	347	-261	100823	0.42 
60.307	2015-01-01 00:01:13.360	-0.1641	0.1450	1.0024	2.3804	0.0610	-4.8828	8.8495	8.1244	28.6084	45.8700	271	344	-261	100823	0.42 
60.370	2015-01-01 00:01:13.400	-0.1587	0.1543	0.9897	2.5635	0.7324	-5.7373	8.9099	8.1903	28.4766	45.9600	271	343	-261	100823	0.42 
60.385	2015-01-01 00:01:13.440	-0.1470	0.1484	0.9751	3.7842	2.3804	-7.0801	8.9978	8.2947	28.3118	45.8700	271	342	-263	100823	0.42 
60.432	2015-01-01 00:01:13.480	-0.1846	0.1406	0.9995	4.6997	5.8594	-3.9673	9.1296	8.5419	28.2184	46.0100	270	342	-262	100823	0.42 
60.464	2015-01-01 00:01:13.520	-0.1670	0.1133	0.9614	5.3101	6.7749	-3.9063	9.2670	8.8495	28.1689	45.9600	269	342	-261	100823	0.42 
60.511	2015-01-01 00:01:13.560	-0.1812	0.1196	0.9790	7.6294	10.5591	-3.5400	9.4592	9.2615	28.1635	45.8200	271	342	-259	100824	0.42 
60.589	2015-01-01 00:01:13.600	-0.1846	0.1157	1.0146	9.3384	8.3618	-2.2583	9.7174	9.7119	28.1799	45.8700	272	341	-260	100824	0.42 
60.604	2015-01-01 00:01:13.640	-0.1797	0.1284	0.9756	12.3901	8.3618	3.1128	10.1239	10.0085	28.3887	45.6300	274	339	-262	100824	0.42 
60.635	2015-01-01 00:01:13.680	-0.2017	0.1123	0.9829	15.7471	10.1318	1.3428	10.6238	10.3601	28.5974	46.0600	274	337	-264	100824	0.42 
60.667	2015-01-01 00:01:13.720	-0.2134	0.1602	1.0078	17.8833	8.5449	4.8218	11.3159	10.7831	28.8721	45.6800	273	339	-265	100824	0.42 
60.714	2015-01-01 00:01:13.760	-0.2173	0.1270	0.9590	21.9727	9.0942	0.4883	12.0245	11.0852	29.0753	45.7700	273	340	-265	100823	0.42 
60.760	2015-01-01 00:01:13.800	-0.2578	0.1924	0.9893	26.3672	9.3384	2.1973	12.9749	11.5466	29.2291	45.8700	273	337	-265	100824	0.42 
60.792	2015-01-01 00:01:13.840	-0.2432	0.2021	0.9644	29.6021	7.5684	1.5259	14.0735	11.8927	29.4049	46.0100	273	332	-266	100824	0.42 
60.839	2015-01-01 00:01:13.880	-0.2617	0.1509	0.9771	35.2173	3.4180	-5.2490	15.2875	12.1838	29.3939	45.8700	272	330	-267	100824	0.42 
60.885	2015-01-01 00:01:13.920	-0.2402	0.2393	0.9302	37.4146	2.7466	-5.3711	16.5894	12.4200	29.2072	46.2000	274	325	-268	100824	0.42 
60.932	2015-01-01 00:01:13.960	-0.2334	0.2085	0.9214	41.9922	2.5024	-8.8501	18.0560	12.6233	29.0204	45.8700	273	322	-271	100824	0.42 
60.995	2015-01-01 00:01:14.000	-0.2700	0.2422	0.9155	45.9595	-0.1221	-14.3433	19.6161	12.8705	28.5699	45.8200	271	319	-274	100824	0.42 
61.026	2015-01-01 00:01:14.040	-0.2588	0.2202	0.9136	51.2085	-2.2583	-14.3433	21.3300	13.0902	28.0756	46.2000	273	314	-274	100824	0.42 
61.057	2015-01-01 00:01:14.080	-0.2476	0.2427	0.8452	57.1899	-3.6621	-17.5781	23.1592	13.2605	27.4438	45.8700	278	307	-270	100824	0.42 
61.089	2015-01-01 00:01:14.120	-0.2339	0.3423	0.8647	59.0210	-1.4648	-11.1694	25.2081	13.5132	26.8945	46.0100	280	300	-268	100824	0.42 
61.135	2015-01-01 00:01:14.160	-0.2119	0.3188	0.8286	62.1948	1.2817	6.8359	27.5208	13.4308	27.0374	46.1500	278	293	-268	100824	0.42 
61.198	2015-01-01 00:01:14.200	-0.3003	0.2148	0.8574	69.0308	-1.8311	5.0659	29.9268	13.4198	27.3834	46.2000	278	286	-266	100824	0.42 
61.198	2015-01-01 00:01:14.240	-0.2373	0.2354	0.7031	73.0591	-1.9531	9.3994	32.4371	13.2220	27.6361	46.0100	276	283	-261	100824	0.42 
61.245	2015-01-01 00:01:14.280	-0.2627	0.1284	0.6875	85.6934	1.0376	1.2817	35.2386	13.2111	27.9547	46.0100	275	280	-260	100824	0.42 
61.292	2015-01-01 00:01:14.320	-0.1875	0.1318	0.5469	95.0928	6.7749	-6.2866	38.2599	13.4912	28.0591	45.8700	278	269	-257	100824	0.42 
61.370	2015-01-01 00:01:14.360	-0.1401	0.0439	0.3906	105.5908	16.6626	-15.4419	41.6437	14.2108	28.0811	45.8200	283	258	-257	100824	0.42 
61.417	2015-01-01 00:01:14.400	0.0737	0.0630	0.2104	118.1641	48.5229	-16.4795	45.2856	15.3973	28.5480	45.7700	286	253	-257	100823	0.42 
61.417	2015-01-01 00:01:14.440	-0.0767	0.3906	0.2314	139.5264	9.3384	2.8076	50.6635	15.9302	29.5093	45.7700	290	241	-245	100824	0.42 
61.480	2015-01-01 00:01:14.480	-0.1177	1.0005	0.2949	118.1030	3.4180	85.5103	56.3763	15.2435	31.1407	45.7700	292	229	-231	100824	0.42 
61.511	2015-01-01 00:01:14.520	-0.1372	0.8696	0.0430	74.2188	-15.6860	161.8042	61.1444	10.2997	34.3158	45.6800	293	224	-223	100823	0.42 
61.542	2015-01-01 00:01:14.560	-0.5029	2.4355	0.2969	13.6108	30.4565	117.4316	63.9349	4.3341	39.2596	45.5300	285	224	-217	100823	0.42 
61.636	2015-01-01 00:01:14.600	-1.2861	3.6470	-0.5518	267.1509	-45.2881	-124.5728	72.1527	-0.0055	38.6664	45.6300	274	233	-211	100823	0.42 
61.636	2015-01-01 00:01:14.640	1.5039	2.6235	-0.7524	-14.5264	89.1113	-143.5547	75.6464	7.2455	36.2769	45.5300	269	227	-191	100823	0.42 
61.667	2015-01-01 00:01:14.680	0.4604	0.6074	0.1006	-22.7661	-42.6636	-90.9424	76.1957	9.0033	35.0134	45.4800	276	216	-184	100823	0.42 
61.714	2015-01-01 00:01:14.720	0.4175	1.0723	-0.2417	-20.5078	-15.3809	7.0801	75.5475	10.2722	33.6072	45.5300	277	212	-178	100823	0.42 
61.761	2015-01-01 00:01:14.760	0.0068	0.9121	-0.0386	-38.0249	-12.1460	55.1758	75.1959	8.1189	34.3817	45.2900	282	208	-174	100823	0.42 
61.823	2015-01-01 00:01:14.800	-0.4214	0.5493	-0.0796	-26.2451	13.7329	27.5269	74.1522	7.3059	35.2167	45.6800	282	209	-178	100823	0.42 
61.855	2015-01-01 00:01:14.840	-0.7446	0.5317	0.3320	0.6714	2.2583	-47.6685	73.3337	9.4867	36.2604	45.6300	283	210	-179	100824	0.42 
61.886	2015-01-01 00:01:14.880	-0.4512	0.8740	0.5088	50.6592	-2.9907	-73.1201	74.5038	12.3486	35.9802	45.2900	285	208	-181	100824	0.42 
61.917	2015-01-01 00:01:14.920	-0.2490	0.9883	0.4458	47.6685	-1.9531	-44.8608	76.0638	14.9139	35.6616	45.6800	292	203	-185	100824	0.42 
61.964	2015-01-01 00:01:14.960	-0.2881	1.1660	0.3672	32.8979	-1.7700	17.2729	77.3218	14.7052	35.9308	45.5300	296	201	-187	100824	0.42 
62.011	2015-01-01 00:01:15.000	-0.3843	0.9331	-0.0898	29.9072	-17.8223	0.3662	78.5852	14.3591	36.1670	45.2900	298	197	-178	100824	0.42 
62.057	2015-01-01 00:01:15.040	-0.1489	1.3428	0.0688	14.5874	-5.0049	10.4370	79.7223	14.1064	36.7218	45.6800	298	193	-169	100824	0.42 
62.105	2015-01-01 00:01:15.080	-0.1978	0.7188	-0.0488	12.6953	2.8076	-24.5972	80.5792	14.1833	37.3425	45.2900	298	192	-168	100824	0.42 
62.136	2015-01-01 00:01:15.120	-0.0054	1.0107	-0.0820	12.7563	-4.2114	-45.0439	81.2714	15.9741	37.5623	45.4400	296	194	-162	100824	0.42 
62.183	2015-01-01 00:01:15.160	-0.2710	1.0278	0.1338	9.8267	-2.3193	-20.2026	81.9086	16.7981	38.1061	45.4400	294	195	-159	100824	0.42 
62.261	2015-01-01 00:01:15.200	-0.3794	0.9673	0.0156	10.0708	-16.9678	-16.6626	82.2162	17.6056	37.9138	45.5300	302	189	-157	100825	0.42 
62.276	2015-01-01 00:01:15.240	-0.4995	0.9756	0.1509	5.9204	-16.2964	-7.0801	82.3755	18.0835	37.8479	45.5300	306	184	-162	100825	0.42 
62.324	2015-01-01 00:01:15.280	-0.4585	0.9409	0.1108	4.8828	-17.5781	-9.8877	82.2327	18.6273	37.5403	45.6300	308	182	-162	100825	0.42 
62.355	2015-01-01 00:01:15.320	-0.3066	0.9922	0.0005	0.7324	2.5024	5.2490	82.3920	18.6932	37.9578	45.5300	309	183	-156	100825	0.42 
62.386	2015-01-01 00:01:15.360	-0.3228	0.9370	0.0229	1.0986	1.0376	6.6528	82.6172	18.4955	38.7653	45.5300	313	180	-152	100825	0.42 
62.464	2015-01-01 00:01:15.400	-0.2534	0.9688	-0.0020	1.0986	-5.3101	6.4697	82.7930	18.1879	39.3146	45.4800	314	179	-151	100825	0.42 
62.464	2015-01-01 00:01:15.440	-0.3389	0.9570	0.0156	2.1973	-12.5732	-2.6855	82.8809	18.1274	39.6222	45.2900	312	180	-153	100825	0.42 
62.511	2015-01-01 00:01:15.480	-0.3564	0.9912	0.0376	1.4038	-13.9771	4.1504	82.9523	18.1329	39.7485	45.4800	311	179	-152	100825	0.42 
62.558	2015-01-01 00:01:15.520	-0.3530	0.8818	0.0713	2.0142	-13.4888	6.3477	82.9303	17.8857	39.7980	45.8200	310	181	-152	100825	0.42 
62.589	2015-01-01 00:01:15.560	-0.3472	0.9399	0.1094	5.1270	-13.9771	3.8452	82.9523	17.7045	39.8859	45.6800	309	183	-152	100826	0.42 
62.667	2015-01-01 00:01:15.600	-0.3354	0.9858	0.0762	5.3711	-15.1367	2.3193	83.0786	17.6001	39.8529	45.6800	309	183	-153	100826	0.42 
62.682	2015-01-01 00:01:15.640	-0.2388	0.9150	-0.0352	7.9346	-4.0283	-7.2632	83.3588	17.6276	40.0397	45.5300	308	182	-150	100826	0.42 
62.714	2015-01-01 00:01:15.680	-0.2583	0.9326	-0.0093	8.2397	-6.8970	-12.3291	83.7872	18.0670	40.4626	45.6300	305	183	-148	100826	0.42 
62.776	2015-01-01 00:01:15.720	-0.3154	1.0859	0.0146	3.0518	-12.6343	-11.3525	84.0070	18.5339	40.7483	45.6800	301	183	-149	100826	0.42 
62.808	2015-01-01 00:01:15.760	-0.3208	1.0400	0.0347	-4.2725	-2.3193	2.5024	84.0015	18.6548	41.0724	45.6800	304	182	-146	100826	0.42 
62.870	2015-01-01 00:01:15.800	-0.3228	0.9038	0.0449	-5.9814	0.9155	7.0190	83.8751	18.4021	41.6876	45.7700	308	180	-144	100826	0.42 
62.901	2015-01-01 00:01:15.840	-0.3359	0.9141	0.0562	-0.9766	-2.3193	-4.9438	83.8257	18.5120	42.2699	45.4400	310	178	-146	100826	0.42 
62.933	2015-01-01 00:01:15.880	-0.2842	0.9336	0.0342	-0.1221	6.7749	4.0894	83.9685	18.5065	42.9291	45.7700	310	177	-146	100826	0.42 
62.979	2015-01-01 00:01:15.920	-0.2988	0.9580	0.0303	-1.4038	7.0190	2.9297	84.1443	18.3252	43.7860	45.7700	309	178	-146	100826	0.42 
63.042	2015-01-01 00:01:15.960	-0.3105	0.9312	0.0659	0.8545	2.3193	2.8687	84.2432	18.3142	44.4727	45.8200	309	179	-145	100826	0.42 
63.073	2015-01-01 00:01:16.000	-0.3140	0.9707	0.0581	-1.5869	-1.1597	-3.0518	84.2706	18.2483	45.0110	45.6300	308	179	-145	100826	0.42 
63.104	2015-01-01 00:01:16.040	-0.3340	0.9194	0.0781	0.9766	-2.6245	-0.1221	84.3036	18.3911	45.4010	45.8200	308	179	-145	100825	0.42 
63.136	2015-01-01 00:01:16.080	-0.3003	0.9268	0.0601	2.5635	-8.4839	-2.0142	84.3091	18.4570	45.5713	45.6300	306	182	-143	100825	0.42 
63.183	2015-01-01 00:01:16.120	-0.3306	0.9751	0.0581	1.8311	-10.0708	-1.1597	84.3530	18.4735	45.7141	45.7700	307	183	-143	100825	0.42 
63.245	2015-01-01 00:01:16.160	-0.3188	1.0122	-0.0029	0.0000	-7.5073	1.0376	84.3640	18.4406	45.8130	45.5300	305	182	-143	100825	0.42 
63.277	2015-01-01 00:01:16.200	-0.3120	0.9438	0.0200	0.7324	-3.1738	-0.3662	84.4464	18.3856	46.1151	45.6300	309	182	-144	100825	0.42 
63.308	2015-01-01 00:01:16.240	-0.3296	0.9575	0.0166	-0.0610	-5.0659	1.0376	84.5068	18.3856	46.4227	45.5300	309	182	-143	100825	0.42 
63.354	2015-01-01 00:01:16.280	-0.2778	0.9541	0.0029	-0.1221	-0.6104	0.6104	84.5782	18.3197	46.8127	45.5300	308	180	-142	100825	0.42 
63.401	2015-01-01 00:01:16.320	-0.2935	0.9761	0.0361	-0.2441	-0.3662	-1.5259	84.6771	18.3307	47.2797	45.6800	306	180	-139	100826	0.42 
63.448	2015-01-01 00:01:16.360	-0.3022	0.9512	0.0498	-0.9766	1.8311	-2.5635	84.7321	18.3856	47.7960	45.4800	306	180	-139	100826	0.42 
63.480	2015-01-01 00:01:16.400	-0.3145	0.9756	0.0483	-0.7324	-0.4272	-4.9438	84.7485	18.5229	48.2520	45.6800	307	179	-139	100826	0.42 
63.543	2015-01-01 00:01:16.440	-0.3315	0.9521	0.0464	-1.6479	-1.4648	-2.9907	84.7595	18.6932	48.6310	45.8200	307	181	-140	100826	0.42 
63.574	2015-01-01 00:01:16.480	-0.3218	0.9370	0.0376	-0.2441	-0.9766	-2.0752	84.7705	18.8031	48.9825	45.4400	307	180	-144	100826	0.42 
63.605	2015-01-01 00:01:16.520	-0.3193	0.9644	0.0630	-2.3804	-1.4038	-2.8687	84.7870	18.8580	49.3616	45.6300	307	182	-146	100826	0.42 
63.651	2015-01-01 00:01:16.560	-0.3574	0.9473	0.0591	-4.2725	-4.0894	-6.2256	84.5892	19.0942	49.6362	45.5300	308	183	-148	100826	0.42 
63.698	2015-01-01 00:01:16.600	-0.2427	0.9697	0.0176	0.0610	2.5635	-4.8828	84.6112	19.2975	49.9219	45.6800	310	183	-146	100826	0.42 
63.714	2015-01-01 00:01:16.640	-0.3516	0.9238	0.0669	-0.6714	-2.7466	-3.6011	84.6387	19.4293	50.3723	45.6800	310	181	-143	100826	0.42 
63.776	2015-01-01 00:01:16.680	-0.3242	0.9771	0.0244	1.1597	2.0142	-3.4180	84.7375	19.5612	50.7074	45.6800	311	178	-140	100826	0.42 
63.808	2015-01-01 00:01:16.720	-0.3242	0.9546	0.0542	0.3662	1.7090	-2.2583	84.8859	19.6600	51.1798	45.4800	310	177	-141	100826	0.42 
63.855	2015-01-01 00:01:16.760	-0.3516	0.9487	0.0444	0.1221	-2.8687	-1.4038	84.8914	19.7040	51.4984	45.7700	311	178	-139	100826	0.42 
63.886	2015-01-01 00:01:16.800	-0.3335	0.9600	0.0439	0.4272	-1.8311	-0.3662	84.9573	19.7534	51.7841	45.7700	313	178	-138	100826	0.42 
63.933	2015-01-01 00:01:16.840	-0.3320	0.9546	0.0278	0.0000	-2.0752	1.8311	84.9847	19.7040	52.0477	45.5300	312	178	-141	100826	0.42 
63.980	2015-01-01 00:01:16.880	-0.3286	0.9580	0.0322	0.0610	-3.6621	3.8452	85.0232	19.5667	52.3114	45.6800	312	179	-140	100826	0.42 
64.011	2015-01-01 00:01:16.920	-0.3203	0.9531	0.0322	-0.6714	-2.2583	2.3804	85.0342	19.4293	52.5586	45.5300	309	180	-140	100826	0.42 
64.089	2015-01-01 00:01:16.960	-0.3013	0.9619	0.0522	-1.2817	-2.9297	1.7090	85.0287	19.2975	52.8113	45.5300	309	182	-140	100827	0.42 
64.120	2015-01-01 00:01:17.000	-0.3086	0.9561	0.0400	-1.1597	-1.2817	1.7700	85.0067	19.2041	53.0475	45.5300	311	182	-141	100827	0.42 
64.151	2015-01-01 00:01:17.040	-0.3120	0.9409	0.0625	-1.6479	-2.5635	-0.1221	84.9683	19.1382	53.3057	45.6800	312	183	-143	100826	0.42 
64.199	2015-01-01 00:01:17.080	-0.3062	0.9507	0.0591	0.3662	-3.4790	-1.9531	84.9408	19.1656	53.4705	45.6300	309	180	-143	100827	0.42 
64.230	2015-01-01 00:01:17.120	-0.3125	0.9536	0.0361	0.4883	-0.9766	-1.1597	84.9957	19.1931	53.6792	45.7700	309	175	-147	100827	0.42 
64.292	2015-01-01 00:01:17.160	-0.3110	0.9536	0.0371	0.7324	-1.4038	-3.7842	85.0452	19.2755	53.9044	45.6800	308	175	-146	100827	0.42 
64.324	2015-01-01 00:01:17.200	-0.2998	0.9521	0.0352	1.5259	0.1221	-6.1035	85.1331	19.4293	54.1626	45.5300	307	180	-140	100827	0.42 
64.355	2015-01-01 00:01:17.240	-0.3594	0.9492	0.0454	0.6714	-0.3052	-3.9673	85.2155	19.6381	54.4757	45.8700	309	181	-138	100827	0.41 
64.401	2015-01-01 00:01:17.280	-0.3188	0.9648	0.0283	1.7090	-0.0610	-1.8311	85.3253	19.7589	54.7504	45.6800	309	181	-137	100827	0.41 
64.433	2015-01-01 00:01:17.320	-0.3467	0.9565	0.0601	-0.5493	1.1597	-1.0986	85.4077	19.7974	55.1129	45.5300	308	182	-137	100827	0.41 
64.496	2015-01-01 00:01:17.360	-0.3149	0.9551	0.0332	-0.3662	-0.6104	1.5869	85.4242	19.7754	55.3931	45.6300	312	181	-139	100827	0.41 
64.526	2015-01-01 00:01:17.400	-0.3242	0.9419	0.0205	-1.7700	3.4180	2.6855	85.4846	19.6326	55.7666	45.7700	310	179	-139	100827	0.41 
64.573	2015-01-01 00:01:17.440	-0.3047	0.9517	0.0288	-1.2817	4.5776	1.3428	85.5670	19.5612	56.2170	45.8200	308	178	-141	100827	0.41 
64.620	2015-01-01 00:01:17.480	-0.3218	0.9751	0.0801	-0.9155	4.2114	-3.0518	85.6439	19.5776	56.6730	45.8200	305	178	-143	100827	0.41 
64.667	2015-01-01 00:01:17.520	-0.3027	0.9434	0.0459	-2.1973	-2.0142	-3.0518	85.5945	19.6655	56.8872	45.7700	306	179	-143	100827	0.41 
64.699	2015-01-01 00:01:17.560	-0.3423	0.9292	0.0337	-1.0376	-2.6855	-2.0142	85.5450	19.7424	57.0026	45.6800	308	183	-146	100827	0.41 
64.730	2015-01-01 00:01:17.600	-0.3320	0.9517	0.0352	1.0986	-1.7090	-4.3335	85.5835	19.8798	57.1399	45.6300	309	190	-145	100827	0.41 
64.776	2015-01-01 00:01:17.640	-0.3174	0.9438	0.0610	0.9766	-3.1738	-2.8687	85.6384	19.9951	57.2552	45.5300	308	187	-144	100827	0.41 
64.823	2015-01-01 00:01:17.680	-0.3184	0.9512	0.0430	0.6714	-2.5635	-1.4038	85.6769	20.0336	57.3596	45.4800	310	182	-141	100827	0.42 
64.870	2015-01-01 00:01:17.720	-0.3379	0.9556	0.0264	-0.3662	-3.0518	-0.0610	85.6769	20.0500	57.4585	45.7700	313	182	-141	100827	0.42 
64.917	2015-01-01 00:01:17.760	-0.3213	0.9600	0.0210	-0.1221	-0.5493	-0.7324	85.7373	20.0446	57.6508	45.6800	312	182	-141	100827	0.42 
64.965	2015-01-01 00:01:17.800	-0.3413	0.9546	0.0449	0.0000	-0.1831	-0.7324	85.7813	20.0665	57.8705	45.8200	313	181	-141	100827	0.41 
64.996	2015-01-01 00:01:17.840	-0.2905	0.9692	0.0547	-1.2817	0.6104	-1.2207	85.7813	20.0500	58.0792	45.6800	314	177	-140	100827	0.41 
65.073	2015-01-01 00:01:17.880	-0.3350	0.9438	0.0449	-1.5869	-1.3428	-0.5493	85.7483	20.0446	58.2605	45.7700	313	178	-141	100827	0.41 
65.105	2015-01-01 00:01:17.920	-0.3188	0.9351	0.0396	-1.2817	-1.0986	-0.7935	85.7373	20.0665	58.4418	45.7700	309	179	-142	100827	0.42 
65.120	2015-01-01 00:01:17.960	-0.3394	0.9604	0.0532	-0.3662	1.3428	-1.7700	85.7648	20.1050	58.6285	45.6300	308	180	-143	100827	0.41 
65.167	2015-01-01 00:01:18.000	-0.3193	0.9575	0.0464	-1.0376	-2.0752	0.3662	85.7428	20.1050	58.7494	45.6800	309	178	-141	100827	0.42 
65.198