StartTime: 2017-07-21 14:03:38.842
Time(s)	ChipTime	ax(g)	ay(g)	az(g)	wx(deg/s)	wy(deg/s)	wz(deg/s)	AngleX(deg)	AngleY(deg)	AngleZ(deg)	T(°)	hx	hy	hz	Pressure(Pa)	Altitude(m) 
3.828	2015-01-01 00:07:33.960	-0.0166	0.0039	1.0234	-1.5869	-3.1738	-17.8223	-1.5381	-4.5428	14.6558	47.4000	455	462	-217	100849	0.40 
3.860	2015-01-01 00:07:34.000	-0.0122	0.0020	1.0327	-1.5259	-2.9907	-18.2495	-1.5436	-4.5538	14.6503	47.2600	457	462	-216	100849	0.40 
3.923	2015-01-01 00:07:34.040	-0.0181	0.0029	1.0171	-1.6479	-3.4180	-17.8833	-1.5436	-4.5538	14.6393	47.1100	456	461	-217	100849	0.40 
3.954	2015-01-01 00:07:34.080	-0.0220	0.0029	1.0244	-1.9531	-4.2725	-18.0664	-1.5491	-4.5813	14.6283	47.3500	454	463	-220	100848	0.40 
3.985	2015-01-01 00:07:34.120	-0.0068	0.0059	1.0181	-1.2207	-1.9531	-18.3105	-1.5491	-4.6033	14.6063	47.4000	451	463	-221	100848	0.40 
4.063	2015-01-01 00:07:34.160	-0.0308	0.0034	1.0327	-1.8921	-4.6387	-18.0054	-1.5546	-4.5868	14.5789	47.4000	450	462	-219	100848	0.40 
4.063	2015-01-01 00:07:34.200	-0.0029	-0.0015	1.0142	-1.7700	-2.6245	-18.7378	-1.5710	-4.6362	14.5459	47.2600	452	464	-220	100848	0.40 
4.126	2015-01-01 00:07:34.240	-0.0259	0.0059	1.0210	-0.9155	-1.4038	-17.8223	-1.5710	-4.5978	14.5074	47.5400	452	465	-223	100848	0.40 
4.157	2015-01-01 00:07:34.280	-0.0073	0.0093	1.0200	-1.6479	-3.1738	-16.6016	-1.5436	-4.5758	14.5239	47.2600	451	465	-223	100848	0.40 
4.235	2015-01-01 00:07:34.320	-0.0117	-0.0142	1.0200	-1.7700	-1.0376	-18.7378	-1.5765	-4.5648	14.5184	47.4000	452	462	-219	100848	0.40 
4.266	2015-01-01 00:07:34.360	-0.0259	0.0044	1.0288	-0.6714	-0.1221	-17.6392	-1.5601	-4.4550	14.4965	47.3500	452	462	-219	100848	0.40 
4.281	2015-01-01 00:07:34.400	-0.0098	-0.0127	1.0156	-1.7700	-1.2207	-18.8599	-1.5601	-4.3835	14.4800	47.4000	452	462	-218	100848	0.40 
4.313	2015-01-01 00:07:34.440	-0.0122	-0.0195	1.0122	-1.1597	1.5869	-19.4702	-1.5820	-4.2572	14.4141	47.1100	453	460	-219	100848	0.40 
4.360	2015-01-01 00:07:34.480	-0.0151	-0.0122	1.0215	-0.9155	3.3569	-19.5313	-1.5820	-4.0430	14.3427	47.4000	453	461	-218	100848	0.40 
4.391	2015-01-01 00:07:34.520	-0.0117	-0.0117	1.0063	-0.7935	5.1270	-18.4326	-1.5820	-3.7958	14.2932	47.2600	457	462	-223	100848	0.40 
4.469	2015-01-01 00:07:34.560	-0.0210	-0.0151	1.0220	-0.1831	6.2256	-15.1978	-1.5656	-3.4552	14.3372	47.2600	459	462	-225	100848	0.40 
4.469	2015-01-01 00:07:34.600	-0.0078	-0.0225	1.0273	-0.6104	6.6528	-13.8550	-1.5491	-3.1091	14.4910	47.2100	459	462	-220	100848	0.40 
4.516	2015-01-01 00:07:34.640	0.0083	-0.0508	1.0044	-0.9766	5.8594	-13.4277	-1.5875	-2.8235	14.6722	47.4500	456	463	-216	100848	0.40 
4.547	2015-01-01 00:07:34.680	-0.0132	-0.0576	1.0088	0.0000	10.9253	-14.4043	-1.6370	-2.4390	14.8370	47.3500	455	464	-215	100848	0.40 
4.610	2015-01-01 00:07:34.720	-0.0181	-0.0195	1.0010	0.9155	12.2681	-12.3291	-1.6315	-1.9226	14.9854	47.4000	460	462	-217	100848	0.40 
4.672	2015-01-01 00:07:34.760	-0.0669	0.0103	1.0010	-0.1221	8.9111	-5.3711	-1.5930	-1.3953	15.3259	47.2600	460	460	-218	100848	0.40 
4.688	2015-01-01 00:07:34.800	-0.0874	0.0439	0.9365	-2.2583	12.7563	1.4648	-1.5985	-0.8350	15.9192	47.4000	460	458	-220	100848	0.40 
4.719	2015-01-01 00:07:34.840	-0.1040	0.0576	0.9346	-6.1035	12.6343	9.4604	-1.7029	-0.1263	16.7761	47.4000	461	457	-221	100848	0.40 
4.766	2015-01-01 00:07:34.880	-0.1040	0.0474	1.1040	-4.6997	14.4043	8.4229	-1.8732	0.5768	17.7649	47.2100	471	459	-217	100848	0.40 
4.813	2015-01-01 00:07:34.920	0.0225	0.0303	1.0518	-2.3193	6.9580	10.2539	-1.9171	1.0272	18.7592	47.4500	478	458	-214	100849	0.40 
4.875	2015-01-01 00:07:34.960	0.0684	-0.0166	1.1655	-0.4883	1.9531	-2.3804	-1.8842	1.1536	19.5776	47.2600	482	459	-212	100849	0.40 
4.891	2015-01-01 00:07:35.000	-0.0088	-0.0225	1.0557	5.4321	7.3853	-11.0474	-1.7908	1.2469	19.8688	47.4500	486	456	-211	100849	0.40 
4.922	2015-01-01 00:07:35.040	0.0239	0.0303	0.9521	7.8735	9.2163	-7.0190	-1.4282	1.5546	20.1489	47.4000	488	455	-211	100849	0.40 
4.970	2015-01-01 00:07:35.080	0.0200	0.0576	0.9956	11.2305	12.5732	-7.9956	-0.9393	1.9501	20.4950	47.4000	486	455	-210	100849	0.40 
5.001	2015-01-01 00:07:35.120	0.0098	0.0493	1.0215	7.2021	2.6855	-6.5918	-0.4779	2.1698	20.8246	47.4000	487	455	-211	100849	0.40 
5.079	2015-01-01 00:07:35.160	-0.0024	0.0313	1.0366	5.6763	-4.2114	-15.9912	-0.1813	2.0984	20.9949	47.4000	490	453	-212	100849	0.40 
5.079	2015-01-01 00:07:35.200	0.0303	0.0806	0.9731	4.2114	-6.5918	-20.3247	0.0714	1.7963	20.8411	47.4500	489	450	-215	100849	0.40 
5.141	2015-01-01 00:07:35.240	0.0156	0.1021	1.0259	2.9297	-9.2163	-20.3247	0.3296	1.4502	20.6708	47.4000	489	449	-217	100849	0.40 
5.172	2015-01-01 00:07:35.280	0.0146	0.0742	1.0049	-0.3662	-10.9253	-28.9307	0.4559	0.9723	20.2972	47.2600	490	450	-217	100849	0.40 
5.203	2015-01-01 00:07:35.320	0.0122	0.1357	1.1499	0.0000	-3.7231	-36.7432	0.5383	0.7416	19.5557	47.3500	491	453	-218	100849	0.40 
5.282	2015-01-01 00:07:35.360	0.0820	0.1221	1.2002	0.1221	-13.3057	-41.1377	0.6921	0.3516	18.6328	47.3500	491	456	-219	100849	0.40 
5.313	2015-01-01 00:07:35.400	-0.0654	0.1533	1.2915	11.4746	2.5024	-28.5645	1.0217	0.2417	17.7869	47.2100	489	454	-221	100849	0.40 
5.344	2015-01-01 00:07:35.440	-0.1201	0.2397	1.2104	14.8315	5.8594	-3.4180	1.8073	0.5713	17.9517	47.3500	486	452	-225	100850	0.40 
5.375	2015-01-01 00:07:35.480	-0.2700	0.0742	0.9531	7.2632	0.1221	-14.0991	2.2906	0.9229	18.1879	47.5400	484	450	-223	100850	0.40 
5.423	2015-01-01 00:07:35.520	-0.3213	-0.0947	0.7769	1.8921	3.4790	-25.8789	2.2906	1.4557	17.9297	47.4000	485	450	-225	100850	0.40 
5.469	2015-01-01 00:07:35.560	-0.3457	-0.0771	0.9009	-5.6763	0.0610	-39.9780	1.8237	2.0435	17.0673	47.4000	484	449	-228	100850	0.40 
5.501	2015-01-01 00:07:35.600	-0.2866	0.0850	1.0181	-9.6436	-10.1318	-35.7666	1.3568	2.1808	16.1279	47.2100	482	448	-229	100850	0.40 
5.563	2015-01-01 00:07:35.640	-0.1816	0.1396	0.9873	-11.7188	-9.0332	-22.5220	0.9778	2.1204	15.5457	47.2600	481	449	-228	100850	0.40 
5.578	2015-01-01 00:07:35.680	-0.1060	0.0283	0.9287	-14.6484	-4.2114	-10.2539	0.4999	1.9995	15.6171	47.2600	478	448	-225	100850	0.40 
5.625	2015-01-01 00:07:35.720	-0.0693	-0.1060	0.8853	-14.0991	-3.2959	-13.4277	-0.1978	1.8732	15.9082	47.2100	479	450	-223	100850	0.40 
5.672	2015-01-01 00:07:35.760	-0.0781	-0.0479	0.9512	-8.6060	5.3711	-18.0054	-0.8130	1.9830	15.9357	47.2600	480	452	-221	100850	0.40 
5.704	2015-01-01 00:07:35.800	-0.1016	0.0371	0.9917	-5.6152	-5.1880	-8.4229	-1.0547	2.1149	16.1279	47.2600	479	454	-221	100850	0.40 
5.735	2015-01-01 00:07:35.840	-0.0259	0.0029	0.9282	-5.6763	-18.0054	-2.0752	-1.2524	1.6644	16.6168	47.4000	483	454	-220	100850	0.40 
5.782	2015-01-01 00:07:35.880	0.0259	0.0029	0.8838	-6.2866	-16.0522	5.9204	-1.4502	0.8295	17.4683	47.3500	484	456	-218	100850	0.40 
5.813	2015-01-01 00:07:35.920	-0.0269	0.0122	1.0308	-5.7983	-19.7754	17.7002	-1.5930	0.2527	18.6713	47.3500	482	456	-219	100850	0.40 
5.875	2015-01-01 00:07:35.960	-0.0283	-0.2158	1.1558	-9.5825	-8.0566	-4.3945	-2.0380	-0.3461	19.6930	47.1100	483	453	-222	100850	0.40 
5.907	2015-01-01 00:07:36.000	0.0391	-0.1021	1.3257	-17.5781	-14.8315	-12.5732	-2.7301	-0.7526	19.8962	47.1100	483	454	-224	100850	0.40 
5.938	2015-01-01 00:07:36.040	0.0176	-0.0044	1.3115	-17.6392	-14.8315	-1.3428	-3.3289	-1.4612	20.4236	47.2100	483	457	-220	100850	0.40 
6.000	2015-01-01 00:07:36.080	-0.3350	-0.2690	1.1230	-21.9116	3.4790	-38.0859	-4.2627	-1.4392	20.2423	47.0700	484	454	-218	100850	0.40 
6.032	2015-01-01 00:07:36.120	-0.3389	0.1270	0.8433	-6.7749	7.2632	-34.0576	-4.8285	-0.7910	19.0668	47.1100	482	457	-217	100850	0.40 
6.110	2015-01-01 00:07:36.160	-0.2495	0.1729	0.9663	-10.7422	20.2637	-35.4614	-4.8834	0.1263	18.1879	47.2100	482	459	-215	100850	0.40 
6.110	2015-01-01 00:07:36.200	-0.2637	0.0571	1.0498	8.8501	5.9814	-23.1934	-4.7351	0.8844	17.4847	47.2600	482	459	-214	100850	0.40 
6.157	2015-01-01 00:07:36.240	-0.2202	0.0015	0.9814	15.2588	8.4839	-21.4233	-4.1089	1.4172	17.2266	47.2600	483	456	-214	100850	0.40 
6.188	2015-01-01 00:07:36.280	-0.1479	-0.0264	0.9668	15.6860	0.1221	-25.9399	-3.5706	1.7029	16.8750	47.0700	484	454	-213	100851	0.40 
6.235	2015-01-01 00:07:36.320	-0.0166	0.0420	0.8218	18.4326	2.5024	-34.4238	-2.8455	1.6974	16.3422	47.1100	484	455	-214	100850	0.40 
6.282	2015-01-01 00:07:36.360	0.0269	0.2026	0.8999	12.2070	6.6528	-24.6582	-1.9556	1.9061	15.7983	47.3500	480	455	-215	100850	0.40 
6.313	2015-01-01 00:07:36.400	-0.0029	0.1108	0.9824	2.7466	-2.6855	-12.2070	-1.4172	1.9336	15.8423	47.2100	478	458	-214	100850	0.40 
6.360	2015-01-01 00:07:36.440	0.0005	0.0171	0.9600	-4.6387	-17.0288	-15.6250	-1.4008	1.5106	16.0126	47.2100	478	457	-216	100850	0.40 
6.391	2015-01-01 00:07:36.480	0.0737	0.0762	0.9116	-8.4839	-15.1978	-19.5923	-1.5546	0.7581	16.0620	47.1100	477	455	-220	100850	0.40 
6.438	2015-01-01 00:07:36.520	0.0464	0.1172	1.1284	-4.2114	-1.5259	-39.3677	-1.6754	0.2747	15.5182	46.9200	477	454	-221	100850	0.40 
6.485	2015-01-01 00:07:36.560	-0.0059	0.2153	1.4072	3.6621	-16.3574	-18.2495	-1.4282	0.1428	15.0568	47.2600	476	455	-222	100850	0.40 
6.532	2015-01-01 00:07:36.600	0.1313	-0.0786	1.2100	-1.0376	-24.7803	-26.9165	-1.2524	-1.1700	15.0842	47.2100	472	454	-222	100850	0.40 
6.563	2015-01-01 00:07:36.640	-0.4883	0.0957	1.3228	16.1743	-3.9673	-16.1743	-0.8899	-1.0876	14.8590	47.1100	471	453	-223	100851	0.40 
6.594	2015-01-01 00:07:36.680	-0.3530	0.0249	0.6821	18.6768	-11.4136	-28.7476	-0.1593	-1.0162	14.4690	47.4000	469	453	-223	100851	0.39 
6.641	2015-01-01 00:07:36.720	-0.2632	-0.0786	0.8896	14.2822	10.3760	-26.4282	0.3461	-0.4010	13.9911	47.2600	467	451	-224	100851	0.39 
6.688	2015-01-01 00:07:36.760	-0.2568	0.0020	0.9775	-6.2256	-0.6714	-41.6260	0.2966	0.1813	13.2440	47.2100	466	449	-228	100851	0.39 
6.719	2015-01-01 00:07:36.800	-0.2104	0.1870	1.0029	-20.9961	0.0000	-30.0293	-0.1978	0.5548	12.4255	47.2100	466	448	-230	100851	0.39 
6.766	2015-01-01 00:07:36.840	-0.1157	0.1108	0.9214	-17.2119	-3.6621	-15.2588	-0.8350	0.6647	12.2607	47.5900	464	451	-228	100851	0.39 
6.798	2015-01-01 00:07:36.880	-0.0508	0.0078	0.8374	-14.9536	-2.3804	4.7607	-1.3403	0.6482	12.8320	47.1100	461	451	-226	100851	0.39 
6.844	2015-01-01 00:07:36.920	-0.0537	-0.1484	0.8848	-12.8174	0.7324	3.9673	-2.0435	0.7086	13.8867	47.0700	460	451	-224	100851	0.39 
6.891	2015-01-01 00:07:36.960	-0.0117	-0.1382	0.9121	-5.5542	-10.6812	-13.1836	-2.5598	0.4559	14.4690	47.4000	464	454	-225	100851	0.39 
6.923	2015-01-01 00:07:37.000	0.0137	-0.0122	0.9072	-3.6621	-16.4795	-14.1602	-2.7576	-0.1263	14.6118	47.4000	469	452	-224	100852	0.39 
6.954	2015-01-01 00:07:37.040	0.1040	0.0669	0.9375	-2.2583	-15.1978	6.8970	-2.7136	-0.8734	15.2655	47.1100	470	456	-223	100851	0.39 
7.000	2015-01-01 00:07:37.080	-0.0010	-0.0723	1.2007	-8.1177	-11.3525	6.1035	-2.8510	-1.3678	16.4465	47.4500	473	455	-224	100851	0.39 
7.047	2015-01-01 00:07:37.120	0.0103	-0.2217	1.2920	-15.5640	-13.7329	-11.7798	-3.4003	-1.7468	17.0068	47.0700	472	455	-221	100851	0.39 
7.125	2015-01-01 00:07:37.160	-0.0547	0.0327	1.4927	-19.5313	-16.9067	-4.4556	-4.0540	-2.4445	17.4628	47.2100	472	456	-219	100851	0.39 
7.125	2015-01-01 00:07:37.200	-0.5278	-0.1260	1.0278	-25.3296	8.9722	-31.2500	-5.1086	-2.1094	17.2046	47.2100	473	455	-218	100852	0.39 
7.172	2015-01-01 00:07:37.240	-0.2549	0.2407	0.7964	-10.0708	14.2822	-4.1504	-5.4767	-0.9668	16.9354	47.3500	474	455	-216	100851	0.39 
7.219	2015-01-01 00:07:37.280	-0.2764	0.1157	1.2139	-9.2163	18.6768	-2.6855	-5.6140	0.1648	17.2870	47.3500	477	454	-215	100851	0.39 
7.250	2015-01-01 00:07:37.320	-0.2314	-0.0503	1.0947	14.4043	1.8921	3.4180	-5.3668	0.8405	17.9187	47.2600	479	454	-214	100852	0.39 
7.329	2015-01-01 00:07:37.360	-0.0996	-0.0845	0.9048	19.4092	-6.8359	-6.7139	-4.6527	0.8679	18.5010	47.4000	484	457	-215	100852	0.39 
7.360	2015-01-01 00:07:37.400	-0.0469	-0.0532	0.8579	22.6440	-7.8735	-19.2261	-3.8562	0.6866	18.6328	47.3500	489	457	-214	100852	0.39 
7.375	2015-01-01 00:07:37.440	0.0449	0.1519	0.9014	23.2544	-13.9771	-19.4092	-2.7356	0.2307	18.5065	46.9200	491	457	-214	100852	0.39 
7.422	2015-01-01 00:07:37.480	0.0703	0.1694	0.8779	6.2866	-18.0664	-21.4233	-1.7633	-0.5054	18.4076	47.2100	487	453	-218	100852	0.39 
7.454	2015-01-01 00:07:37.520	-0.0176	0.0234	0.8647	-3.6621	-14.5264	-17.2119	-1.6205	-1.1261	18.3087	47.2100	487	449	-221	100852	0.39 
7.501	2015-01-01 00:07:37.560	0.0405	0.0229	0.8228	-9.0332	-22.8271	-26.4282	-1.8402	-1.9061	18.1494	47.1100	483	448	-224	100852	0.39 
7.532	2015-01-01 00:07:37.600	0.0654	-0.0757	0.9214	-11.2915	2.0142	-56.8237	-2.1643	-2.5983	17.2101	47.2600	480	448	-221	100852	0.39 
7.579	2015-01-01 00:07:37.640	-0.1133	0.2207	1.5620	-3.7231	-10.8643	-51.5747	-2.3236	-2.3566	15.6116	46.8700	478	449	-220	100852	0.39 
7.610	2015-01-01 00:07:37.680	0.3794	0.1797	1.2349	5.4321	-39.7949	-29.9683	-1.8237	-3.7463	14.8700	47.1100	477	450	-220	100852	0.39 
7.657	2015-01-01 00:07:37.720	-0.1074	0.0176	1.5264	13.4888	9.9487	-24.1699	-1.3623	-4.4165	14.4635	47.2100	469	451	-219	100852	0.39 
7.704	2015-01-01 00:07:37.760	-0.4692	-0.0088	0.9854	23.0103	-7.9956	-35.8276	-0.5603	-4.0594	14.1010	47.2100	467	455	-222	100851	0.39 
7.766	2015-01-01 00:07:37.800	-0.2568	-0.1729	0.7578	22.5830	10.4980	-46.3867	0.2142	-3.5101	12.7441	47.3500	465	459	-223	100852	0.39 
7.782	2015-01-01 00:07:37.840	-0.2754	0.0229	1.0708	0.3662	10.1318	-48.0347	0.4889	-2.5104	11.7004	47.2600	464	455	-226	100851	0.39 
7.829	2015-01-01 00:07:37.880	-0.1182	0.2769	0.8618	-15.1978	10.3760	-39.1235	0.3735	-1.8842	10.5194	47.2100	460	451	-227	100851	0.39 
7.876	2015-01-01 00:07:37.920	-0.1704	0.2988	1.0068	-24.3530	7.5684	-5.0659	-0.1538	-1.0876	10.3656	47.2600	459	451	-225	100851	0.39 
7.938	2015-01-01 00:07:37.960	-0.1016	0.0439	0.8960	-20.6299	-9.9487	22.2168	-0.8624	-0.9338	11.5851	47.1100	459	451	-225	100851	0.39 
7.954	2015-01-01 00:07:38.000	-0.0410	-0.1978	0.8608	-19.0430	-5.5542	18.6157	-1.8732	-1.1700	13.2990	47.0700	461	451	-223	100851	0.39 
7.985	2015-01-01 00:07:38.040	0.0415	-0.1997	0.8931	-10.8032	-16.1133	-1.7700	-2.7521	-1.6589	14.4635	47.4000	462	450	-223	100851	0.39 
8.032	2015-01-01 00:07:38.080	0.1079	-0.0698	0.8657	-5.5542	-15.3198	-13.4888	-3.1311	-2.4829	14.9249	47.2100	464	448	-223	100851	0.39 
8.063	2015-01-01 00:07:38.120	0.0903	0.0288	0.9541	-0.4883	-14.0381	0.9766	-3.1421	-3.1366	15.4083	47.2100	466	451	-221	100851	0.40 
8.142	2015-01-01 00:07:38.160	0.0552	-0.0049	1.0801	-7.4463	-16.3574	16.2964	-3.1696	-3.7408	16.7047	47.0700	464	452	-222	100851	0.40 
8.142	2015-01-01 00:07:38.200	0.0059	-0.2437	1.3203	-16.1743	-8.3618	-10.8032	-3.7903	-4.0869	17.4957	46.9200	465	451	-222	100850	0.40 
8.188	2015-01-01 00:07:38.240	0.2539	-0.0098	1.2061	-15.4419	-8.9722	-0.4272	-4.5703	-4.7791	17.9187	47.2100	467	450	-219	100850	0.40 
8.219	2015-01-01 00:07:38.280	-0.3438	-0.1631	1.3677	-28.1982	3.2959	-15.5640	-5.2954	-4.3726	18.4735	47.2100	472	449	-218	100850	0.40 
8.282	2015-01-01 00:07:38.320	-0.3623	0.0244	0.7944	-14.8315	18.3105	-28.5645	-6.2952	-3.4497	17.7759	47.0200	474	448	-217	100850	0.40 
8.345	2015-01-01 00:07:38.360	-0.1914	0.1821	1.1001	-10.2539	20.4468	-19.8364	-6.4160	-2.2467	17.3309	47.0700	472	450	-213	100850	0.40 
8.376	2015-01-01 00:07:38.400	-0.2778	0.0571	1.1875	10.6812	4.1504	-16.4795	-6.1688	-1.4117	17.0453	47.1100	476	452	-212	100850	0.40 
8.407	2015-01-01 00:07:38.440	-0.0981	-0.0586	0.9434	22.0947	-1.7700	-19.4092	-5.3833	-1.2744	17.0837	47.2600	479	452	-212	100851	0.40 
8.439	2015-01-01 00:07:38.480	-0.0059	-0.1255	0.8486	21.2402	4.3335	-32.7759	-4.5319	-1.2195	16.7212	47.1100	477	451	-212	100851	0.40 
8.470	2015-01-01 00:07:38.520	-0.0527	-0.0508	0.8442	22.6440	10.1929	-48.5840	-3.7024	-1.0217	15.8148	47.0700	476	450	-212	100851	0.40 
8.548	2015-01-01 00:07:38.560	0.0000	0.1973	0.9087	15.9302	-3.0518	-46.2036	-2.6917	-0.8240	14.5349	46.8700	474	447	-214	100850	0.40 
8.548	2015-01-01 00:07:38.600	0.0347	0.1792	0.8574	6.8970	-8.3618	-30.2124	-1.8732	-1.0876	13.7769	47.2100	471	444	-218	100851	0.40 
8.594	2015-01-01 00:07:38.640	0.0596	0.0449	0.8647	-1.8921	-17.0288	-25.5737	-1.5820	-1.6260	13.5297	47.0700	474	443	-217	100851	0.39 
8.626	2015-01-01 00:07:38.680	0.1719	0.0889	0.9697	-9.4604	-18.3105	-28.8086	-1.6095	-2.4500	13.2880	47.0700	476	442	-216	100851	0.40 
8.673	2015-01-01 00:07:38.720	0.1206	0.1187	1.2080	-9.6436	-3.1738	-37.4146	-1.8073	-3.0267	12.6727	47.2600	471	440	-217	100851	0.40 
8.719	2015-01-01 00:07:38.760	0.0879	0.1978	1.4063	8.7280	-3.8452	-8.5449	-1.5271	-2.9938	12.5958	47.2100	467	445	-222	100851	0.39 
8.782	2015-01-01 00:07:38.800	0.1055	-0.1299	1.2388	5.7983	-2.8076	-27.7100	-1.1700	-3.6859	12.7936	47.0700	466	447	-223	100851	0.39 
8.813	2015-01-01 00:07:38.840	-0.4941	0.1011	1.1890	23.4375	2.2583	-12.0239	-0.4175	-2.8345	12.7057	47.0700	464	441	-223	100851	0.39 
8.844	2015-01-01 00:07:38.880	-0.3013	-0.0889	0.7061	21.5454	1.6479	-41.4429	0.3900	-2.2522	12.1344	47.2600	459	439	-223	100851	0.39 
8.891	2015-01-01 00:07:38.920	-0.3091	-0.0386	1.0815	10.9863	8.7891	-34.6680	0.8844	-1.4557	11.3159	47.1100	458	438	-223	100851	0.40 
8.954	2015-01-01 00:07:38.960	-0.2070	0.1890	0.9253	-10.7422	4.5776	-34.9731	0.8295	-0.9174	10.5798	47.0700	461	436	-224	100851	0.40 
8.969	2015-01-01 00:07:39.000	-0.1743	0.3008	0.9434	-27.7710	0.1831	-14.2822	0.2911	-0.3461	10.2777	47.0700	463	437	-224	100851	0.40 
9.001	2015-01-01 00:07:39.040	-0.0942	0.0747	0.9019	-19.6533	-0.4272	7.5684	-0.4669	-0.0934	10.9698	46.9200	459	437	-222	100851	0.40 
9.063	2015-01-01 00:07:39.080	-0.0698	-0.0742	0.8345	-20.8740	2.5635	21.0571	-1.2909	-0.0110	12.4310	46.9200	459	438	-221	100850	0.40 
9.094	2015-01-01 00:07:39.120	-0.0508	-0.1743	0.9355	-14.7095	-7.2021	10.6812	-2.1973	0.0275	13.9197	47.1100	462	439	-217	100850	0.40 
9.157	2015-01-01 00:07:39.160	0.0356	-0.1123	0.8257	-5.9204	-16.2964	-4.5166	-2.7521	-0.5768	14.8260	46.9200	464	440	-215	100850	0.40 
9.219	2015-01-01 00:07:39.200	0.0742	0.0034	0.8892	-0.1221	-12.2681	-1.0986	-2.8400	-1.1591	15.4413	47.0700	466	438	-214	100851	0.40 
9.219	2015-01-01 00:07:39.240	0.1216	0.0122	0.9570	-0.1221	-5.5542	21.5454	-2.7191	-1.7249	16.7596	47.0200	472	436	-213	100850	0.40 
9.251	2015-01-01 00:07:39.280	-0.0337	-0.1401	1.2188	-8.5449	-1.0376	-0.9766	-2.9114	-1.7194	17.9681	46.9200	474	434	-212	100851	0.40 
9.329	2015-01-01 00:07:39.320	0.1377	-0.1611	1.3164	-21.7896	-14.5264	-17.9443	-3.6914	-2.0819	18.1714	47.1100	474	436	-214	100850	0.40 
9.360	2015-01-01 00:07:39.360	-0.0508	-0.0010	1.5107	-25.1465	-3.4790	-1.7090	-4.3835	-2.6147	18.7866	47.0700	472	436	-214	100851	0.40 
9.376	2015-01-01 00:07:39.400	-0.5645	-0.1563	0.9854	-28.3813	15.9912	-33.9966	-5.6964	-1.8402	18.3801	46.9200	470	436	-213	100851	0.40 
9.408	2015-01-01 00:07:39.440	-0.1836	0.2334	0.8140	-16.4185	20.3857	-16.5405	-6.2402	-0.6317	17.7869	47.0700	473	437	-211	100851	0.39 
9.470	2015-01-01 00:07:39.480	-0.3047	0.0806	1.1851	-6.0425	19.2871	-20.4468	-6.4325	0.6042	17.4902	47.2600	477	439	-210	100851	0.40 
9.501	2015-01-01 00:07:39.520	-0.2036	-0.0781	1.0488	19.1040	6.3477	-16.4185	-6.0645	1.2030	17.3419	46.9200	481	439	-207	100851	0.39 
9.532	2015-01-01 00:07:39.560	-0.0708	-0.0430	0.8960	19.6533	-1.6479	-20.0195	-5.2185	1.3348	17.3254	47.1100	481	439	-205	100851	0.40 
9.564	2015-01-01 00:07:39.600	-0.0176	-0.0854	0.8315	23.3765	2.3804	-33.3252	-4.4110	1.3293	16.9849	47.1100	480	435	-207	100851	0.40 
9.626	2015-01-01 00:07:39.640	-0.0352	0.0889	0.8511	22.8271	3.2959	-38.5132	-3.4058	1.3953	16.2213	47.0700	479	431	-207	100851	0.40 
9.657	2015-01-01 00:07:39.680	0.0005	0.2163	0.9043	14.4043	0.0610	-30.2124	-2.3676	1.4667	15.5402	46.9200	477	431	-209	100851	0.40 
9.704	2015-01-01 00:07:39.720	-0.0273	0.1167	0.9150	5.6763	-5.6152	-20.3247	-1.7194	1.3678	15.3369	46.9200	477	432	-211	100851	0.40 
9.767	2015-01-01 00:07:39.760	-0.0083	0.0400	0.9604	-3.9063	-18.8599	-18.6157	-1.5820	0.8789	15.3204	47.0700	474	433	-211	100851	0.40 
9.798	2015-01-01 00:07:39.800	0.1099	-0.0640	0.9980	-15.8081	-15.0146	-41.9922	-1.9940	-0.0275	15.0128	47.3500	476	432	-213	100850	0.40 
9.829	2015-01-01 00:07:39.840	-0.0474	0.2002	1.3218	1.9531	-4.4556	-45.8374	-2.1643	-0.2856	13.7494	47.1100	474	431	-215	100851	0.40 
9.860	2015-01-01 00:07:39.880	0.1265	0.1294	1.3184	11.4746	-34.5459	-18.4326	-1.4832	-1.3458	13.5022	47.0700	469	429	-216	100851	0.40 
9.908	2015-01-01 00:07:39.920	-0.4956	0.1299	1.6104	33.2031	5.6152	20.2637	-0.5109	-0.9833	14.1888	47.0200	467	430	-216	100851	0.40 
9.954	2015-01-01 00:07:39.960	-0.3413	-0.1035	0.6558	22.8882	-19.7144	-4.8218	0.6262	-1.0437	15.3754	47.0700	470	429	-215	100851	0.39 
9.986	2015-01-01 00:07:40.000	-0.1714	-0.2051	0.8755	13.5498	24.1699	-36.2549	0.8075	-0.4449	15.0568	47.0700	470	426	-216	100851	0.40 
10.017	2015-01-01 00:07:40.040	-0.2891	0.1572	0.9961	-14.4043	-6.7139	-44.0674	0.6372	0.1154	14.1229	47.1100	471	423	-217	100851	0.40 
10.079	2015-01-01 00:07:40.080	-0.2603	0.3462	0.9209	-28.6865	5.0659	-25.2686	-0.0055	0.6262	13.2825	47.0700	467	423	-215	100850	0.40 
10.110	2015-01-01 00:07:40.120	-0.1870	0.1309	0.9756	-22.0947	-5.5542	10.3149	-0.8020	0.9174	13.7439	47.0700	464	426	-216	100851	0.40 
10.157	2015-01-01 00:07:40.160	-0.0669	-0.1250	0.8091	-20.5078	-8.3618	20.0806	-1.6370	0.6812	15.2820	46.8700	468	428	-214	100851	0.40 
10.188	2015-01-01 00:07:40.200	-0.0459	-0.2422	0.8350	-15.9302	0.2441	2.8687	-2.7026	0.6042	16.6003	46.9200	473	429	-211	100851	0.40 
10.220	2015-01-01 00:07:40.240	-0.0181	-0.1631	0.9155	-9.5825	-11.4746	-20.6909	-3.4497	0.3351	16.9904	46.9200	474	429	-209	100850	0.40 
10.282	2015-01-01 00:07:40.280	0.0879	-0.0430	0.8145	0.9155	-16.6016	-25.0854	-3.6310	-0.4779	16.7542	47.1100	475	430	-209	100851	0.40 
10.313	2015-01-01 00:07:40.320	0.1157	0.0889	0.9727	3.6621	-7.7515	5.6763	-3.2684	-1.0437	17.1991	46.9200	476	431	-208	100851	0.40 
10.392	2015-01-01 00:07:40.360	0.0283	-0.0552	1.2026	-8.1787	-3.6621	7.1411	-3.2629	-1.1865	18.3636	47.1100	478	427	-211	100851	0.40 
10.392	2015-01-01 00:07:40.400	0.0913	-0.2363	1.3403	-19.9585	-8.3618	-10.2539	-3.9386	-1.4063	18.9899	47.0700	479	427	-206	100851	0.40 
10.438	2015-01-01 00:07:40.440	-0.0527	0.0293	1.5547	-28.0762	-12.0850	2.5024	-4.7186	-1.9940	19.7479	47.1100	480	428	-206	100851	0.39 
10.470	2015-01-01 00:07:40.480	-0.5703	-0.1558	0.9990	-29.5410	19.8975	-38.1470	-6.1304	-1.4008	19.3579	46.9200	480	430	-203	100851	0.40 
10.516	2015-01-01 00:07:40.520	-0.2388	0.2427	0.8550	-15.4419	15.2588	-6.4697	-6.6522	-0.0385	18.8525	47.0200	481	432	-200	100851	0.40 
10.595	2015-01-01 00:07:40.560	-0.2358	0.0605	1.0659	-9.8267	16.5405	-9.5215	-6.9159	0.8899	19.0887	46.9200	485	429	-198	100851	0.40 
10.595	2015-01-01 00:07:40.600	-0.3135	-0.1470	1.0464	16.1743	16.6016	-10.0708	-6.6852	1.8073	19.2535	47.1100	488	426	-195	100850	0.40 
10.642	2015-01-01 00:07:40.640	-0.1367	-0.0625	0.9570	19.3481	-5.1270	-22.5220	-5.9491	2.1808	19.1876	46.8700	490	429	-196	100850	0.40 
10.673	2015-01-01 00:07:40.680	-0.0376	-0.0737	0.8003	23.1323	-4.0894	-40.1001	-5.1691	1.9391	18.6328	46.8700	495	427	-195	100851	0.40 
10.736	2015-01-01 00:07:40.720	-0.0522	0.1182	0.8481	24.5361	-1.8921	-45.4712	-4.0759	1.7523	17.5891	47.0700	498	426	-195	100851	0.40 
10.782	2015-01-01 00:07:40.760	0.0068	0.1738	0.8867	13.4277	-9.5825	-34.5459	-3.0212	1.5161	16.7432	46.8700	493	427	-198	100851	0.40 
10.829	2015-01-01 00:07:40.800	-0.0161	0.1177	0.9346	1.8311	-14.0381	-25.2686	-2.4829	1.0657	16.3422	46.9200	490	426	-204	100851	0.39 
10.845	2015-01-01 00:07:40.840	0.0938	0.0620	0.8301	-10.1318	-16.1133	-26.3672	-2.5269	0.2966	16.1334	47.0200	489	426	-208	100851	0.39 
10.876	2015-01-01 00:07:40.880	0.0249	0.0298	1.1382	-11.3525	6.0425	-41.9312	-2.8564	0.0385	15.6006	46.9200	488	426	-205	100851	0.40 
10.923	2015-01-01 00:07:40.920	-0.0435	0.1890	1.4316	3.7842	-8.7280	-35.1563	-2.8619	0.1099	14.6393	47.0200	486	425	-205	100851	0.39 
10.954	2015-01-01 00:07:40.960	0.1577	0.0181	1.3711	8.2397	-24.1089	-21.4844	-2.2852	-0.8734	14.5734	47.1100	482	426	-205	100852	0.39 
11.007	2015-01-01 00:07:41.000	-0.4619	0.0815	1.2832	26.9165	5.0049	-7.0190	-1.5491	-0.7361	14.6338	46.9200	480	429	-207	100852	0.39 
11.052	2015-01-01 00:07:41.040	-0.3853	-0.0918	0.6328	22.3389	-10.9253	-30.0903	-0.5713	-0.3625	14.5294	47.0700	482	430	-210	100852	0.39 
11.083	2015-01-01 00:07:41.080	-0.2881	-0.1270	0.9478	19.2261	13.1836	-29.9683	-0.1428	0.3131	13.8977	46.8700	482	430	-214	100852	0.39 
11.114	2015-01-01 00:07:41.120	-0.2363	0.1787	1.0195	-5.0659	1.2207	-32.4707	0.0824	0.8185	13.3649	46.8300	484	427	-212	100852	0.39 
11.161	2015-01-01 00:07:41.160	-0.1909	0.2417	0.9355	-21.3623	1.9531	-20.0195	-0.2802	1.2964	12.9749	46.8700	485	426	-214	100852	0.39 
11.224	2015-01-01 00:07:41.200	-0.1123	0.0835	0.9487	-20.6299	-0.3662	2.3193	-0.9943	1.4667	13.4528	46.9200	486	426	-216	100852	0.39 
11.255	2015-01-01 00:07:41.240	-0.0928	-0.0635	0.8179	-18.6157	-5.8594	13.2446	-1.7249	1.4172	14.6448	46.8700	487	425	-211	100852	0.39 
11.317	2015-01-01 00:07:41.280	-0.0723	-0.1812	0.8633	-15.9302	-5.7983	6.2256	-2.6093	1.2744	15.8917	46.9200	485	426	-213	100851	0.39 
11.349	2015-01-01 00:07:41.320	-0.0386	-0.1577	0.9126	-7.2632	-19.1040	-13.5498	-3.2959	0.7690	16.5784	46.7300	485	428	-215	100852	0.39 
11.395	2015-01-01 00:07:41.360	0.1016	-0.0420	0.7734	0.0000	-23.0103	-12.3291	-3.4607	-0.3625	16.7761	46.8700	488	427	-211	100852	0.39 
11.442	2015-01-01 00:07:41.400	0.1221	0.0703	1.0557	-1.3428	-9.1553	15.3809	-3.2410	-1.0492	17.7814	46.8300	489	423	-209	100852	0.39 
11.473	2015-01-01 00:07:41.440	0.0024	-0.1768	1.2246	-13.4888	-11.5356	-0.6714	-3.5760	-1.4886	18.9349	46.8700	490	426	-210	100852	0.39 
11.489	2015-01-01 00:07:41.480	0.1353	-0.1519	1.2681	-22.0337	-15.6250	-14.5264	-4.4220	-2.0709	19.2810	46.8700	493	429	-208	100852	0.39 
11.536	2015-01-01 00:07:41.520	-0.1313	-0.0068	1.5322	-26.4282	2.0752	-3.0518	-5.1196	-2.4445	19.9786	46.8700	490	427	-208	100852	0.39 
11.614	2015-01-01 00:07:41.560	-0.5596	-0.1235	0.8872	-30.7007	10.6201	-44.1284	-6.5753	-1.7798	19.2261	47.0200	489	426	-208	100852	0.39 
11.661	2015-01-01 00:07:41.600	-0.2524	0.2856	1.0210	-14.4653	16.1743	-18.9209	-7.0532	-0.6921	18.3801	46.8300	491	430	-204	100852	0.39 
11.661	2015-01-01 00:07:41.640	-0.3057	0.0562	1.1787	-3.6011	4.5776	-18.4326	-7.2015	-0.0385	18.2263	47.0700	494	430	-201	100851	0.39 
11.692	2015-01-01 00:07:41.680	-0.1929	-0.1680	1.0083	22.3389	-1.0376	-11.9629	-6.7236	0.1703	18.3691	47.0200	495	430	-200	100851	0.39 
11.739	2015-01-01 00:07:41.720	-0.1191	-0.0903	0.9116	26.0010	-8.2397	-26.3062	-5.7678	0.1044	18.3087	46.8300	496	433	-202	100851	0.39 
11.770	2015-01-01 00:07:41.760	-0.0103	-0.0249	0.7861	26.1230	-5.6763	-36.2549	-4.7076	-0.1648	17.7704	47.0700	499	432	-206	100851	0.39 
11.849	2015-01-01 00:07:41.800	0.0225	0.1807	0.8672	22.3999	3.0518	-34.9731	-3.4772	-0.1978	17.0178	46.8300	500	432	-207	100851	0.39 
11.880	2015-01-01 00:07:41.840	0.0605	0.2202	0.8506	8.4839	-7.8125	-21.4844	-2.4500	-0.3516	16.6388	46.9200	496	432	-208	100851	0.39 
11.911	2015-01-01 00:07:41.880	-0.0005	0.0679	0.9385	1.3428	-5.1270	-14.5874	-2.0215	-0.5713	16.6937	46.8300	494	430	-212	100851	0.39 
11.942	2015-01-01 00:07:41.920	0.0508	0.0288	0.9517	-6.9580	-21.1792	-20.5688	-2.0544	-1.1481	16.8365	47.0200	490	428	-212	100851	0.39 
11.989	2015-01-01 00:07:41.960	0.1250	-0.0264	1.0425	-9.7656	-2.4414	-48.7671	-2.3181	-1.8292	16.1884	46.8300	490	431	-212	100851	0.39 
12.036	2015-01-01 00:07:42.000	0.0200	0.2754	1.4243	10.0098	6.5918	-27.5879	-2.0984	-1.5436	15.2271	47.0200	490	431	-209	100851	0.40 
12.068	2015-01-01 00:07:42.040	0.2407	0.0581	1.2725	7.8735	-25.9399	-19.2261	-1.3019	-2.1808	15.3644	46.8700	490	431	-208	100851	0.39 
12.099	2015-01-01 00:07:42.080	-0.4189	0.0562	1.4175	24.7803	16.4185	-0.1831	-0.6702	-1.7633	15.5951	46.8700	491	429	-213	100851	0.39 
12.145	2015-01-01 00:07:42.120	-0.4761	0.0151	0.8457	19.7144	-8.7280	-30.5786	0.2582	-1.0492	15.6555	46.8300	490	428	-220	100851	0.40 
12.192	2015-01-01 00:07:42.160	-0.2412	-0.0981	0.8413	11.4746	3.6621	-30.3345	0.6152	-0.6647	14.9304	46.8700	490	429	-224	100851	0.39 
12.239	2015-01-01 00:07:42.200	-0.2827	0.1035	0.9873	-7.5073	-2.9907	-36.4990	0.5878	-0.1593	14.3042	46.6800	489	426	-224	100851	0.40 
12.271	2015-01-01 00:07:42.240	-0.1880	0.2075	0.9106	-21.0571	5.7983	-26.7334	0.1099	0.2637	13.6945	46.8700	488	428	-222	100851	0.39 
12.302	2015-01-01 00:07:42.280	-0.1343	0.1611	0.9805	-20.8740	-0.8545	-8.2397	-0.5823	0.6482	13.7164	46.8700	488	429	-222	100851	0.39 
12.349	2015-01-01 00:07:42.320	-0.0752	-0.0376	0.8438	-18.9819	-5.1270	6.9580	-1.3239	0.5713	14.5459	46.9200	488	430	-221	100851	0.39 
12.380	2015-01-01 00:07:42.360	-0.0459	-0.1572	0.8740	-13.9160	3.6621	2.6245	-2.1423	0.6482	15.5896	46.7300	489	430	-220	100851	0.39 
12.474	2015-01-01 00:07:42.400	0.0088	-0.1318	0.9019	-8.1177	-3.7842	-7.7515	-2.7356	0.5603	16.3037	46.9200	493	431	-217	100851	0.40 
12.474	2015-01-01 00:07:42.440	0.0254	-0.0215	0.8735	-3.9673	-7.4463	-10.9253	-2.9718	0.2527	16.6772	46.7300	496	431	-219	100851	0.39 
12.520	2015-01-01 00:07:42.480	0.0679	0.0522	0.8643	1.5869	-4.5776	6.4697	-2.8729	-0.0934	17.3804	46.7300	500	429	-221	100851	0.39 
12.567	2015-01-01 00:07:42.520	0.0532	-0.0059	1.0913	-6.8359	-11.5356	17.5781	-2.7850	-0.3186	18.7592	46.9200	501	427	-219	100851	0.39 
12.598	2015-01-01 00:07:42.560	0.0508	-0.1855	1.2900	-15.2588	-7.5684	-8.3008	-3.3453	-0.7361	19.6820	46.6800	501	428	-220	100851	0.40 
12.676	2015-01-01 00:07:42.600	0.0889	-0.0225	1.4438	-17.7002	-8.4229	-3.9063	-4.0759	-1.3019	20.0995	46.8700	507	424	-216	100851	0.39 
12.676	2015-01-01 00:07:42.640	-0.5127	-0.2012	1.2075	-25.6348	12.2681	-37.1704	-5.0043	-0.9778	20.1489	46.6800	510	422	-215	100851	0.40 
12.723	2015-01-01 00:07:42.680	-0.4185	0.1582	0.8242	-4.8828	25.4517	-28.6865	-5.6909	0.5328	18.7537	46.8700	508	425	-215	100851	0.40 
12.771	2015-01-01 00:07:42.720	-0.2793	0.2310	1.1323	-7.0801	15.5640	-12.4512	-5.5151	1.7358	18.6823	46.7300	507	429	-217	100851	0.40 
12.802	2015-01-01 00:07:42.760	-0.2246	-0.0430	1.0894	14.0991	0.2441	-15.0146	-5.2515	2.1698	18.6768	46.8700	507	430	-218	100851	0.39 
12.880	2015-01-01 00:07:42.800	-0.1494	-0.0659	0.9077	19.5923	-7.3242	-15.2588	-4.5703	2.1698	18.7701	46.7300	510	431	-217	100851	0.39 
12.880	2015-01-01 00:07:42.840	-0.0449	-0.0156	0.8262	17.8833	-9.5215	-22.4609	-3.8397	1.9391	18.7537	46.8700	510	431	-215	100851	0.40 
12.926	2015-01-01 00:07:42.880	-0.0073	0.0371	0.8149	15.6860	-6.9580	-38.3301	-3.1146	1.5601	18.2153	47.0700	507	430	-216	100850	0.40 
12.958	2015-01-01 00:07:42.920	0.0273	0.1738	0.8301	9.0332	-11.7798	-29.4189	-2.3950	1.1316	17.5507	46.8300	505	430	-219	100851	0.40 
13.005	2015-01-01 00:07:42.960	0.0186	0.1157	0.9585	2.9907	-10.8032	-20.8130	-1.8842	0.7251	17.3419	47.0200	504	433	-220	100850	0.40 
13.099	2015-01-01 00:07:43.000	0.0356	0.0298	0.8560	-4.2114	-19.0430	-20.5078	-1.8127	-0.0055	17.3309	46.6800	502	434	-220	100850	0.40 
13.099	2015-01-01 00:07:43.040	0.1533	0.0332	1.0508	-8.1787	-13.4277	-37.1704	-1.9171	-0.7800	17.0068	46.8700	497	433	-222	100851	0.40 
13.130	2015-01-01 00:07:43.080	0.0215	0.1948	1.3125	-1.6479	4.2114	-32.9590	-1.9830	-1.0492	16.1279	47.0200	498	434	-225	100851	0.40 
13.161	2015-01-01 00:07:43.120	0.1509	0.2104	1.4092	8.1177	-25.0244	-5.7983	-1.3953	-1.3733	16.3312	46.9200	497	434	-226	100851	0.39 
13.208	2015-01-01 00:07:43.160	-0.3789	0.1060	1.5503	16.1743	17.0288	-6.2866	-0.9833	-1.4667	16.6388	46.7300	494	435	-226	100851	0.40 
13.286	2015-01-01 00:07:43.200	-0.4697	0.0527	0.8828	19.7754	-13.8550	4.9438	-0.1593	-0.9778	17.4353	46.7300	495	434	-223	100851	0.39 
13.301	2015-01-01 00:07:43.240	-0.2188	-0.2427	0.7798	11.7798	12.2681	-23.6816	0.0494	-0.4999	17.4902	46.7300	495	432	-226	100851	0.39 
13.333	2015-01-01 00:07:43.280	-0.3022	-0.0674	1.0435	-2.6245	7.7515	-44.7998	-0.0824	0.3021	16.8091	46.9200	495	429	-229	100851	0.40 
13.380	2015-01-01 00:07:43.320	-0.1924	0.1641	0.9966	-21.9727	-3.7231	-45.1660	-0.6427	0.6482	15.5786	46.6800	494	430	-228	100851	0.39 
13.411	2015-01-01 00:07:43.360	-0.1201	0.1509	0.8530	-23.9868	-10.6201	-32.5928	-1.4612	0.5109	14.6722	47.1100	492	431	-229	100851	0.39 
13.489	2015-01-01 00:07:43.400	-0.0625	0.0264	0.7842	-14.2822	-9.5825	-13.8550	-2.0435	0.2911	14.5679	46.6800	492	435	-230	100851	0.40 
13.489	2015-01-01 00:07:43.440	-0.0410	-0.1245	0.7959	-12.8174	-5.9204	-10.9863	-2.6971	0.0330	14.9414	46.8700	492	439	-230	100851	0.40 
13.536	2015-01-01 00:07:43.480	-0.0142	-0.1514	0.9673	-4.6997	-14.9536	-22.5220	-3.1860	-0.4065	15.1721	46.7300	488	438	-229	100851	0.40 
13.567	2015-01-01 00:07:43.520	0.1323	-0.0806	0.8511	-3.9673	-29.4189	-30.7007	-3.3948	-1.5381	14.8645	46.8700	487	437	-227	100851	0.40 
13.614	2015-01-01 00:07:43.560	0.1968	0.0586	0.9834	-4.3945	-14.2212	-12.6343	-3.3948	-2.6367	14.9084	46.7300	487	437	-225	100850	0.40 
13.692	2015-01-01 00:07:43.600	-0.0024	-0.0532	1.2534	-8.6670	-8.1177	-0.0610	-3.5211	-3.0103	15.6390	46.9200	481	437	-227	100851	0.40 
13.708	2015-01-01 00:07:43.640	0.1421	-0.2363	1.3413	-22.2778	-19.3481	-17.1509	-4.2737	-3.5266	15.9851	46.8700	479	439	-230	100851	0.40 
13.739	2015-01-01 00:07:43.680	-0.1704	0.0430	1.5840	-24.7192	-4.9438	4.5776	-4.8724	-4.0649	16.7981	46.9200	478	441	-231	100850	0.40 
13.786	2015-01-01 00:07:43.720	-0.5181	-0.1040	0.9043	-24.4141	10.6201	-32.4097	-6.2457	-3.4827	16.4355	46.8700	476	441	-231	100850	0.40 
13.817	2015-01-01 00:07:43.760	-0.1470	0.1909	0.8936	-12.3901	13.0005	-13.3667	-6.5149	-2.5763	16.1279	46.6800	475	440	-226	100850	0.40 
13.864	2015-01-01 00:07:43.800	-0.2261	-0.0415	1.0850	0.4272	17.6392	-16.4795	-6.6138	-1.6150	16.0181	46.6800	475	443	-224	100850	0.40 
13.911	2015-01-01 00:07:43.840	-0.2490	-0.0957	1.1123	17.3950	1.0376	-13.9771	-6.1908	-0.9064	15.9961	47.0700	476	445	-225	100850	0.40 
13.942	2015-01-01 00:07:43.880	0.0073	-0.0620	0.8433	17.6392	-4.0283	-25.7568	-5.4437	-1.0437	15.9741	46.8700	476	445	-224	100850	0.40 
13.989	2015-01-01 00:07:43.920	0.0137	-0.0483	0.8071	21.4233	4.8218	-38.5132	-4.6143	-1.0931	15.4193	46.8300	476	445	-223	100850	0.40 
14.036	2015-01-01 00:07:43.960	0.0259	0.1064	0.8779	19.4702	0.9155	-36.1938	-3.5870	-0.9833	14.5953	46.8700	479	440	-226	100850	0.40 
14.099	2015-01-01 00:07:44.000	0.0327	0.1812	0.8306	9.8267	-7.0801	-23.2544	-2.6367	-1.1151	14.2163	46.6800	473	437	-228	100850	0.40 
14.130	2015-01-01 00:07:44.040	0.0200	0.0308	0.8115	-2.1362	-5.2490	-20.7520	-2.2906	-1.3953	14.1724	46.7300	472	434	-229	100849	0.40 
14.161	2015-01-01 00:07:44.080	0.0522	0.1240	1.0396	-7.4463	-7.2021	-21.1182	-2.3291	-1.5656	14.1229	46.5400	470	436	-230	100849	0.40 
14.192	2015-01-01 00:07:44.120	0.0498	0.0205	1.2568	-8.6060	-11.0474	-30.8228	-2.5214	-2.0380	13.8373	46.8300	471	436	-228	100849	0.40 
14.224	2015-01-01 00:07:44.160	0.2021	0.1157	1.4233	10.8032	-11.2915	-16.2964	-2.2632	-2.4335	13.6890	46.8700	472	437	-227	100850	0.40 
14.318	2015-01-01 00:07:44.200	0.2490	-0.0972	1.0645	4.8218	-17.9443	-24.7192	-1.7633	-3.5541	13.9032	46.6800	470	433	-227	100849	0.40 
14.318	2015-01-01 00:07:44.240	-0.6089	-0.0049	1.3667	28.0762	-0.6104	-27.5269	-1.0986	-2.9169	13.4198	46.9200	469	435	-232	100849	0.40 
14.349	2015-01-01 00:07:44.280	-0.4658	0.0288	0.8193	27.2217	9.8267	-38.5742	0.1868	-2.0325	12.5299	46.6800	466	434	-234	100849	0.40 
14.395	2015-01-01 00:07:44.320	-0.2520	0.0605	1.1167	5.7373	3.7842	-27.4048	0.6921	-1.2085	11.9916	46.8300	465	431	-236	100849	0.40 
14.427	2015-01-01 00:07:44.360	-0.2178	0.0908	0.9297	-19.4092	-12.3901	-30.5176	0.4065	-1.0822	11.5027	46.8300	466	429	-239	100849	0.40 
14.505	2015-01-01 00:07:44.400	-0.1128	0.1938	0.8193	-30.3955	6.5308	-16.9067	-0.4944	-0.8624	11.2610	46.6800	464	431	-239	100849	0.40 
14.520	2015-01-01 00:07:44.440	-0.1440	0.0757	0.9331	-22.2778	1.3428	1.7090	-1.3733	-0.3241	11.7499	46.8700	459	432	-237	100849	0.40 
14.552	2015-01-01 00:07:44.480	-0.0586	-0.0840	0.8701	-18.0054	-2.0752	14.8315	-2.1698	-0.2362	12.9309	46.7300	457	430	-236	100849	0.40 
14.598	2015-01-01 00:07:44.520	0.0054	-0.1875	0.8726	-13.1836	-8.8501	6.2866	-2.9993	-0.4395	14.2712	46.8700	461	433	-234	100849	0.40 
14.646	2015-01-01 00:07:44.560	0.0444	-0.1089	0.8218	-6.8359	-20.2637	-12.2681	-3.5156	-1.1426	14.9579	46.9200	463	436	-227	100849	0.40 
14.692	2015-01-01 00:07:44.600	0.0947	-0.0249	0.8823	-1.7090	-22.3389	-10.1929	-3.6475	-2.1368	15.2490	46.8700	464	438	-225	100848	0.40 
14.739	2015-01-01 00:07:44.640	0.1245	-0.0273	1.0669	-5.8594	-9.0942	2.0142	-3.6749	-2.8949	16.0400	46.7300	465	436	-228	100849	0.40 
14.755	2015-01-01 00:07:44.680	0.0679	-0.1650	1.2759	-14.4653	-4.3945	-12.3291	-4.1089	-3.1091	16.5454	46.7300	465	434	-228	100849	0.40 
14.802	2015-01-01 00:07:44.720	0.1982	-0.0386	1.2939	-16.2354	2.3804	-2.4414	-4.8560	-3.2849	16.9135	46.8700	466	438	-229	100849	0.40 
14.848	2015-01-01 00:07:44.760	-0.3232	-0.0405	1.6172	-28.1982	-0.9766	12.0239	-5.3833	-3.0212	18.2373	46.8700	465	437	-227	100849	0.40 
14.895	2015-01-01 00:07:44.800	-0.4673	-0.0693	0.7842	-18.4326	19.2871	-32.4707	-6.6632	-2.1313	17.7374	46.8300	466	441	-224	100849	0.40 
14.927	2015-01-01 00:07:44.840	-0.2324	0.1587	1.1299	-10.0708	15.0757	-20.8740	-6.9214	-1.1646	17.2101	46.8700	467	442	-223	100849	0.40 
14.958	2015-01-01 00:07:44.880	-0.2939	0.0537	1.1655	3.6621	-0.4272	-16.0522	-6.8335	-0.4889	16.9025	46.8700	466	442	-219	100849	0.40 
15.005	2015-01-01 00:07:44.920	-0.1201	-0.0986	0.9023	22.8271	-5.8594	-13.3057	-6.1798	-0.5328	17.0892	46.7300	461	441	-216	100849	0.40 
15.037	2015-01-01 00:07:44.960	-0.0640	-0.1294	0.8413	22.9492	-2.2583	-27.8320	-5.2679	-0.5438	16.9574	46.8700	459	440	-216	100849	0.40 
15.114	2015-01-01 00:07:45.000	-0.0059	-0.0400	0.7549	22.1558	-0.4883	-44.7998	-4.4000	-0.6537	16.2048	46.9200	465	438	-224	100849	0.40 
15.161	2015-01-01 00:07:45.040	0.0166	0.1465	0.8599	15.0146	-2.9907	-46.6919	-3.4167	-0.7800	15.0348	46.6800	468	434	-228	100849	0.40 
15.161	2015-01-01 00:07:45.080	-0.0181	0.1860	0.9302	5.1270	-14.9536	-32.3486	-2.7026	-1.0986	14.1998	46.7300	469	432	-229	100849	0.40 
15.208	2015-01-01 00:07:45.120	0.0571	0.0693	0.8716	-3.1128	-23.8647	-24.2920	-2.4170	-1.9501	13.9417	46.8300	464	435	-229	100849	0.40 
15.239	2015-01-01 00:07:45.160	0.1299	0.0356	1.0020	-8.7891	-21.4844	-30.0293	-2.4829	-2.9553	13.7000	46.9200	457	436	-228	100849	0.40 
15.317	2015-01-01 00:07:45.200	0.0796	0.0493	1.2158	-5.6763	-16.1133	-36.9263	-2.6202	-3.7793	13.0737	46.9200	452	434	-227	100849	0.40 
15.349	2015-01-01 00:07:45.240	0.1460	0.1665	1.3291	10.6201	-23.8647	-20.3247	-2.2028	-4.4330	12.7716	46.7300	451	435	-226	100849	0.40 
15.380	2015-01-01 00:07:45.280	0.2417	-0.1797	1.0220	7.8735	-15.6250	-40.5273	-1.6589	-5.8887	12.5464	46.6800	446	432	-227	100849	0.40 
15.412	2015-01-01 00:07:45.320	-0.6807	0.0879	1.3232	32.4097	0.1221	-31.9214	-0.6757	-4.9274	11.6345	46.8700	443	429	-227	100849	0.40 
15.458	2015-01-01 00:07:45.360	-0.3296	-0.0063	0.9087	26.1841	-6.8359	-30.8838	0.6702	-4.4275	10.8655	46.5400	439	429	-232	100849	0.40 
15.489	2015-01-01 00:07:45.400	-0.3052	0.0483	1.2622	8.7891	-0.0610	-29.4189	1.2689	-3.9331	10.5084	46.7300	440	431	-233	100849	0.40 
15.552	2015-01-01 00:07:45.440	-0.1172	0.2104	0.8086	-20.8130	-9.2163	-28.6255	1.0822	-3.9386	9.8877	46.7300	440	431	-233	100849	0.40 
15.584	2015-01-01 00:07:45.480	-0.1431	0.2856	0.8823	-36.9873	-9.5215	0.2441	0.1703	-3.8123	10.0909	46.5900	435	429	-232	100849	0.40 
15.615	2015-01-01 00:07:45.520	-0.0757	0.0303	0.8545	-21.9727	-13.5498	22.6440	-0.9009	-4.0155	11.3104	46.8700	432	433	-234	100849	0.40 
15.677	2015-01-01 00:07:45.560	-0.0542	-0.1528	0.9463	-15.0757	-11.2305	40.2832	-1.7963	-4.2517	13.5022	46.9200	432	433	-233	100849	0.40 
15.692	2015-01-01 00:07:45.600	0.0552	-0.2900	0.9443	-9.0332	-29.4189	20.4468	-2.6917	-5.0262	15.7050	46.8300	438	433	-230	100849	0.40 
15.755	2015-01-01 00:07:45.640	0.2017	-0.1270	0.7544	-3.4180	-29.8462	-4.0894	-3.1696	-6.5094	16.7322	46.8300	440	433	-228	100849	0.40 
15.787	2015-01-01 00:07:45.680	0.1274	0.0737	0.9536	5.0659	-3.1128	11.1084	-3.0103	-7.1246	17.6056	47.0700	439	435	-225	100849	0.40 
15.818	2015-01-01 00:07:45.720	0.0903	0.0156	0.9375	0.7324	-14.7705	20.0806	-2.8070	-7.4542	19.0613	46.6800	438	434	-226	100850	0.40 
15.849	2015-01-01 00:07:45.760	0.0278	-0.1914	1.1245	-8.9111	-4.2114	0.0000	-3.1860	-7.6135	20.0665	46.6800	441	434	-229	100849	0.40 
15.895	2015-01-01 00:07:45.800	0.1934	0.0391	1.1450	-13.2446	-6.7749	12.8174	-3.7463	-7.8278	20.8466	46.7300	442	434	-230	100849	0.40 
15.958	2015-01-01 00:07:45.840	-0.1655	0.0713	1.5933	-37.8418	7.8735	27.8320	-4.5538	-7.5366	22.5934	46.9200	443	434	-226	100850	0.40 
15.974	2015-01-01 00:07:45.880	-0.3013	-0.1445	0.9443	-26.4893	8.4229	-11.9019	-6.2347	-6.7786	23.1097	46.8700	447	435	-223	100850	0.40 
16.021	2015-01-01 00:07:45.920	-0.1172	0.1514	0.9248	-7.5073	14.0991	10.0708	-6.5094	-5.8667	23.3899	46.6800	449	436	-222	100850	0.40 
16.067	2015-01-01 00:07:45.960	-0.3569	-0.0845	1.3979	-10.3760	15.7471	-9.2163	-6.8939	-4.7296	23.9612	46.8300	454	437	-218	100850	0.40 
16.099	2015-01-01 00:07:46.000	-0.2383	-0.1147	0.9971	10.9253	-17.0288	-39.0625	-6.7072	-4.6307	23.3240	46.9200	459	438	-217	100850	0.40 
16.161	2015-01-01 00:07:46.040	-0.0684	-0.0449	0.8730	13.6108	0.9766	-50.1099	-6.1194	-4.9658	22.0496	46.6800	460	437	-216	100850	0.40 
16.192	2015-01-01 00:07:46.080	-0.1553	0.0337	0.9570	22.0947	9.6436	-50.1099	-5.1031	-4.4659	20.5280	47.0200	456	438	-221	100850	0.40 
16.224	2015-01-01 00:07:46.120	-0.1470	0.1001	0.9731	18.7988	5.1270	-52.7344	-3.9551	-4.0594	18.9954	46.8700	453	436	-224	100850	0.40 
16.271	2015-01-01 00:07:46.160	-0.1138	0.1206	0.9746	10.9253	-3.6011	-48.0347	-3.0707	-3.8452	17.5067	46.8300	449	439	-222	100850	0.40 
16.302	2015-01-01 00:07:46.200	-0.1694	0.1270	1.0620	5.7373	-5.1880	-39.2456	-2.4719	-3.7244	16.3861	46.8700	449	437	-223	100850	0.40 
16.364	2015-01-01 00:07:46.240	-0.0791	-0.0024	0.9790	-0.6714	-22.1558	-43.0908	-2.2083	-4.1968	15.4688	47.0700	452	434	-218	100849	0.40 
16.396	2015-01-01 00:07:46.280	-0.0576	0.0210	1.0103	-3.4180	-16.1743	-54.3823	-2.1698	-4.7900	14.2053	46.6800	447	433	-218	100849	0.40 
16.427	2015-01-01 00:07:46.320	-0.0381	0.1021	1.0366	-3.1128	-15.6250	-49.0723	-2.0325	-5.2625	12.8485	46.8300	439	433	-224	100849	0.40 
16.474	2015-01-01 00:07:46.360	-0.0278	0.0601	1.0371	0.5493	-14.8315	-41.5649	-1.8182	-5.7458	11.7664	46.8700	437	435	-226	100850	0.40 
16.505	2015-01-01 00:07:46.400	-0.0156	0.1123	1.0073	3.9673	-7.4463	-21.7896	-1.4832	-6.0150	11.3324	46.6800	433	434	-228	100850	0.40 
16.567	2015-01-01 00:07:46.440	-0.0635	0.0962	1.0347	3.0518	-8.7280	-16.4185	-1.1481	-6.0919	11.3489	46.8300	424	436	-230	100849	0.40 
16.599	2015-01-01 00:07:46.480	-0.0322	0.0557	0.9854	4.1504	-6.7139	-6.8359	-0.8954	-6.1908	11.6125	46.8700	418	436	-233	100849	0.40 
16.646	2015-01-01 00:07:46.520	-0.0127	0.0469	0.9795	1.5869	-5.3101	0.3052	-0.7086	-6.1908	12.2827	46.7300	422	433	-232	100849	0.40 
16.677	2015-01-01 00:07:46.560	0.0117	-0.0088	0.9819	-1.6479	-4.0894	-9.7046	-0.7196	-6.2457	12.8540	46.7300	424	429	-228	100849	0.40 
16.739	2015-01-01 00:07:46.600	0.0020	-0.0254	1.0371	-2.4414	-2.5024	-15.6250	-0.8130	-6.2787	13.0737	46.7300	422	433	-226	100849	0.40 
16.771	2015-01-01 00:07:46.640	0.0322	0.0127	0.9746	-1.4038	-3.3569	-16.7847	-0.8295	-6.3007	13.1781	46.6800	423	432	-226	100849	0.40 
16.802	2015-01-01 00:07:46.680	0.0146	0.0015	1.0127	-1.8921	0.4272	-18.9819	-0.8185	-6.2128	13.1946	46.7300	424	434	-228	100849	0.40 
16.849	2015-01-01 00:07:46.720	0.0073	0.0073	1.0220	-1.2207	5.4932	-19.4092	-0.8130	-5.9546	13.1726	46.8700	423	435	-229	100849	0.40 
16.880	2015-01-01 00:07:46.760	-0.0117	0.0166	1.0376	0.1221	5.0049	-18.3716	-0.7526	-5.5975	13.1396	47.0700	422	435	-228	100850	0.40 
16.942	2015-01-01 00:07:46.800	0.0088	0.0337	1.0313	-0.9766	3.4790	-15.9912	-0.6812	-5.3284	13.1891	46.7300	426	435	-227	100850	0.40 
16.974	2015-01-01 00:07:46.840	0.0098	0.0264	1.0371	-1.4648	2.5635	-14.2822	-0.6592	-5.0757	13.3209	47.0700	429	436	-227	100849	0.40 
17.005	2015-01-01 00:07:46.880	0.0195	-0.0117	1.0156	-1.0376	2.5024	-14.0991	-0.6757	-4.8999	13.5022	46.6800	428	434	-227	100850	0.40 
17.036	2015-01-01 00:07:46.920	0.0293	0.0054	1.0220	-0.8545	2.7466	-13.9160	-0.6921	-4.7131	13.6890	46.8700	429	431	-229	100849	0.40 
17.099	2015-01-01 00:07:46.960	0.0015	0.0132	1.0347	-0.6104	2.0142	-15.0757	-0.6757	-4.5209	13.8483	46.8700	429	430	-229	100849	0.40 
17.146	2015-01-01 00:07:47.000	0.0151	0.0049	1.0215	-2.3193	0.1831	-15.4419	-0.6921	-4.4000	13.9911	46.8700	430	430	-225	100849	0.40 
17.177	2015-01-01 00:07:47.040	0.0176	-0.0054	1.0317	-2.4414	0.1221	-16.4795	-0.7526	-4.3231	14.0845	46.8300	431	430	-227	100849	0.40 
17.208	2015-01-01 00:07:47.080	0.0171	-0.0112	1.0288	-1.8311	-1.4648	-17.8223	-0.8130	-4.2737	14.1339	46.8300	432	434	-225	100849	0.40 
17.255	2015-01-01 00:07:47.120	0.0210	0.0088	1.0249	-1.3428	0.6104	-19.8364	-0.8185	-4.2133	14.1229	46.8300	430	433	-226	100849	0.40 
17.286	2015-01-01 00:07:47.160	0.0093	0.0244	1.0176	-2.6855	0.8545	-20.6299	-0.8350	-4.1144	14.0240	46.9200	433	434	-222	100849	0.40 
17.349	2015-01-01 00:07:47.200	0.0005	0.0288	1.0337	-2.1973	1.4648	-17.5171	-0.8405	-3.9661	13.9856	46.9200	433	434	-224	100850	0.40 
17.381	2015-01-01 00:07:47.240	-0.0083	0.0317	1.0190	-2.3804	-1.3428	-15.5640	-0.8569	-3.8507	14.0625	46.8700	431	431	-226	100849	0.40 
17.412	2015-01-01 00:07:47.280	-0.0117	0.0293	1.0371	-1.5869	0.9155	-15.0757	-0.8569	-3.7244	14.1724	46.6800	432	429	-225	100849	0.40 
17.458	2015-01-01 00:07:47.320	-0.0059	0.0073	1.0322	-1.8311	-3.0518	-16.1133	-0.8789	-3.7024	14.2767	46.7300	432	429	-227	100849	0.40 
17.489	2015-01-01 00:07:47.360	-0.0083	0.0068	1.0024	-1.0376	-1.4038	-16.4185	-0.9009	-3.7134	14.3481	46.8700	432	429	-227	100849	0.40 
17.552	2015-01-01 00:07:47.400	-0.0073	0.0254	1.0171	-1.2207	-0.3052	-16.2964	-0.8844	-3.6310	14.4196	46.6800	431	431	-224	100849	0.40 
17.584	2015-01-01 00:07:47.440	-0.0132	0.0112	1.0444	-1.5259	-1.5259	-16.8457	-0.8679	-3.5541	14.4800	46.8700	432	432	-225	100849	0.40 
17.614	2015-01-01 00:07:47.480	-0.0098	0.0166	1.0215	-2.0752	-1.3428	-17.6392	-0.8844	-3.5211	14.5020	46.6800	434	430	-225	100850	0.40 
17.646	2015-01-01 00:07:47.520	-0.0093	0.0190	1.0190	-1.8311	-1.0376	-17.3340	-0.9009	-3.4717	14.5239	46.7300	435	431	-226	100850	0.40 
17.693	2015-01-01 00:07:47.560	-0.0190	0.0200	1.0210	-2.6855	-2.9297	-17.2119	-0.9393	-3.4442	14.5514	46.8700	435	430	-227	100849	0.40 
17.724	2015-01-01 00:07:47.600	-0.0195	0.0093	1.0269	-2.3804	-3.4790	-17.1509	-0.9778	-3.4662	14.5734	46.8700	436	430	-226	100849	0.40 
17.786	2015-01-01 00:07:47.640	-0.0112	0.0059	1.0234	-1.9531	-3.4790	-16.9678	-1.0052	-3.5046	14.6173	46.9200	435	429	-228	100849	0.40 
17.818	2015-01-01 00:07:47.680	-0.0034	0.0156	1.0225	-1.7090	-3.2959	-18.0664	-1.0107	-3.5541	14.6338	46.8300	436	430	-226	100849	0.40 
17.864	2015-01-01 00:07:47.720	-0.0068	0.0142	1.0200	-1.5869	-2.6855	-18.6157	-1.0052	-3.5870	14.6173	46.5400	432	430	-224	100849	0.40 
17.911	2015-01-01 00:07:47.760	-0.0166	0.0186	1.0288	-1.7700	-2.8687	-19.1650	-1.0052	-3.5815	14.5789	46.8700	426	431	-225	100849	0.40 
17.958	2015-01-01 00:07:47.800	-0.0161	0.0210	1.0210	-1.8921	-2.4414	-18.4326	-1.0107	-3.5815	14.5294	46.6800	428	431	-224	100849	0.40 
17.990	2015-01-01 00:07:47.840	-0.0200	0.0132	1.0342	-1.7700	-4.0894	-18.3716	-1.0107	-3.6035	14.5074	46.8700	435	432	-227	100849	0.40 
18.021	2015-01-01 00:07:47.880	0.0068	0.0122	1.0151	-1.4038	-1.2817	-19.3481	-1.0162	-3.6584	14.4855	46.9200	439	432	-227	100849	0.40 
18.068	2015-01-01 00:07:47.920	-0.0156	0.0195	1.0234	-1.8921	-4.2725	-19.8364	-1.0107	-3.6639	14.4305	46.8700	439	430	-226	100849	0.40 
18.099	2015-01-01 00:07:47.960	-0.0083	0.0210	1.0205	-2.1973	-3.2959	-19.5313	-1.0272	-3.7134	14.3756	46.6800	436	431	-224	100849	0.40 
18.161	2015-01-01 00:07:48.000	-0.0181	0.0146	1.0283	-2.2583	-3.2959	-18.7988	-1.0437	-3.7299	14.3427	46.7300	434	432	-225	100849	0.40 
18.193	2015-01-01 00:07:48.040	-0.0059	0.0151	1.0171	-1.7700	-3.7231	-18.7988	-1.0547	-3.7848	14.3152	46.8700	433	431	-224	100849	0.40 
18.255	2015-01-01 00:07:48.080	-0.0093	0.0244	1.0181	-1.5869	-3.7842	-18.1885	-1.0547	-3.8287	14.2987	46.8700	434	432	-222	100849	0.40 
18.271	2015-01-01 00:07:48.120	-0.0083	0.0215	1.0151	-1.8921	-3.3569	-17.2729	-1.0492	-3.8727	14.3152	46.9200	430	434	-221	100849	0.40 
18.302	2015-01-01 00:07:48.160	-0.0015	0.0195	1.0176	-2.2583	-4.1504	-17.8833	-1.0547	-3.9276	14.3262	46.8300	429	434	-220	100848	0.40 
18.364	2015-01-01 00:07:48.200	-0.0054	0.0122	1.0156	-2.4414	-3.2959	-18.1885	-1.0876	-3.9716	14.3152	46.8300	430	432	-222	100848	0.40 
18.396	2015-01-01 00:07:48.240	-0.0068	0.0137	1.0239	-2.1362	-2.8687	-17.7002	-1.1151	-3.9935	14.3207	46.8300	433	435	-219	100849	0.40 
18.427	2015-01-01 00:07:48.280	-0.0068	0.0112	1.0220	-2.0752	-3.1738	-17.3950	-1.1371	-4.0045	14.3427	46.8300	434	435	-219	100848	0.40 
18.489	2015-01-01 00:07:48.320	-0.0083	0.0098	1.0195	-1.8311	-3.2349	-17.7612	-1.1591	-4.0265	14.3591	46.7300	434	435	-221	100849	0.40 
18.505	2015-01-01 00:07:48.360	-0.0049	0.0127	1.0190	-2.3193	-3.7842	-18.3716	-1.1810	-4.0649	14.3591	46.8700	433	435	-225	100849	0.40 
18.568	2015-01-01 00:07:48.400	-0.0010	0.0073	1.0298	-1.9531	-3.3569	-18.6768	-1.1975	-4.1034	14.3372	46.8700	432	435	-226	100849	0.40 
18.599	2015-01-01 00:07:48.440	-0.0034	0.0176	1.0244	-2.9297	-4.6997	-18.0054	-1.2250	-4.1748	14.3262	46.8300	431	433	-226	100849	0.40 
18.630	2015-01-01 00:07:48.480	0.0122	0.0117	1.0151	-2.6855	-3.7842	-17.5171	-1.2634	-4.2737	14.3481	46.8300	433	434	-225	100849	0.40 
18.677	2015-01-01 00:07:48.520	-0.0176	0.0166	1.0410	-2.6245	-3.4790	-17.7002	-1.2854	-4.2737	14.3646	46.7300	434	431	-225	100849	0.40 
18.724	2015-01-01 00:07:48.560	0.0059	0.0024	1.0210	-2.5635	-3.8452	-18.0664	-1.3293	-4.3451	14.3811	46.8300	434	433	-223	100849	0.40 
18.771	2015-01-01 00:07:48.600	-0.0098	0.0005	1.0166	-2.1973	-3.7842	-17.7002	-1.3678	-4.4000	14.3921	46.8300	435	435	-221	100849	0.40 
18.802	2015-01-01 00:07:48.640	0.0005	0.0063	1.0244	-2.0142	-3.2349	-18.5547	-1.3898	-4.4385	14.3866	46.8700	435	435	-222	100849	0.40 
18.834	2015-01-01 00:07:48.680	-0.0112	0.0068	1.0195	-2.1973	-2.9907	-18.6768	-1.4008	-4.4550	14.3701	46.8700	437	433	-226	100849	0.40 
18.880	2015-01-01 00:07:48.720	0.0010	0.0034	1.0200	-2.1973	-2.1973	-18.9209	-1.4172	-4.4604	14.3481	46.9200	439	431	-223	100849	0.40 
18.911	2015-01-01 00:07:48.760	-0.0103	0.0083	1.0244	-2.4414	-3.1128	-19.2871	-1.4337	-4.4495	14.3207	47.0200	440	429	-224	100849	0.40 
18.974	2015-01-01 00:07:48.800	-0.0010	0.0049	1.0239	-2.6855	-2.8076	-19.5923	-1.4557	-4.4659	14.2767	47.0700	437	429	-226	100849	0.40 
19.006	2015-01-01 00:07:48.840	-0.0049	0.0024	1.0234	-2.2583	-2.5024	-19.2261	-1.4832	-4.4769	14.2438	46.8700	433	432	-222	100849	0.40 
19.036	2015-01-01 00:07:48.880	-0.0044	0.0029	1.0200	-1.8311	-2.9297	-18.7988	-1.4941	-4.4714	14.2108	46.7300	431	432	-223	100849	0.40 
19.084	2015-01-01 00:07:48.920	-0.0024	0.0112	1.0303	-2.2583	-2.5635	-18.3716	-1.4941	-4.4659	14.1998	46.8300	434	433	-227	100849	0.40 
19.115	2015-01-01 00:07:48.960	-0.0005	0.0029	1.0229	-1.9531	-3.1738	-18.3716	-1.5106	-4.4879	14.1998	46.7300	434	432	-224	100849	0.40 
19.193	2015-01-01 00:07:49.000	-0.0054	-0.0024	1.0313	-1.9531	-2.6245	-18.1274	-1.5326	-4.4934	14.1998	46.6800	433	433	-225	100849	0.40 
19.240	2015-01-01 00:07:49.040	-0.0059	-0.0015	1.0210	-2.2583	-2.8076	-18.5547	-1.5491	-4.4989	14.1943	47.0700	433	433	-225	100849	0.40 
19.240	2015-01-01 00:07:49.080	-0.0132	-0.0024	1.0254	-1.9531	-3.7231	-18.8599	-1.5710	-4.5264	14.1614	46.6800	433	437	-226	100849	0.40 
19.271	2015-01-01 00:07:49.120	0.0063	-0.0015	1.0195	-1.3428	-0.2441	-18.9819	-1.5765	-4.5209	14.1229	47.0700	433	438	-226	100849	0.40 
19.334