StartTime: 2017-07-14 14:03:03.436
Time(s)	ax(g)	ay(g)	az(g)	wx(deg/s)	wy(deg/s)	wz(deg/s)	AngleX(deg)	AngleY(deg)	AngleZ(deg)	T(°)	hx	hy	hz	Pressure(Pa)	Altitude(m) 
168.884	-0.1318	-0.0796	1.0215	0.0000	-3.1128	-0.9766	-4.8999	7.9980	158.8733	44.5800	72	-141	-102	100577	0.62 
168.979	-0.1152	-0.0493	1.0313	-0.6714	-4.6997	-3.9673	-4.8779	7.6630	158.4943	44.5900	77	-142	-103	100576	0.62 
169.072	-0.1201	-0.0400	1.0293	-4.9438	-2.6855	1.2817	-4.9768	7.2015	158.2910	44.5900	73	-142	-105	100576	0.62 
169.197	-0.1465	-0.0581	1.0244	-4.0283	0.0000	-2.8687	-5.3558	7.2180	158.2965	44.5900	74	-140	-103	100576	0.62 
169.322	-0.1318	-0.0278	1.0337	-2.9907	-0.2441	-8.4229	-5.5646	7.1631	157.6978	44.6000	75	-139	-102	100576	0.62 
169.369	-0.1274	-0.0313	1.0205	-7.2021	-2.9297	-7.3242	-5.9106	6.9324	156.8848	44.5800	79	-137	-107	100577	0.62 
169.494	-0.1328	-0.0430	1.0146	-14.4043	-2.9297	-6.2256	-6.7511	6.6412	156.1432	44.5800	77	-136	-109	100577	0.62 
169.588	-0.1226	-0.0786	1.0015	-19.7144	-3.3569	-8.3008	-8.3057	6.3666	155.4895	44.5700	79	-133	-112	100577	0.62 
169.744	-0.1074	-0.1157	1.0107	-22.3389	-3.9673	-15.8691	-10.3217	5.8063	154.2975	44.5500	79	-124	-118	100577	0.62 
169.806	-0.0845	-0.1138	0.9917	-28.9307	-2.1973	-21.6675	-12.7881	4.9658	152.4408	44.5500	81	-114	-130	100577	0.62 
169.916	-0.0811	-0.1377	0.9688	-43.7622	-3.9673	-17.5781	-16.1389	4.0594	150.5292	44.5400	85	-105	-133	100577	0.62 
169.994	-0.0991	-0.1011	0.9106	-51.3306	-11.3525	-7.7515	-20.3906	3.0103	149.2657	44.5200	83	-92	-146	100577	0.62 
170.150	-0.0952	-0.1016	0.7544	-64.9414	-29.8462	18.2495	-25.1697	1.4996	150.2710	44.4700	75	-79	-153	100577	0.62 
170.213	-0.1729	-0.3276	0.6152	-75.9888	-30.3345	31.7993	-31.3715	0.8624	154.1876	44.4300	60	-64	-166	100577	0.62 
170.338	-0.0400	-0.1670	0.1958	-97.7783	-13.1836	48.4619	-39.6881	2.0709	159.1919	44.3800	47	-37	-177	100577	0.62 
170.463	0.3853	-0.7119	-0.3413	-137.6953	57.6782	62.0117	-54.1187	9.7504	163.1909	44.3100	40	-13	-180	100578	0.62 
170.525	0.0391	-3.3628	-0.1475	-94.6045	31.4941	-139.8926	-73.3832	7.0752	155.5554	44.2600	45	30	-172	100578	0.62 
170.697	0.2061	-1.7227	-0.3569	-95.4590	-57.3120	-22.3999	-88.8959	1.7358	157.0660	44.2300	41	80	-159	100579	0.62 
170.791	-0.1113	-0.3242	-0.0801	-19.7144	-7.5684	37.1704	-94.9493	4.2737	157.2528	44.2000	45	107	-142	100578	0.62 
170.900	-0.0737	-0.6211	-0.1655	17.0898	-7.0801	10.4370	-95.1855	6.8280	158.2251	44.1900	49	114	-131	100579	0.62 
170.994	-0.2114	-1.1470	-0.1069	25.6958	-3.5400	-0.1831	-93.0817	6.9763	158.6975	44.2100	52	104	-134	100579	0.62 
171.057	-0.2314	-1.1943	0.0625	21.6064	-2.6245	50.5371	-90.9283	9.5361	160.0159	44.2000	51	100	-143	100579	0.62 
171.166	-0.2129	-0.7695	0.1577	-9.8877	-4.7607	6.4697	-89.3024	11.6565	161.0760	44.2100	54	90	-148	100580	0.62 
171.307	-0.2241	-0.8682	-0.1533	-35.1563	0.4883	22.0337	-92.4500	14.1229	161.6693	44.2300	59	96	-145	100580	0.62 
171.389	-0.3306	-1.0752	-0.1753	-9.3994	-7.9956	17.3950	-94.6527	16.0950	162.5977	44.2400	57	97	-141	100580	0.62 
171.509	-0.2959	-0.9727	-0.0747	16.4795	2.4414	-13.4888	-94.1968	16.4246	163.0481	44.2400	61	98	-140	100580	0.62 
171.588	-0.2358	-0.8862	-0.0254	7.3853	3.7231	-13.4888	-92.9498	15.0073	163.0042	44.2400	59	94	-140	100581	0.62 
171.697	-0.2241	-0.9692	-0.0371	-1.7700	-0.3052	-3.8452	-92.7521	14.1119	163.0756	44.2500	57	96	-141	100581	0.62 
171.791	-0.2524	-0.9756	-0.0659	-3.4790	-2.4414	8.0566	-93.0542	14.3921	163.3997	44.2400	58	96	-143	100581	0.62 
171.915	-0.2852	-0.9639	-0.0591	-0.6104	-0.0610	4.0894	-93.2904	15.1721	163.6853	44.2400	57	96	-142	100582	0.62 
172.040	-0.2715	-0.9727	-0.0566	0.4272	0.3662	-3.4790	-93.2794	15.0018	163.9325	44.2900	57	96	-142	100582	0.62 
172.119	-0.2466	-0.9678	-0.0483	0.3662	0.1831	0.3662	-93.2410	14.7382	164.1467	44.2800	58	96	-143	100582	0.62 
172.228	-0.2490	-0.9624	-0.0562	-0.9766	-0.2441	0.9766	-93.2739	14.8700	164.3390	44.2900	57	94	-140	100582	0.62 
172.322	-0.2583	-0.9727	-0.0586	0.1221	-0.7935	0.1221	-93.3398	14.9579	164.5862	44.3100	56	97	-143	100582	0.62 
172.432	-0.2490	-0.9653	-0.0532	1.0376	0.1221	-2.9297	-93.2739	14.8535	164.8444	44.3100	57	97	-140	100582	0.62 
172.556	-0.2407	-0.9609	-0.0522	-0.9155	0.0610	1.6479	-93.2684	14.8096	164.9377	44.3200	56	93	-145	100583	0.62 
172.634	-0.2588	-0.9717	-0.0620	-1.0986	-0.4272	2.5024	-93.3838	15.0458	165.1520	44.3000	57	98	-144	100583	0.62 
172.775	-0.2554	-0.9658	-0.0562	0.2441	0.0000	-0.7324	-93.4003	15.0513	165.3497	44.3200	55	96	-143	100583	0.62 
172.869	-0.2446	-0.9668	-0.0464	-0.3052	0.2441	0.3662	-93.3728	14.9469	165.4706	44.3200	56	95	-146	100583	0.62 
172.979	-0.2588	-0.9634	-0.0537	-1.1597	-0.4883	-0.6104	-93.4497	15.0458	165.6628	44.3400	57	94	-142	100584	0.62 
173.103	-0.2407	-0.9629	-0.0581	0.0610	0.4883	-1.0986	-93.5101	15.0018	165.8386	44.3500	54	97	-143	100584	0.62 
173.166	-0.2388	-0.9653	-0.0576	-0.1831	0.3662	0.8545	-93.5101	14.9689	165.9265	44.3300	57	99	-144	100584	0.62 
173.306