11 steps
StartTime: 2017-07-14 14:15:41.614
Time(s)	ax(g)	ay(g)	az(g)	wx(deg/s)	wy(deg/s)	wz(deg/s)	AngleX(deg)	AngleY(deg)	AngleZ(deg)	T(°)	hx	hy	hz	Pressure(Pa)	Altitude(m) 
96.242	-0.1157	-0.0054	1.0029	-2.9907	-7.7515	-5.9814	-0.0110	9.8053	86.0889	44.0000	188	15	-85	100558	0.64 
96.336	-0.0820	0.0454	1.0215	-4.3335	1.8311	12.6343	-0.2802	9.7833	85.9406	44.0200	188	18	-85	100558	0.64 
96.446	-0.0732	-0.0435	1.0273	0.0000	10.4370	4.5166	-0.6317	10.1898	86.4954	44.0100	192	15	-80	100558	0.64 
96.539	-0.1035	-0.0244	0.9834	5.2490	17.8223	-6.0425	-0.5109	11.1456	86.2427	44.0000	196	11	-79	100558	0.64 
96.633	-0.1138	0.0498	0.9146	1.9531	22.5220	1.8921	-0.0934	12.8815	85.9845	44.0300	196	14	-74	100558	0.64 
96.742	-0.1240	-0.1948	1.1377	-31.7383	44.2505	20.2637	-0.6757	15.5896	88.4180	44.0400	203	12	-66	100559	0.64 
96.836	-0.0610	-0.0693	0.8320	2.7466	37.9028	34.6680	-0.7635	17.2485	90.3296	44.0200	213	6	-57	100559	0.64 
96.961	-0.2217	0.0303	1.1216	17.8223	56.2744	-3.3569	0.6262	21.7804	91.2909	44.0200	222	0	-43	100559	0.64 
97.055	0.0391	-0.0874	1.3301	4.5776	45.8374	-8.3618	1.6315	25.1147	90.2582	44.0200	232	0	-27	100559	0.64 
97.164	-0.3301	0.5742	0.1543	2.3804	54.8706	-30.4565	1.8842	26.6693	87.8687	44.0100	236	1	-14	100560	0.64 
97.258	-0.7891	0.2754	1.3999	-9.5825	57.9224	10.4370	3.2684	31.1298	89.5001	43.9800	242	3	-3	100560	0.64 
97.367	-0.0034	-0.0669	0.5688	-7.4463	-110.1074	-123.4131	-0.9064	27.8833	85.6989	43.9600	247	4	0	100560	0.64 
97.446	0.0103	0.0298	-0.0479	5.2490	-93.4448	-70.4956	-3.8562	23.1757	76.6187	43.9300	233	33	-13	100561	0.64 
97.571	-0.6133	-0.1367	0.1123	7.9956	50.0488	13.5498	-0.4010	21.5826	77.4866	43.8600	229	42	-29	100562	0.64 
97.680	-0.3896	-0.1777	1.9722	12.3291	22.8882	80.5664	2.1698	26.8671	83.6169	43.8100	245	31	-11	100562	0.64 
97.774	-0.1572	-0.4175	0.0151	-33.0200	-102.2949	84.1064	5.6689	20.0665	94.4165	43.8200	246	1	-23	100562	0.64 
97.914	0.0903	0.3096	-0.1167	-21.7896	-40.0391	6.7139	0.1978	15.6335	95.5811	43.7800	244	-17	-38	100563	0.64 
97.993	-0.9355	0.1475	2.2134	11.5356	-3.9673	-76.2329	2.7411	22.0496	96.4600	43.7400	254	-28	-29	100563	0.64 
98.149	-0.2212	0.0073	0.2930	9.6436	-111.0229	-97.6563	-0.4999	15.3589	85.9241	43.7100	252	-6	-37	100563	0.64 
98.196	0.0313	-0.1465	0.1162	3.2959	-3.4790	85.7544	5.7349	10.5194	83.7103	43.6800	243	23	-66	100563	0.64 
98.290	-1.4072	1.0107	4.2271	22.3389	125.0610	-44.1895	2.7411	17.6495	82.0569	43.6600	252	23	-65	100563	0.64 
98.384	-0.3984	0.7939	1.1680	5.4321	-83.9844	67.0776	6.4325	16.9794	88.4619	43.6400	262	21	-42	100563	0.64 
98.508	-0.4199	-0.1558	0.0347	-21.7896	14.0991	-47.4243	1.1755	10.3931	93.2574	43.6100	256	11	-61	100563	0.64 
98.618	-2.1812	-0.0303	1.6396	48.7671	166.5649	95.3369	3.6145	10.5469	91.6150	43.6100	248	23	-69	100563	0.64 
98.743	-0.7305	0.3115	2.3711	-17.0898	-33.4473	-156.4941	2.6752	14.6283	84.4299	43.6100	245	34	-59	100563	0.64 
98.806	-0.2754	0.7539	-0.5151	-5.0659	-26.1230	-38.6963	2.6093	6.5039	75.6409	43.5800	207	70	-74	100563	0.64 
98.899	-0.3335	0.3018	-0.1787	24.7803	-8.5449	-12.2070	5.8282	4.9768	77.8107	43.5600	187	67	-84	100563	0.64 
99.055	0.5083	-0.7549	0.9697	8.5449	25.3296	115.8447	4.8669	10.6897	80.6177	43.5400	188	56	-67	100562	0.64 
99.102	0.1338	-0.0996	-0.0938	-36.5601	-118.7744	84.2896	6.5863	8.5803	86.2811	43.5200	187	36	-59	100562	0.64 
99.227	0.2158	0.2266	-0.0566	-8.9111	2.6245	-79.9561	-0.5713	4.9493	85.5011	43.5200	177	19	-68	100562	0.64 
99.305	-1.2280	-1.4756	4.6382	-16.7236	51.3306	62.7441	4.3341	14.9030	89.2200	43.5000	182	6	-56	100563	0.64 
99.430	-0.3662	-0.5698	1.3506	-11.6577	-97.6563	-46.0205	1.1041	12.0465	80.5792	43.4900	191	0	-43	100563	0.64 
99.524	-0.4321	0.3540	0.3022	14.8926	5.3101	85.7544	3.9496	6.2238	77.7777	43.4700	183	6	-53	100563	0.64 
99.633	-1.6992	-1.2153	0.3154	-40.0391	194.0918	-62.0728	1.9940	6.6962	82.5403	43.4700	189	-5	-59	100563	0.64 
99.728	-0.2476	-0.2529	2.1235	34.7900	65.5518	68.7866	1.9061	14.7986	84.1388	43.4600	207	-3	-37	100563	0.64 
99.852	0.3428	-0.8291	-0.4502	-40.1611	-148.9868	53.9551	2.6038	9.8547	92.4884	43.4300	212	-19	-26	100563	0.64 
99.931	0.4795	0.2119	0.0386	-6.7139	44.7998	-29.9072	-0.0330	7.5421	87.1216	43.4400	210	-13	-42	100563	0.64 
100.055	-1.1699	-1.3779	2.9702	-29.7852	-83.6792	-88.1958	3.0817	14.9249	90.3241	43.4100	220	-6	-27	100563	0.64 
100.165	-0.3877	-0.5503	0.9009	-22.2778	-148.8647	-70.1904	-1.3239	8.6407	79.3158	43.4200	217	17	-31	100563	0.64 
100.259	-0.6602	0.1475	0.3735	-14.9536	18.9819	113.5254	1.7743	3.8397	81.0571	43.3700	197	39	-57	100563	0.64 
100.353	-1.4609	-1.1089	4.1367	-55.6030	338.1958	-130.7373	-2.5708	6.6962	85.7153	43.3600	204	23	-64	100562	0.64 
100.477	-0.9678	-1.0073	2.3599	38.1470	13.3057	27.7100	-1.1481	1.3898	86.8689	43.3500	203	31	-58	100562	0.64 
100.571	-0.0459	-0.5132	-1.0542	11.4746	25.7568	-31.3110	2.2522	-5.4492	86.0999	43.3600	191	26	-79	100562	0.64 
100.680	-0.1851	-0.0903	-0.1753	21.0571	-53.6499	-143.2495	1.2689	-3.5486	74.4598	43.3500	187	49	-87	100561	0.64 
100.821	-8.0581	0.2754	8.3774	-20.6299	411.6211	354.4922	3.4497	10.8160	77.2284	43.3700	184	72	-87	100561	0.64 
100.883	-2.1104	-0.1919	3.1436	-74.0967	65.3687	62.3779	2.3566	12.9584	81.6888	43.3400	205	51	-66	100560	0.64 
100.977	-0.0620	-0.0151	0.5200	-34.6069	-6.7749	52.8564	-1.6150	7.2400	88.7146	43.3500	220	36	-62	100559	0.64 
101.056	-0.0752	0.0850	0.0205	-13.0005	-75.9888	81.0547	-2.2247	2.8784	94.6857	43.3500	217	17	-69	100559	0.64 
101.180	-1.5840	-0.2959	2.0405	-21.1182	10.6812	12.5122	-3.4497	6.4160	99.5416	43.3400	216	2	-77	100558	0.64 
101.321	-0.3574	0.3188	0.7129	3.2349	33.3252	23.7427	-1.8237	4.0649	98.7891	43.3500	216	0	-83	100557	0.64 
101.384	-0.2686	0.1221	0.8809	0.7935	-13.8550	-1.5259	-1.6644	6.0864	97.3553	43.3500	218	0	-80	100556	0.64