StartTime: 2017-07-14 14:15:41.614
Time(s)	ax(g)	ay(g)	az(g)	wx(deg/s)	wy(deg/s)	wz(deg/s)	AngleX(deg)	AngleY(deg)	AngleZ(deg)	T(°)	hx	hy	hz	Pressure(Pa)	Altitude(m) 
137.220	-0.2520	0.0000	1.0039	-0.1221	0.3052	-0.9155	-0.4065	13.5516	80.9802	43.7200	182	26	-76	100557	0.64 
137.345	-0.1880	0.0093	0.9790	-2.4414	-3.5400	-2.9297	-0.4944	13.3649	80.6561	43.7200	182	25	-72	100557	0.64 
137.454	-0.2173	-0.0464	1.1099	-7.6904	0.7935	5.1270	-0.8954	13.4912	80.4419	43.7400	182	29	-71	100557	0.64 
137.550	-0.1328	-0.0811	1.0283	-0.9155	6.5308	-1.7090	-1.3623	13.0957	80.6781	43.7200	183	29	-72	100557	0.64 
137.644	-0.1528	-0.1055	1.0166	4.5166	6.7749	-15.3198	-1.7084	13.4583	80.0409	43.7400	184	29	-71	100556	0.64 
137.768	-0.2090	0.2593	0.8340	1.2207	-8.7280	11.6577	-1.2305	13.5516	78.9587	43.7400	188	32	-71	100556	0.64 
137.877	-0.1406	-0.3354	1.2983	-6.7139	0.4272	4.8828	-1.7853	13.2715	82.0020	43.7100	187	28	-66	100557	0.64 
137.971	0.0659	0.1934	0.8540	16.6016	10.5591	-5.3101	-0.3955	11.8817	80.9363	43.7500	185	31	-71	100557	0.64 
138.081	0.0645	-0.0068	0.7856	3.3569	30.8228	14.5264	1.0052	13.1671	81.4911	43.7300	190	30	-70	100558	0.64 
138.159	0.0195	0.1035	1.0713	4.5166	62.1338	-8.9722	1.9446	17.2925	82.2876	43.7300	199	25	-57	100558	0.64 
138.269	0.0132	0.1348	1.1211	2.9297	27.9541	-17.8223	1.2305	21.4563	80.0574	43.7300	209	26	-41	100559	0.64 
138.362	-0.5005	0.0654	1.2549	-14.8926	63.6597	32.6538	2.7576	26.8835	82.5183	43.7100	221	26	-26	100559	0.64 
138.471	-0.8477	-0.4390	2.3628	-40.7715	19.6533	11.9629	3.4991	31.5637	88.3575	43.7000	235	11	-7	100559	0.64 
138.581	-0.1978	-0.6035	0.8042	2.8687	-1.4038	-75.6836	-1.4502	25.2686	83.0841	43.6700	237	12	-8	100560	0.64 
138.690	-0.4839	0.6016	-0.0117	24.1089	-47.3633	5.7983	1.1536	20.7532	75.8057	43.6100	223	39	-30	100560	0.64 
138.784	-1.4927	-0.4004	2.3765	-19.1040	193.6646	-95.8252	2.1918	20.3741	77.6349	43.6000	221	39	-49	100561	0.64 
138.879	-0.6060	0.4956	1.7310	7.2021	-9.3994	66.8945	5.8502	22.3187	81.6943	43.5600	226	36	-40	100562	0.64 
139.004	0.3901	-0.4653	-0.6240	-50.6592	-75.6836	112.2437	3.0487	14.0845	88.8245	43.5500	224	14	-46	100562	0.64 
139.082	-0.3228	0.2085	-0.2485	9.5825	22.4609	5.3101	1.8896	11.0083	89.3683	43.5400	224	4	-63	100562	0.64 
139.192	-0.6460	0.3779	2.2070	-6.5308	25.9399	-40.5273	3.9111	20.0665	89.2529	43.5200	237	-2	-47	100562	0.64 
139.301	-0.1138	0.3882	0.0615	10.7422	-62.6221	-79.8950	0.4175	13.3813	80.7880	43.5000	235	14	-51	100562	0.64 
139.395	0.2275	-0.3481	-0.2944	8.3008	-46.0815	12.9395	4.9164	11.4587	79.8212	43.4700	232	29	-71	100562	0.64 
139.504	-0.3545	-0.1060	2.5757	31.0669	36.7432	37.2314	1.0657	20.4401	75.0531	43.4700	244	38	-62	100562	0.64 
139.613	-0.5498	0.7148	0.7822	-33.5083	-87.0972	141.0522	6.8555	19.2041	81.3208	43.4500	254	37	-43	100562	0.64 
139.692	-0.4658	-0.5259	-0.2642	-32.7148	14.2212	-28.1982	-0.2637	12.2223	89.4836	43.4200	250	11	-63	100562	0.64 
139.802	-1.1704	0.1084	1.5195	45.8374	243.6523	73.7305	2.1313	17.4957	89.2310	43.3800	257	9	-66	100563	0.64 
139.895	-0.5713	0.3354	1.9414	-57.5562	-53.8940	-104.0039	-0.4230	19.8907	83.4576	43.3900	264	16	-38	100563	0.64 
140.020	0.2437	0.6602	-0.6924	24.8413	-68.7866	-26.4282	-1.8951	10.7611	78.6896	43.3500	243	50	-55	100564	0.64 
140.098	-0.3770	-0.7598	-0.4536	13.0005	31.4941	-68.3594	0.5328	9.2560	80.5023	43.3500	232	53	-78	100564	0.64 
140.223	-0.1450	-0.4844	1.8496	34.9731	57.7393	53.2837	-0.7526	12.7386	80.5023	43.3500	221	61	-69	100563	0.64 
140.317	-0.4805	0.1768	0.2832	-32.2876	-141.7847	75.0122	4.4165	8.0035	86.1383	43.3400	212	44	-69	100564	0.64 
140.410	-0.3726	0.3193	-0.1182	6.1646	-0.4272	-36.3159	-0.4779	1.6699	86.0724	43.3100	187	29	-90	100563	0.64 
140.614	-0.0967	-0.9995	2.4287	-28.0762	-51.3916	-37.6587	2.2247	8.1573	89.6429	43.3100	185	15	-82	100563	0.64 
140.645	-0.2437	-0.6821	0.7256	-21.2402	-95.3369	-76.2939	-4.0045	8.5474	78.5358	43.2900	181	26	-68	100563	0.64 
140.754	-0.7681	0.3599	-0.3433	27.5879	16.0522	35.2173	2.6257	4.5044	75.3497	43.2700	168	32	-77	100563	0.64 
140.848	-1.8691	-0.4043	3.1367	-76.2939	215.8813	-112.4268	0.3625	7.9651	75.0256	43.2600	173	21	-80	100563	0.64 
140.927	-0.9282	0.1895	2.3833	32.8979	35.3394	91.8579	2.9828	11.5466	78.8708	43.2300	185	12	-58	100563	0.64 
141.067	0.2217	-0.7856	-0.7207	-35.7056	-71.9604	77.8809	1.0217	2.4005	88.0334	43.2200	183	-9	-63	100563	0.64 
141.176	0.1162	0.7339	-0.0820	15.2588	-14.8315	-63.5376	-0.5109	-0.0714	83.8861	43.2300	184	-10	-75	100563	0.64 
141.254	0.1821	-0.4775	1.5171	22.8271	-94.3604	-123.2910	0.2747	7.7838	89.7583	43.2300	200	-16	-56	100562	0.64 
141.398	-0.0635	-0.4722	0.8423	-19.1040	-138.1226	-5.5542	-2.9114	2.7356	86.3251	43.2100	199	-8	-56	100563	0.64 
141.445	-0.1582	0.3491	-0.0425	5.1880	18.6157	103.2104	3.2574	-3.7024	89.0497	43.1800	189	0	-77	100562	0.64 
141.617	-0.3672	-0.2163	-0.0669	26.0620	1.7700	-17.6392	-1.6095	-4.5099	96.7566	43.1700	191	-12	-90	100562	0.64 
141.679	-0.6440	1.5493	1.5781	35.7666	-297.1802	-15.4419	-2.9938	7.1027	85.6165	43.1900	204	7	-58	100561	0.64 
141.788	-1.1943	0.2744	2.1802	88.7451	-142.3340	-91.9800	-2.4774	11.1072	82.1393	43.1900	206	22	-42	100561	0.64 
141.851	0.2246	0.0425	0.4048	46.5698	-118.2861	-84.4727	1.8347	1.6095	74.9817	43.1700	191	42	-63	100561	0.64 
142.038	-0.8262	-0.8877	-0.2324	2.5024	60.5469	-80.2002	8.3167	-6.2952	66.6046	43.1700	158	63	-95	100560	0.64 
142.132	0.5698	-1.1631	-0.0371	21.4844	-89.9048	-98.8159	5.4547	-3.8397	72.0703	43.1400	168	60	-92	100559	0.64 
142.195	-0.3223	0.1816	0.5835	-17.0288	-48.6450	40.2832	6.1139	0.1483	68.9996	43.1400	166	66	-90	100559	0.64 
142.273	-0.2900	-0.2085	0.6504	-11.2915	0.7324	35.4614	1.9116	0.7745	73.3777	43.1500	166	66	-86	100559	0.64 
142.445	-0.2476	-0.2607	0.8765	14.5264	-3.6011	40.5884	2.0599	1.9885	76.5033	43.1600	172	61	-83	100558	0.64 
142.539	-0.2603	-0.0762	1.0303	-10.8643	-28.1372	11.1084	3.0212	2.5323	78.2941	43.1700	176	48	-91	100557	0.64 
142.601	-0.3721	0.0913	1.0771	-1.7700	20.2026	16.7847	2.6587	3.4827	79.2389	43.1800	179	43	-88	100557	0.64 
142.695	-0.2935	-0.0210	1.0254	-2.8076	5.1880	13.7939	2.7850	4.7131	80.4749	43.2000	184	42	-87	100557	0.64 
142.774	-0.2168	0.0239	1.0454	1.8921	-6.5918	10.2539	2.6971	5.4327	81.3702	43.2000	184	42	-84	100557	0.64 
142.898	-0.2461	0.0327	0.9697	0.0610	0.3662	12.3901	2.9333	5.9271	82.0734	43.2300	188	34	-81	100556	0.64 
142.992	-0.2402	0.0059	0.9976	0.5493	1.2207	-3.4180	2.8510	6.6193	82.5073	43.2300	187	33	-80	100556	0.64 
143.101	-0.2656	0.0205	1.0503	2.0752	0.4883	-1.5259	2.9169	7.1851	81.9470	43.2300	187	33	-81	100556	0.64 
143.195	-0.2285	0.0444	1.0000	-1.9531	0.3052	2.6855	2.9883	7.5201	81.6559	43.2300	185	34	-82	100556	0.64 
143.289	-0.2319	0.0142	1.0215	-1.7700	-2.9907	5.3101	2.8345	7.7454	81.9635	43.2400	191	34	-82	100556	0.64 
143.461	-0.2207	0.0200	1.0298	-1.1597	-3.7231	5.7983	2.6752	7.7289	82.3700	43.2500	187	34	-83	100556	0.64 
143.507	-0.2139	0.0459	1.0205	0.8545	-4.1504	6.4697	2.7905	7.4707	82.7051	43.2300	186	30	-83	100557	0.64 
143.586