14 steps
StartTime: 2017-07-14 14:11:10.644
Time(s)	ax(g)	ay(g)	az(g)	wx(deg/s)	wy(deg/s)	wz(deg/s)	AngleX(deg)	AngleY(deg)	AngleZ(deg)	T(°)	hx	hy	hz	Pressure(Pa)	Altitude(m) 
12.524	-0.1709	-0.0156	1.0239	0.1831	0.6714	-0.2441	-1.4227	9.7394	-8.1244	44.1800	-5	146	-67	100569	0.63 
12.680	-0.1821	0.0396	1.0112	4.7607	1.8921	9.4604	-1.1206	9.7668	-7.8882	44.2000	-7	147	-70	100569	0.63 
12.727	-0.0850	0.0273	0.9585	1.6479	-13.3667	9.4604	-0.3680	9.3054	-6.4819	44.2000	-4	147	-71	100569	0.63 
12.836	-0.1436	0.0464	1.0034	-4.2725	-6.3477	8.3008	-0.1593	8.6188	-5.3723	44.2100	-6	145	-71	100570	0.63 
12.915	-0.1040	-0.1245	1.0215	-13.6108	9.5825	6.8970	-0.8679	8.7122	-4.3781	44.2000	-3	146	-69	100570	0.63 
13.086	-0.1523	0.0488	1.2139	-7.3242	4.5166	1.9531	-1.9775	10.0580	-5.1746	44.2100	2	149	-66	100570	0.63 
13.133	-0.0498	-0.0557	0.9263	-16.6016	-14.8926	8.2397	-3.3398	9.1736	-4.5758	44.2200	4	149	-64	100570	0.63 
13.243	-0.0942	-0.1338	0.9766	1.1597	3.8452	-5.1270	-4.5923	8.6353	-4.1199	44.2200	6	153	-65	100570	0.63 
13.321	-0.0562	-0.0889	1.1724	0.0610	-13.6108	2.1973	-4.3066	8.4430	-4.0045	44.2200	10	151	-63	100570	0.63 
13.415	0.1016	-0.1260	0.9746	12.6953	-7.5073	-6.2256	-3.9825	7.0972	-4.0045	44.2200	8	150	-62	100571	0.63 
13.555	-0.2563	-0.1626	0.8784	1.7090	-8.1787	30.0903	-3.3673	8.5419	-3.2300	44.2100	13	146	-62	100570	0.63 
13.665	-0.0977	-0.0122	0.8101	25.4517	-6.8970	8.7280	-1.4557	10.0909	-2.3071	44.2200	19	149	-71	100570	0.63 
13.758	-0.2271	0.2100	0.7617	15.8081	21.3623	6.7139	1.0162	10.7776	-1.9940	44.2100	20	148	-80	100570	0.63 
13.806	-0.1582	0.1187	1.0508	8.1787	10.2539	-2.1973	2.2467	12.1234	-1.3293	44.2000	27	143	-83	100570	0.63 
13.930	-0.0410	0.0171	1.2129	-11.5356	-32.8369	5.4932	2.9388	11.5137	-0.2087	44.2000	28	143	-85	100570	0.63 
14.025	-0.3003	0.0469	0.8130	-7.2632	-29.3579	-5.1270	2.3950	11.3104	-0.6097	44.1900	30	143	-88	100570	0.63 
14.165	-0.1548	0.0518	0.9336	-16.4795	-14.5874	-5.1880	0.4285	11.2885	-2.2577	44.1900	27	145	-90	100570	0.63 
14.227	-0.1543	-0.1099	0.6821	-11.3525	-4.3335	-16.4795	-1.7084	10.4425	-2.7136	44.1900	24	151	-85	100570	0.63 
14.352	-0.1338	-0.0698	0.8125	-2.7466	8.7891	-3.6621	-2.6477	10.9094	-3.7463	44.1900	20	154	-87	100569	0.63 
14.477	-0.1904	-0.2749	1.5742	-3.4790	1.5259	-0.3052	-3.1036	11.7883	-3.2849	44.2000	24	153	-84	100569	0.63 
14.524	-0.5386	-0.0474	1.1084	-9.5825	-23.6816	12.6953	-3.1366	11.0083	-3.8123	44.2000	22	154	-84	100568	0.63 
14.618	-0.2710	-0.0337	1.0757	11.7188	-8.3008	28.9917	-1.7743	10.7721	-1.1481	44.2000	24	152	-90	100568	0.63 
14.728	-0.1909	0.0859	0.7676	7.6904	-1.1597	10.8032	-0.2307	10.7117	0.6482	44.1800	31	153	-98	100568	0.63 
14.821	-0.0737	0.0366	0.7310	6.9580	5.3711	15.7471	0.8020	11.3489	2.4774	44.1800	36	153	-101	100567	0.63 
14.930	-0.0762	0.0781	1.1880	7.2632	3.1738	1.6479	1.8127	11.7609	3.8013	44.1800	37	150	-102	100567	0.63 
15.071	-0.7109	0.2378	1.4771	16.7236	9.7656	-29.0527	1.7084	11.9586	2.9279	44.2000	41	151	-103	100566	0.63 
15.134	-0.4253	-0.0142	1.0962	-20.8130	9.9487	-15.3809	0.7361	12.6672	1.4996	44.1900	36	152	-110	100566	0.63 
15.227	-0.0967	-0.1519	0.5703	-18.7988	3.4790	-1.5869	-1.9501	12.0630	1.5491	44.1800	34	156	-102	100565	0.63 
15.337	-0.1621	-0.0273	0.9087	-0.3052	19.4092	-6.3477	-3.2300	13.1891	0.8679	44.2000	37	160	-101	100565	0.63 
15.415	-0.2017	-0.1748	1.5762	8.4229	-3.2349	-24.1699	-3.2245	13.8428	0.5383	44.1900	38	160	-103	100565	0.63 
15.525	-0.6343	-0.0854	1.0186	-17.2729	-10.6812	8.7891	-2.9114	12.8375	-0.4724	44.1900	29	161	-102	100565	0.63 
15.634	-0.3467	0.0049	0.9878	13.6108	-1.4038	24.5361	-1.8402	13.2880	0.5493	44.2000	31	164	-106	100565	0.63 
15.743	-0.1348	0.1641	0.6714	13.9160	6.5918	3.5400	-0.0879	12.9364	1.3019	44.2000	32	162	-115	100564	0.63 
15.837	-0.1489	-0.1108	0.9492	8.4839	17.1509	3.8452	1.2799	14.0460	2.4664	44.1900	38	157	-119	100564	0.64 
15.946	-0.2358	0.0327	1.4922	-1.0986	-8.9722	0.9155	1.8787	14.6887	2.2467	44.1900	38	155	-118	100563	0.64 
16.056	-0.3296	0.0898	0.5977	-12.3901	-21.7896	-18.7378	1.2030	13.4857	-0.1593	44.2000	34	153	-118	100563	0.64 
16.134	-0.1753	0.0137	0.8086	-25.0854	-14.5874	19.1650	-0.3790	14.0131	0.8679	44.2200	35	162	-118	100563	0.64 
16.228	-0.1318	-0.0464	0.4595	-2.9297	5.3101	1.4038	-2.2961	13.2935	1.9061	44.1800	37	167	-117	100562	0.64 
16.345	-0.1357	-0.1069	1.0723	-1.0986	22.2168	5.3101	-2.4115	14.4580	2.4445	44.1900	40	168	-116	100562	0.64 
16.455	-0.2114	-0.1216	1.4473	2.9907	-19.9585	-22.4609	-2.5928	14.3152	1.7194	44.1900	45	163	-112	100563	0.64 
16.533	-0.2017	0.2769	0.6533	1.2817	-67.2607	19.5313	-2.9938	11.6455	1.3458	44.2000	40	169	-116	100563	0.64 
16.643	-0.1426	0.0718	0.8237	21.8506	-12.6343	-11.4136	-1.6699	11.0468	2.4225	44.2000	38	169	-115	100562	0.64 
16.752	-0.1440	0.0093	0.6992	12.6343	7.3853	2.6855	0.5768	11.0687	2.2522	44.1800	34	164	-122	100561	0.64 
16.861	-0.1255	0.1016	1.0024	7.5684	10.0708	4.1504	1.4667	12.1014	1.9226	44.1900	34	163	-126	100561	0.64 
16.939	-0.0459	0.0151	1.3721	-5.9814	-14.5874	13.3057	1.9501	11.7389	2.9883	44.1900	36	163	-131	100560	0.64 
17.018	-0.2842	-0.1538	0.8574	-11.9019	-13.1836	-5.9814	1.6699	12.5354	2.6202	44.2100	42	163	-132	100561	0.64 
17.142	-0.1729	0.0503	0.7456	-23.6206	-10.4980	7.2632	-0.1648	12.5848	1.8292	44.1900	44	167	-135	100560	0.64 
17.236	-0.1343	-0.1196	0.6074	-7.3853	7.0190	-1.5259	-2.2687	12.2552	1.7908	44.1900	41	175	-128	100560	0.64 
17.361	-0.1958	-0.0225	1.2910	2.9297	3.8452	-13.3057	-2.8290	12.7771	0.6262	44.2000	42	176	-119	100559	0.64 
17.440	-0.1353	-0.1392	1.3560	0.5493	-16.6626	-8.3618	-3.3838	10.8710	0.8185	44.2100	40	181	-121	100559	0.64 
17.564	-0.2510	0.1597	0.8804	0.5493	-4.6997	18.1885	-3.5541	10.1019	1.3788	44.2200	41	179	-119	100558	0.64 
17.642	-0.1377	0.0742	0.7378	13.4888	-8.1177	9.8877	-1.8842	10.3601	2.7466	44.2100	40	181	-125	100558	0.64 
17.720	-0.0801	0.0728	0.5811	8.7891	13.1226	14.7705	-0.2142	10.7172	4.3286	44.2000	46	180	-128	100557	0.64 
17.845	-0.1563	0.0425	1.2954	8.3008	12.6953	11.7798	1.0986	12.7661	6.1194	44.2100	58	175	-131	100558	0.64 
17.970	-0.0977	-0.0376	1.3511	0.1831	-12.5732	7.8735	1.8842	12.4036	7.9156	44.2000	69	168	-134	100558	0.64 
18.033	-0.2578	-0.1548	0.8960	-1.0986	-12.2681	-7.0801	2.1039	12.5189	7.0203	44.2000	67	169	-138	100557	0.64 
18.158	-0.2192	-0.0151	0.7456	-18.8599	-4.0283	-5.0049	0.7910	13.0518	5.6525	44.2200	65	169	-141	100557	0.64 
18.283	-0.0581	-0.2534	0.5703	-11.4136	17.9443	1.1597	-1.3623	13.1836	5.8777	44.2100	61	176	-135	100557	0.64 
18.408	-0.4434	-0.0532	1.4189	-2.8076	58.1055	5.9814	-2.5214	16.5179	5.3394	44.2000	65	178	-130	100557	0.64 
18.424	-0.2285	0.1328	1.2935	10.3760	-26.7334	-21.5454	-2.4554	16.3806	4.2078	44.2200	67	180	-128	100556	0.64 
18.549	-0.4316	-0.0820	0.9268	5.0049	2.5635	17.7002	-2.1698	15.2490	5.4712	44.2000	62	181	-132	100556	0.64 
18.642	-0.2354	0.0581	0.7939	12.2070	-16.4185	25.3906	-0.0989	15.0018	7.2125	44.2000	64	178	-141	100556	0.64 
18.752	-0.1372	0.0605	0.6309	3.9063	11.2305	30.5786	1.9885	14.2548	9.9481	44.1900	66	170	-148	100556	0.64 
18.846	-0.1753	0.0605	1.1587	7.1411	42.4805	-9.0332	3.0432	16.6663	11.4587	44.1900	73	164	-148	100555	0.64 
18.986	-0.2510	-0.2471	1.3481	-22.6440	-34.5459	2.5635	2.3236	18.1604	12.3212	44.1900	84	163	-151	100555	0.64 
19.064	-0.5513	-0.1226	1.0459	-1.5259	-8.5449	-45.8984	0.9174	17.3639	8.6847	44.2000	72	169	-152	100554	0.64 
19.142	-0.2417	0.0288	0.6997	-16.1133	-9.5215	-19.1650	-1.1151	16.2543	4.7406	44.1800	57	171	-153	100554	0.64 
19.267	-0.2036	-0.0293	0.6284	-9.2773	9.3384	11.1084	-2.3236	16.3531	3.7408	44.1800	41	171	-147	100553	0.64 
19.392	-0.1465	-0.1533	1.2021	-5.6763	10.8032	10.5591	-2.7191	17.3035	4.8615	44.1800	44	174	-146	100553	0.64 
19.486	-0.2964	0.1255	1.2280	7.5684	-12.2681	-8.2397	-3.2410	16.3916	4.4385	44.1900	42	173	-143	100553	0.64 
19.596	-0.4302	0.1826	0.8701	5.8594	-16.7847	32.4707	-2.1753	15.6390	5.8118	44.1900	36	170	-145	100552	0.64 
19.689	-0.1475	-0.0474	0.7197	10.3149	-17.1509	21.6064	-0.3131	14.4580	8.6462	44.1900	38	166	-152	100552	0.65 
19.799	-0.2954	0.0322	0.7441	4.0283	7.0801	26.1230	1.3458	14.6118	10.2448	44.2100	38	163	-155	100552	0.65 
19.877	-0.1621	0.1270	1.1099	5.5542	2.0142	1.5259	2.1368	15.4083	10.5084	44.2000	42	158	-163	100551	0.65 
19.971	-0.0820	0.1113	1.2061	-1.1597	5.4932	2.9907	2.7356	15.6500	10.6018	44.2000	40	155	-161	100551	0.65 
20.049	-0.4917	0.0640	0.9014	2.2583	-18.4326	-18.0664	2.4500	17.7979	7.0203	44.2000	34	157	-167	100551	0.65 
20.205	-0.2607	-0.1494	0.7437	-11.5967	-27.5879	-19.2261	0.7471	16.5344	4.4385	44.2000	25	155	-169	100550	0.65 
20.314	-0.3438	-0.1274	0.7651	-3.6011	-14.5264	-12.5122	-0.7471	14.8480	1.8292	44.2000	12	161	-163	100550	0.65 
20.377	-0.2822	-0.0454	0.9795	4.8218	-22.3389	-10.0098	-0.9833	13.1891	-0.4889	44.2100	1	159	-164	100550	0.65 
20.455	-0.2236	-0.0322	0.9302	1.2817	-22.3389	-0.9766	-0.7471	10.9314	-1.8073	44.2000	-12	162	-164	100550	0.65 
20.534	-0.2139	-0.0488	1.1270	5.1270	-9.2163	16.7847	-0.5933	8.9209	-1.8182	44.2000	-22	161	-166	100549	0.65 
20.689	-0.0039	0.0688	0.8179	-2.9907	-19.5923	-26.9775	-1.2524	6.7566	-4.3176	44.2300	-29	160	-165	100549	0.65 
20.768	-0.1841	0.0132	1.0303	-1.7090	4.2114	15.5029	-1.2360	6.5643	-4.4110	44.2200	-33	164	-164	100548	0.65 
20.846	-0.1118	0.0107	0.9985	-0.6714	14.4653	5.7373	-1.0492	7.1960	-4.5868	44.2400	-30	160	-161	100548	0.65 
20.940	-0.1851	0.0332	1.0161	3.2349	8.4839	5.0049	-0.6262	8.3881	-4.5483	44.2500	-26	157	-163	100548	0.65 
21.111	-0.1411	-0.0156	1.0205	0.4272	0.6104	18.5547	-0.0769	8.8824	-3.8452	44.2400	-20	158	-165	100548	0.65 
21.143	-0.1353	0.0068	1.0103	-0.6714	3.1738	7.6904	0.0110	9.0472	-3.2410	44.2600	-15	160	-167	100548	0.65 
21.283	-0.1084	0.0005	0.9878	1.8921	3.6011	-3.1128	0.1318	9.1956	-3.3179	44.2700	-12	159	-166	100548	0.65 
21.393	-0.1431	0.0122	1.0249	0.7935	4.6997	-7.3853	0.1868	9.6021	-4.3671	44.2600	-12	161	-166	100548	0.65 
21.455	-0.2026	-0.0107	1.0366	0.1221	2.3804	-3.0518	0.1923	9.8383	-5.2625	44.2800	-11	159	-166	100548	0.65 
21.549	-0.1553	-0.0127	1.0557	0.2441	-0.7324	-12.0850	-0.0714	9.8053	-6.5643	44.2700	-15	160	-170	100548	0.65 
21.690	-0.1641	0.0029	1.0532	-0.8545	0.3662	-5.3101	-0.2197	9.6130	-7.8772	44.2800	-19	160	-167	100548	0.65 
21.783