StartTime: 2017-07-14 14:15:41.614
Time(s)	ax(g)	ay(g)	az(g)	wx(deg/s)	wy(deg/s)	wz(deg/s)	AngleX(deg)	AngleY(deg)	AngleZ(deg)	T(°)	hx	hy	hz	Pressure(Pa)	Altitude(m) 
484.795	-0.1743	0.0127	1.0137	-0.0610	-1.9531	1.3428	0.4230	9.0692	88.3795	44.8800	205	9	-72	100556	0.64 
484.873	-0.1792	0.0083	1.0200	-0.7935	-2.0752	0.6714	0.4120	8.9374	88.3685	44.8700	202	8	-75	100556	0.64 
484.998	-0.1841	0.0127	1.0176	0.1831	-4.4556	-0.6104	0.4120	8.6682	88.1763	44.8800	201	8	-73	100557	0.64 
485.077	-0.1855	0.0215	1.0205	0.0000	-8.1177	-1.4648	0.4779	8.1354	87.9565	44.8900	205	9	-76	100557	0.64 
485.201	-0.1792	0.0229	1.0229	-0.9155	-12.0850	-1.4038	0.4395	7.2620	87.7039	44.8900	202	10	-82	100557	0.64 
485.295	-0.1616	0.0122	1.0215	-0.4272	-17.5781	-1.4648	0.3845	5.9271	87.5281	44.9000	198	10	-85	100557	0.64 
485.405	-0.1484	0.0254	1.0210	-0.3052	-24.2920	-2.0142	0.4010	4.1089	87.2369	44.8900	194	10	-88	100557	0.64 
485.499	-0.1177	0.0151	1.0308	-0.3052	-32.8369	-0.2441	0.4065	1.5436	87.0117	44.9000	190	14	-98	100557	0.64 
485.623	-0.1411	0.0215	1.0146	-2.1973	-40.8936	4.0283	0.3625	-1.7743	86.9403	44.8900	182	15	-105	100557	0.64 
485.686	-0.1313	0.0000	0.9023	-6.7749	-57.1289	11.1694	-0.0385	-6.0645	87.6709	44.8900	168	13	-119	100557	0.64 
485.811	-0.0752	-0.0063	0.8154	-16.7847	-71.0449	8.9111	-1.1646	-11.4313	88.3081	44.9000	147	9	-134	100557	0.64 
485.889	-0.3066	0.0610	0.2354	-9.0332	-73.6084	-6.2256	-1.8292	-17.7209	87.5500	44.8800	124	12	-148	100557	0.64 
486.030	-0.1411	-0.1904	0.5469	3.1738	-30.1514	-10.4980	-3.8452	-21.1157	89.5935	44.8800	109	14	-154	100557	0.64 
486.108	0.2480	-0.1191	0.6724	19.0430	-125.5493	5.9204	-3.4882	-25.8179	89.8517	44.8600	94	12	-166	100557	0.64 
486.218	2.4458	-1.2285	1.2554	-48.1567	-280.3955	129.9438	-7.3004	-43.0719	96.5039	44.8500	53	8	-174	100557	0.64 
486.311	2.5581	-0.5039	-0.4810	-16.6626	-170.5322	-10.7422	-28.9655	-68.0164	115.9113	44.8600	-33	20	-176	100559	0.64 
486.436	0.5767	-0.3652	-0.1504	-8.6670	-39.1235	-27.7710	-45.1154	-71.0321	132.0392	44.8500	-77	28	-161	100559	0.64 
486.545	0.4126	-0.1006	-0.0376	-2.8076	-2.5024	-8.3008	-46.3898	-72.2955	132.3962	44.8400	-84	31	-158	100559	0.64 
486.655	1.2012	-0.2339	0.2739	7.6294	115.7837	0.4272	-35.6067	-70.1752	121.2671	44.8500	-79	28	-165	100559	0.64 
486.795	0.8604	-0.2417	0.6753	-16.4185	28.7476	7.4463	-26.5485	-62.4902	111.3904	44.8500	-51	28	-176	100559	0.64 
486.874	0.6865	-0.1763	0.4248	2.1973	-8.6060	6.5918	-28.4381	-61.7047	113.3295	44.8400	-41	29	-176	100559	0.64 
486.983	1.0127	-0.0957	0.2939	9.3994	-6.3477	-16.6626	-26.8945	-63.5449	112.2693	44.8100	-42	31	-174	100560	0.64 
487.108	1.0088	-0.2427	0.4702	-8.3618	-2.1973	37.2925	-28.9325	-63.2153	114.7632	44.8200	-45	29	-174	100560	0.64 
487.202	0.8638	-0.2593	0.2349	-5.9814	3.6011	6.1646	-31.1792	-64.3195	117.1692	44.8200	-50	28	-172	100560	0.64 
487.312	0.9561	-0.1855	0.4238	3.1128	1.7700	-3.9063	-29.4543	-64.2096	115.3345	44.8200	-48	26	-172	100560	0.64 
487.436	0.9077	-0.1631	0.4004	0.9766	-4.0283	2.3804	-28.9325	-64.5227	115.2576	44.8200	-48	28	-175	100560	0.64 
487.515	0.9419	-0.1929	0.2944	0.0000	8.3008	-8.6670	-30.3717	-65.0171	116.5814	44.8100	-51	26	-174	100560	0.64 
487.624	0.9136	-0.2227	0.3862	-4.0283	1.4038	2.0142	-29.7235	-64.3854	115.6256	44.8200	-49	26	-175	100560	0.64 
487.764	0.9014	-0.1846	0.3662	-1.6479	0.9766	5.4321	-29.8718	-64.1711	115.6476	44.8100	-47	27	-173	100560	0.64 
487.843	0.9370	-0.2261	0.3491	-1.1597	3.4790	-0.6714	-31.0199	-64.0613	116.7902	44.8100	-48	29	-174	100560	0.64 
487.999	0.9146	-0.2163	0.3579	0.0610	2.5024	-1.8311	-31.0364	-64.0997	116.7627	44.8000	-48	29	-175	100560	0.64 
488.077	0.9146	-0.2061	0.3892	-0.4883	0.7324	-1.6479	-30.6464	-63.9734	116.2793	44.8100	-43	28	-172	100560	0.64 
488.186	0.9453	-0.2173	0.3540	-1.8311	1.0376	0.1221	-30.4541	-64.1107	116.0651	44.8000	-44	28	-175	100560	0.64 
488.311	0.9316	-0.2222	0.3535	-0.4272	1.2817	-0.6104	-30.6958	-64.1656	116.2024	44.7900	-48	28	-174	100559	0.64 
488.405	0.9209	-0.2139	0.3682	0.2441	2.3804	-1.0986	-30.4706	-64.1162	115.9827	44.7900	-48	29	-174	100559	0.64 
488.499	0.9111	-0.2148	0.3936	0.6104	-0.4883	-0.0610	-30.1849	-64.0503	115.7080	44.8200	-45	27	-176	100559	0.64 
488.609	0.9312	-0.1958	0.3921	-0.7324	1.1597	2.9297	-29.9597	-64.1986	115.5432	44.8100	-46	28	-173	100559	0.64