StartTime: 2017-07-14 14:15:41.614
Time(s)	ax(g)	ay(g)	az(g)	wx(deg/s)	wy(deg/s)	wz(deg/s)	AngleX(deg)	AngleY(deg)	AngleZ(deg)	T(°)	hx	hy	hz	Pressure(Pa)	Altitude(m) 
187.062	-0.2461	0.0078	1.0063	-0.0610	2.5024	2.3193	0.1703	12.0245	79.8541	43.8400	196	34	-73	100562	0.64 
187.155	-0.2881	0.0278	0.9600	-1.4648	8.4229	5.1880	0.2307	12.6453	80.1013	43.8400	198	33	-74	100562	0.64 
187.265	-0.4141	0.0391	0.8003	-8.9111	34.7290	18.6768	0.1813	15.2161	81.2878	43.8300	200	32	-71	100562	0.64 
187.359	-0.3086	0.0498	0.5488	-10.5591	67.2607	6.2866	-0.7251	20.6378	82.7216	43.8400	208	28	-55	100562	0.64 
187.453	-0.3984	-0.1333	0.8042	-6.8970	51.3916	19.2871	-0.9229	26.9275	84.1608	43.8500	220	23	-32	100563	0.64 
187.577	-0.3301	0.0200	0.6826	-4.2725	45.2881	10.3149	-1.1646	30.4651	83.9630	43.8500	227	21	-17	100563	0.64 
187.656	-0.6260	0.0132	0.8350	1.8921	29.9072	-10.2539	-1.2689	33.9642	83.6169	43.8100	232	20	0	100563	0.64 
187.781	-0.9429	-0.0562	1.1211	6.3477	14.4043	-10.1318	-1.0052	36.6998	83.2214	43.8500	232	22	14	100563	0.64 
187.890	-0.7104	-0.0269	1.1548	-0.7935	-16.5405	4.3335	-0.0604	35.1343	84.0070	43.8500	229	21	16	100564	0.63 
187.999	-0.5703	-0.0171	1.2158	4.8828	-66.0400	-1.1597	0.8185	30.6628	84.6057	43.8400	226	22	9	100565	0.63 
188.140	-0.5552	-0.0610	1.1636	-10.2539	-54.5654	12.2681	0.4779	24.8895	84.4684	43.8400	225	22	-10	100566	0.63 
188.202	-0.3276	-0.0278	1.0166	-1.8311	-37.7197	19.4702	0.3186	20.4236	86.2042	43.8500	218	18	-23	100566	0.63 
188.296	-0.1802	-0.0117	0.9243	-0.6714	-24.7803	6.7139	0.5273	16.9629	87.0172	43.8200	212	14	-40	100567	0.63 
188.421	-0.2515	0.0054	0.9917	-5.6763	-13.0005	9.7046	0.2637	14.8260	87.8851	43.8300	211	14	-50	100567	0.63 
188.484	-0.2798	0.0093	1.0195	-0.3662	-4.0283	1.1597	0.0604	14.1779	88.5114	43.8400	208	11	-54	100567	0.63 
188.609	-0.2568	-0.0083	1.0186	2.1362	0.6714	2.8076	0.3241	14.0405	88.7421	43.8300	208	12	-51	100567	0.63 
188.687	-0.2339	-0.0024	1.0020	4.3335	-17.0898	-6.6528	0.5054	13.0518	88.3685	43.8300	209	11	-56	100567	0.63 
188.812	-0.2539	0.0269	0.9795	-0.9155	-1.5869	4.5776	0.6866	12.1948	88.2697	43.8300	206	11	-58	100567	0.63 
188.937	-0.2280	0.0195	1.0161	-2.7466	0.0000	4.0283	0.7196	12.3102	88.5883	43.8500	208	11	-57	100567	0.63 
188.984	-0.2017	-0.0039	1.0200	-4.8828	-4.1504	4.3335	0.4669	11.9751	89.0277	43.8400	206	12	-58	100567	0.63 
189.109	-0.1821	0.0020	1.0068	-2.3193	0.4883	1.4648	0.1373	11.6016	88.8959	43.8200	209	12	-58	100567	0.63 
189.265	-0.1333	-0.0132	1.0220	1.8311	9.2773	10.4980	0.1263	11.8158	89.4507	43.8300	207	8	-56	100567	0.63 
189.312	-0.2476	-0.0034	1.0127	-0.8545	11.2305	3.0518	0.2417	12.7441	90.3955	43.8400	205	6	-60	100568	0.63 
189.421	-0.2339	0.0835	0.9595	0.4272	21.5454	3.3569	0.4669	14.0900	90.3845	43.8600	213	5	-53	100568	0.63 
189.515	-0.1992	-0.1377	0.9590	3.6011	25.0854	11.7188	0.9998	16.3202	91.9556	43.8600	216	0	-47	100568	0.63 
189.640	-0.2085	0.0874	0.9863	8.7280	70.1904	-5.7373	1.4722	20.6104	91.4008	43.8500	220	0	-36	100569	0.63 
189.781	-1.2065	-0.0757	1.7031	9.9487	95.7642	0.6714	2.3621	29.5203	91.8127	43.8300	229	-1	-12	100569	0.63 
189.828	-0.8672	0.0356	1.1689	4.3335	54.3213	-12.8174	2.8125	35.0958	91.3348	43.8200	233	0	13	100568	0.63 
190.015	-0.7891	0.1851	1.2095	-14.0991	-23.6816	-8.7280	2.4664	36.4471	90.4614	43.8300	236	2	22	100568	0.63 
190.046	-0.4292	-0.0151	0.8022	-2.3804	-76.8433	-12.7563	1.1865	30.1685	89.7693	43.8100	234	3	11	100568	0.63 
190.203	-0.1621	-0.0029	0.2261	-4.8218	-94.7876	-7.8125	0.3516	21.8353	88.2422	43.7800	225	6	-17	100568	0.63 
190.250	-0.2593	-0.0869	0.3027	8.1177	-34.1797	14.4043	0.5164	15.9906	88.2202	43.7500	214	8	-46	100567	0.63 
190.380	-0.6953	0.1582	1.4565	5.0659	0.6714	28.3813	1.6644	16.2433	89.6704	43.7600	212	8	-57	100566	0.63 
190.474	-0.4067	0.1514	1.0449	2.8076	-5.5542	28.1372	1.8951	14.4580	89.1156	43.7500	209	8	-63	100566	0.63 
190.583	-0.2793	0.0547	1.0010	-6.7749	-1.2817	-9.1553	1.4886	13.4308	89.9396	43.7600	209	5	-63	100565	0.63 
190.661	-0.2847	-0.0771	1.0776	-3.7231	2.5024	8.9722	1.0767	13.3813	90.2802	43.7800	207	6	-64	100565	0.63 
190.786	-0.2573	0.0605	1.0581	3.7231	8.0566	-7.4463	1.0382	13.4198	89.8792	43.7800	206	6	-67	100564	0.64 
190.865	-0.3242	0.0376	1.0322	0.9766	12.0239	3.2349	1.2634	13.9691	89.2529	43.7800	211	7	-64	100563	0.64 
190.989	-0.1665	0.0410	0.9658	0.4272	-4.6997	-2.4414	1.4282	13.7109	89.3518	43.7800	209	6	-61	100563	0.64 
191.083	-0.2568	0.0293	0.9878	-1.0986	3.7842	3.3569	1.4337	13.8098	89.3134	43.8000	207	6	-64	100563	0.64 
191.192	-0.2515	0.0488	1.0073	-1.6479	2.2583	0.0610	1.3074	13.9362	89.1101	43.8000	208	8	-64	100563	0.64 
191.287	-0.2085	0.0293	0.9927	-0.2441	3.1128	1.0986	1.3184	13.9636	89.1046	43.7900	208	10	-66	100563	0.64 
191.395	-0.2549	0.0459	1.0151	0.9155	-0.9766	0.9766	1.4557	14.1669	89.1595	43.8200	207	4	-61	100563	0.64 
191.490	-0.2310	0.0474	1.0127	-1.3428	-1.0376	4.0283	1.5326	14.0900	89.2969	43.8100	208	5	-63	100563	0.64 
191.598	-0.2563	0.0176	1.0000	-1.1597	0.2441	1.9531	1.5326	14.1284	89.6100	43.8400	207	6	-61	100563	0.64 
191.662	-0.2612	0.0293	0.9941	0.1221	4.0283	6.1646	1.6370	14.4196	89.7473	43.8200	209	5	-62	100563	0.64 
191.817	-0.2700	0.0337	0.9902	0.6714	-1.8921	2.0752	1.7633	14.5734	89.9451	43.8300	208	4	-61	100562	0.64 
191.880	-0.3936	-0.0151	0.9634	-4.9438	30.1514	4.6997	1.5765	15.6775	90.1263	43.8300	212	2	-60	100562	0.64 
191.974	-0.4209	-0.0366	0.8711	0.7935	36.2549	-5.5542	1.3733	19.5007	90.6592	43.8400	218	3	-50	100562	0.64 
192.083	-0.5054	0.0273	0.7178	8.6670	46.4478	-12.5732	1.1865	24.3951	89.2694	43.8500	220	3	-36	100561	0.64 
192.177	-0.1104	0.0757	0.3901	0.4272	63.9648	-9.0332	1.4557	30.4047	88.2367	43.8300	225	6	-21	100561	0.64 
192.317	-0.7373	-0.1108	0.8345	6.5918	75.9277	18.6768	3.1091	37.5403	88.8245	43.8500	236	9	0	100561	0.64 
192.427	-0.9277	0.2139	1.0415	-1.5869	59.6313	-7.0190	3.0652	42.4292	88.2312	43.8400	239	7	24	100561	0.64 
192.505	-0.6963	0.1455	0.7705	6.1646	-3.8452	-21.2402	2.7521	43.0774	87.9620	43.8500	239	8	32	100561	0.64 
192.645	-0.5708	0.1826	0.7324	12.1460	-39.3066	-13.5498	4.1748	40.5450	88.3795	43.8400	235	6	32	100562	0.64 
192.739	-0.7373	0.0938	1.3496	10.2539	-43.3960	11.2915	6.5753	34.7003	90.1868	43.8500	233	5	23	100562	0.64 
192.880	-0.7490	0.1304	1.2896	-3.7231	-57.9224	10.0708	6.0645	29.2017	89.2145	43.8600	229	7	6	100563	0.64 
192.927	-0.3203	0.0391	0.9678	-1.2817	-49.1333	-4.6387	5.4053	23.8513	88.4509	43.8600	225	6	-14	100564	0.63 
193.005	-0.1333	0.0811	0.7114	-0.4883	-33.6914	-8.7891	4.7845	18.8525	86.6382	43.8400	219	8	-32	100564	0.63 
193.130	-0.3931	0.0186	0.9897	-9.8267	-8.7280	0.1831	4.2023	17.2375	86.5503	43.8300	217	12	-41	100565	0.63 
193.224	-0.4102	0.1621	1.0693	-0.4272	-1.3428	9.5825	3.7299	17.1277	86.2701	43.8200	213	12	-46	100565	0.63 
193.349	-0.3252	0.0439	0.9673	-0.1221	0.9155	14.1602	4.3011	16.9849	87.6819	43.8400	213	8	-44	100566	0.63 
193.431	-0.3203	0.0747	0.9575	-5.1880	-0.5493	5.0049	4.0155	16.8915	88.3521	43.8200	212	6	-42	100566	0.63 
193.540	-0.3442	0.0742	0.9980	-1.3428	2.8076	1.2207	3.8068	16.8585	88.4619	43.8200	214	5	-43	100567	0.63 
193.649	-0.3091	0.0474	0.9839	0.0000	3.8452	1.7090	3.7683	17.0892	88.5498	43.8300	215	7	-43	100567	0.63 
193.743	-0.2905	0.0630	0.9780	-2.8687	10.0098	5.0049	3.7518	17.5891	88.8025	43.8400	215	4	-43	100567	0.63 
193.822	-0.3311	0.0547	0.9844	-0.9155	4.8828	1.7700	3.5980	18.2538	88.9893	43.8400	215	5	-42	100567	0.63 
193.946	-0.3589	0.0737	0.9775	-0.7324	8.1177	0.5493	3.6090	18.9349	89.0442	43.8300	215	4	-38	100567	0.63 
194.040	-0.3579	0.0591	0.9365	-2.0142	8.2397	1.0376	3.5706	19.6820	89.2145	43.8400	216	3	-37	100567	0.63 
194.149	-0.3882	0.0732	0.7959	-4.8218	58.4106	-6.2256	3.4607	22.2858	88.9618	43.8600	222	5	-30	100567	0.63 
194.244	-0.3105	0.0283	0.9756	-1.0986	61.7065	-6.5918	2.7960	27.8558	88.6981	43.8600	224	8	-16	100568	0.63 
194.353	-0.4282	-0.0347	1.1318	5.2490	91.7969	-25.6348	2.3621	34.3872	87.5940	43.8800	229	7	5	100567	0.63 
194.509	-1.1392	-0.0786	1.2417	-0.6104	31.4941	-16.3574	1.2744	42.9126	85.8032	43.8800	233	15	34	100568	0.63 
194.587	-1.0674	-0.1206	0.9561	-16.1743	5.0049	-15.7471	-0.6757	44.5441	84.5288	43.8500	234	17	48	100568	0.63 
194.696	-0.8306	-0.0098	0.9541	-6.9580	-37.4146	-4.2114	-1.7578	42.0776	84.2212	43.8500	233	16	47	100568	0.63 
194.774	-0.3281	0.0015	0.5547	2.3804	-62.1948	-4.8828	-1.5710	35.0134	84.4354	43.8300	232	18	29	100568	0.63 
194.869	-0.2476	0.0298	0.2979	-0.6714	-98.0225	7.3242	-0.7306	27.4713	84.6552	43.8400	229	22	1	100567	0.63 
194.963	-0.0908	-0.0234	0.2671	5.3711	-41.1377	25.4517	0.5548	21.2585	85.9186	43.8000	225	19	-26	100566	0.63 
195.150	-0.8013	-0.0278	1.2197	4.7607	-36.1938	4.6997	1.5765	22.3407	87.4951	43.7900	223	14	-38	100566	0.63 
195.196	-0.2583	0.0220	0.7480	3.4790	-12.1460	18.2495	1.5546	18.0560	87.4951	43.7900	220	15	-47	100565	0.63 
195.306	-0.2900	0.1279	0.9023	1.3428	-16.6016	-2.6855	1.9885	18.2373	87.9730	43.7900	219	11	-50	100565	0.63 
195.384	-0.3560	-0.0527	0.9692	-1.6479	-2.8076	-5.7983	1.4502	18.1110	87.5171	43.7900	216	12	-48	100565	0.63 
195.556	-0.3467	0.0571	1.0005	3.4790	4.0283	-8.3008	1.2964	18.4241	86.3086	43.7800	216	14	-53	100564	0.64 
195.650	-0.2832	0.0347	0.9751	-0.4883	-6.8359	2.9297	1.3458	18.4241	85.8362	43.8100	215	20	-56	100563	0.64 
195.728	-0.2900	0.0361	0.9688	-2.3193	1.0376	11.7188	1.5271	18.3307	86.5228	43.8000	215	16	-55	100563	0.64 
195.806	-0.3369	0.0269	0.9912	0.6714	2.0752	0.7324	1.5326	18.3142	87.0337	43.8300	214	13	-51	100563	0.64 
195.915	-0.2979	0.0078	0.9839	-0.4272	0.0000	3.8452	1.5546	18.1000	87.0941	43.8300	218	18	-54	100563	0.64 
195.994	-0.2969	0.0112	0.9604	-2.5635	-3.5400	2.0752	1.5216	17.8088	87.2369	43.8100	215	11	-49	100562	0.64 
196.088	-0.2520	0.0186	0.9463	-1.5259	-4.0894	2.2583	1.2964	17.4078	87.3138	43.8100	214	13	-56	100562	0.64 
196.197	-0.2700	0.0176	0.9678	-0.9766	-3.5400	-0.7935	1.1810	17.0233	87.2809	43.8300	213	16	-53	100562	0.64 
196.337	-0.3237	0.0000	0.9824	-0.7935	-0.7324	0.7324	1.0492	17.2046	87.1216	43.8200	214	15	-56	100562	0.64 
196.415	-0.3013	-0.0054	0.9463	1.2817	-6.4697	-4.0894	0.9833	16.8915	86.8689	43.8200	214	15	-51	100563	0.64 
196.509	-0.3345	0.0156	0.9165	1.4648	-4.0283	-6.2256	0.9283	16.6388	86.2097	43.8100	213	15	-56	100562	0.64 
196.603	-0.3677	-0.0430	0.9160	-2.6855	6.9580	-20.2637	0.5109	17.3035	85.1331	43.8200	210	19	-58	100562	0.64 
196.713	-0.3325	0.0454	0.7124	-3.3569	23.9258	-20.2637	-0.4504	19.4568	82.6556	43.8200	214	24	-53	100562	0.64 
196.822	-0.2466	-0.0405	0.6108	8.3008	35.7056	-7.6294	-0.7141	22.8900	81.3428	43.8300	212	27	-41	100561	0.64 
196.900	-0.4263	0.1563	0.7749	6.8970	51.2695	19.9585	0.0055	27.3889	80.1068	43.8400	217	31	-29	100561	0.64 
197.025	-0.6157	-0.0659	0.8682	5.5542	43.9453	12.8784	1.1481	32.0142	81.7712	43.8500	222	25	-15	100562	0.64 
197.103	-0.8916	0.2686	1.0649	-1.2207	35.4614	23.1934	1.9336	36.1725	81.9635	43.8400	229	23	-1	100562	0.64 
197.228	-0.9814	0.1890	1.1968	-7.0190	-22.5830	5.9814	2.1973	36.8317	83.6279	43.8200	230	23	13	100562	0.64 
197.337	-0.3486	0.1968	1.2305	14.8926	-40.5884	-18.4937	2.2357	31.3550	84.0399	43.8400	227	19	1	100563	0.64 
197.447	-0.5352	0.1299	1.5063	4.1504	-65.4297	22.5830	4.5154	25.9607	85.8582	43.8300	222	17	-7	100564	0.64 
197.540	-0.1689	0.0117	0.9619	-17.2729	-75.7446	4.8828	4.1528	19.7864	86.1768	43.8300	220	14	-27	100564	0.63 
197.619	-0.1445	0.0400	0.8911	-10.6201	-33.6304	3.7231	2.2028	14.8755	86.2097	43.8200	210	15	-46	100565	0.63 
197.744	-0.2002	-0.0405	0.8921	-3.6621	-22.0337	6.5308	1.6370	12.2827	86.4075	43.8000	205	13	-56	100565	0.63 
197.853	-0.3184	0.0381	1.1001	-7.1411	-12.7563	13.9771	1.1261	10.7831	87.3303	43.8100	206	12	-61	100565	0.63 
197.947	-0.1353	0.0435	1.0308	0.3052	0.0000	6.5308	1.0052	9.7174	88.0225	43.8000	204	14	-65	100565	0.63 
198.041	-0.1411	0.0190	1.0044	-1.7090	1.3428	2.5635	1.1371	9.6570	88.1927	43.8100	201	11	-67	100565	0.63 
198.135	-0.1973	0.0215	1.0054	-5.0049	4.3335	2.8687	0.8844	9.7833	88.3301	43.8000	200	12	-67	100565	0.63 
198.259	-0.2007	0.0024	1.0200	-2.1973	1.0376	-0.9766	0.5713	10.2283	88.2587	43.8100	202	11	-64	100564	0.63 
198.338	-0.1938	0.0142	1.0264	-2.2583	2.0142	-0.2441	0.3021	10.5194	88.0829	43.8100	203	9	-65	100565	0.63 
198.462	-0.2070	0.0039	1.0107	-1.3428	2.8076	1.5259	0.1593	10.7831	88.0939	43.8200	199	10	-63	100565	0.63 
198.572	-0.2090	0.0063	1.0137	-1.3428	2.9907	2.0752	0.0604	11.0907	88.1158	43.8200	206	12	-61	100565	0.63 
198.650	-0.2192	-0.0073	1.0132	0.0000	4.0894	6.2256	0.0330	11.4862	88.2202	43.8300	204	10	-62	100565	0.63 
198.760	-0.2036	0.0176	1.0063	-1.4038	4.8828	5.0659	0.1868	11.9147	88.4674	43.8500	203	9	-63	100565	0.63 
198.869	-0.1880	0.0142	0.9688	0.4272	11.7798	-0.0610	0.1923	12.6453	88.4949	43.8500	206	8	-60	100565	0.63 
198.947	-0.3013	-0.0283	0.9355	0.8545	22.2168	8.9722	0.3186	14.8425	88.8025	43.8600	209	9	-51	100565	0.63 
199.072	-0.2231	-0.0020	1.0205	1.6479	59.1431	-2.3193	0.5658	18.9459	89.1925	43.8600	215	9	-43	100565	0.63 
199.151	-0.3223	-0.2041	1.0728	8.9722	95.4590	-18.9819	0.4779	25.8563	88.3850	43.8800	223	9	-25	100565	0.63 
199.275	-1.2183	0.0752	1.2119	-9.1553	100.9521	23.4375	-0.8954	36.1450	84.2706	43.8600	231	19	10	100566	0.63 
199.354	-0.9209	0.0815	1.0254	-0.2441	37.5366	-3.8452	-2.2522	41.5009	82.2437	43.8600	231	20	36	100566	0.63 
199.494	-1.0371	0.0205	1.0142	11.1084	-21.0571	-10.8643	-2.4335	43.3795	81.1670	43.8500	235	21	43	100566	0.63 
199.572	-0.6816	0.0122	0.9561	3.1128	-70.2515	5.6152	-1.4996	38.6829	81.7712	43.8500	233	27	35	100566	0.63 
199.697	-0.4414	-0.0264	0.6025	-0.3662	-99.7314	4.6997	-0.4175	30.1245	83.4521	43.8200	232	24	10	100565	0.63 
199.775	-0.3311	-0.0132	0.3740	2.9297	-94.1162	8.3008	0.1044	20.4785	84.4464	43.8100	220	21	-24	100565	0.63 
199.900	-0.2510	-0.0420	0.5298	4.5166	-12.3901	17.5781	0.8624	14.8315	85.2100	43.8000	214	19	-55	100564	0.64 
199.978	-0.5132	0.0176	1.0923	5.7373	-7.2632	11.4746	1.7194	15.2106	86.6272	43.8100	209	19	-64	100563	0.64 
200.103	-0.2437	0.0332	0.9751	-6.5308	-5.1880	19.0430	2.0599	14.7382	87.6544	43.8000	208	17	-63	100563	0.64 
200.197	-0.2695	0.0293	0.9819	-1.8311	-2.9907	8.9722	1.9501	14.3481	89.1046	43.8000	207	11	-64	100562	0.64 
200.322	-0.2871	0.0508	1.0322	0.0000	-3.7842	5.1270	1.9501	14.7162	89.4617	43.8000	211	8	-62	100562	0.64 
200.447	-0.2847	0.0127	1.0366	0.0000	1.5259	-3.1128	1.8842	14.6118	89.4672	43.8300	208	8	-61	100561	0.64 
200.494	-0.2100	0.0527	0.9849	-1.0376	0.2441	-3.1738	1.8237	14.5514	89.0552	43.8300	211	7	-60	100561	0.64 
200.619	-0.2632	0.0581	0.9849	-0.5493	1.9531	-4.2725	1.6589	14.7711	88.6542	43.8500	212	10	-58	100560	0.64 
200.759	-0.2607	0.0239	0.9951	-0.8545	0.3662	-1.5259	1.5930	14.9304	88.3740	43.8300	207	6	-61	100561	0.64 
200.791	-0.2676	0.0308	0.9854	0.0000	2.8687	-3.6011	1.4667	15.1227	87.9895	43.8400	211	10	-60	100561	0.64 
200.916	-0.2832	0.0454	0.9902	0.0000	1.5259	-2.1362	1.4227	15.3369	87.5940	43.8400	211	14	-59	100561	0.64 
201.010	-0.3003	0.0264	0.9834	0.0000	1.0376	-0.8545	1.3898	15.4688	87.4402	43.8500	209	12	-57	100561	0.64 
201.119