StartTime: 2017-07-12 15:53:07.203
Time(s)	ax(g)	ay(g)	az(g)	wx(deg/s)	wy(deg/s)	wz(deg/s)	AngleX(deg)	AngleY(deg)	AngleZ(deg)	T(°)	hx	hy	hz	Pressure(Pa)	Altitude(m) 
159.656	-1.1279	-0.0801	1.8696	-0.6714	-0.3662	0.1221	-2.0435	30.2618	159.2578	44.9100	-3	-255	197	100779	0.46 
159.812	-1.1147	-0.0698	1.8760	-0.1221	-0.6104	-0.9155	-2.0929	30.2893	159.1370	44.9100	-3	-253	194	100779	0.46 
159.891	-1.1143	-0.0698	1.8735	-0.1831	-0.5493	0.3662	-2.0984	30.1685	159.0710	44.9100	0	-253	194	100779	0.46 
160.016	-1.1016	-0.0669	1.8838	-0.1221	-0.9766	1.4038	-2.0544	30.1520	159.1150	44.9100	-3	-254	194	100779	0.46 
160.109	-1.1006	-0.0649	1.8706	-0.1221	-2.8687	2.2583	-1.9830	29.8718	159.1809	44.9100	0	-250	194	100779	0.45 
160.219	-1.0933	-0.0659	1.8701	-0.4883	-2.5024	4.0894	-1.8182	29.6356	159.4830	44.9200	-4	-250	191	100779	0.45 
160.312	-1.0859	-0.0459	1.8955	-0.5493	-2.0142	1.6479	-1.6864	29.5203	159.7961	44.9300	-7	-252	195	100779	0.46 
160.437	-1.0649	-0.0537	1.8755	0.4883	-2.9907	-1.8311	-1.6699	29.2896	159.8291	44.9100	-6	-250	190	100779	0.45 
160.529	-1.0894	-0.0430	1.8687	3.2349	-1.9531	-9.9487	-1.8896	29.1028	159.0216	44.9200	-3	-251	194	100779	0.45 
160.686	-1.0796	0.0083	1.8809	3.6011	-3.4180	-13.7939	-2.0764	28.8995	157.7362	44.9400	-1	-255	194	100779	0.45 
160.717	-1.0762	0.0181	1.8745	-5.0659	-3.1738	-9.3384	-2.6147	28.5315	156.6486	44.9300	0	-251	190	100780	0.45 
160.826	-1.0752	-0.0049	1.8779	-11.3525	-3.5400	-9.7656	-3.7573	28.2513	155.7751	44.9300	4	-252	190	100780	0.45 
160.936	-1.0732	0.0078	1.8623	-12.0850	-5.3711	-13.1226	-5.3284	27.8229	154.6216	44.9500	1	-249	188	100780	0.45 
161.045	-1.0430	-0.0156	1.8408	-12.0850	-4.4556	-21.6064	-7.0422	27.2900	153.0945	44.9400	5	-247	183	100780	0.45 
161.139	-1.0352	-0.0181	1.8145	-15.8691	-7.8125	-41.3208	-9.6570	26.3287	149.8700	44.9400	10	-238	185	100780	0.45 
161.248	-1.1006	0.1021	1.6553	-21.8506	-3.9673	-33.5083	-12.6398	25.1422	145.9918	44.9500	18	-229	175	100780	0.45 
161.451	-1.0918	0.0400	1.4331	-34.9121	11.9019	-3.7842	-15.3424	25.8948	144.8987	44.9300	22	-222	171	100780	0.45 
161.511	-0.9702	0.0879	1.4185	-51.2695	34.6680	-5.0049	-18.8965	29.1412	144.0857	44.9300	25	-213	170	100780	0.45 
161.535	-1.1572	-0.1831	1.2842	-75.5615	48.6450	-51.6357	-26.4990	32.7008	140.2954	44.9300	35	-195	161	100781	0.45 
161.691	-0.9536	-0.8218	2.4785	-150.3906	2.6855	-134.7656	-43.0389	28.7567	128.3203	44.8900	51	-163	151	100781	0.45 
161.738	-0.2358	-1.9692	0.5532	-304.4434	-185.0586	5.0049	-63.9734	14.7437	131.8579	44.8700	30	-98	132	100782	0.45 
161.910	-0.5820	-1.5991	0.7246	-144.8364	-18.0664	10.6812	-85.9021	12.6068	133.0060	44.8500	-10	-25	147	100783	0.45 
161.957	-0.8208	-0.5479	0.5933	-48.3398	-62.1338	52.6733	-94.3231	16.4685	128.7543	44.8300	-6	16	176	100783	0.45 
162.082	-1.0562	-0.5132	0.4790	26.3062	-9.5825	77.2705	-89.1266	23.2635	127.5458	44.8100	0	21	183	100784	0.45 
162.160	-1.2798	-1.2397	0.7949	34.7900	7.8735	73.6694	-83.1281	30.2454	124.6289	44.7800	13	8	167	100785	0.45 
162.316	-1.3496	-1.1797	0.8818	24.9634	12.2681	86.3647	-77.7338	35.9637	121.2177	44.7700	31	-8	117	100789	0.45 
162.478	-1.4717	-0.8535	0.8906	-6.2866	24.6582	38.9404	-76.4594	42.8247	116.5100	44.7500	48	-25	83	100792	0.44 
162.530	-1.3374	-0.8101	0.7529	-14.2822	-1.9531	-30.3345	-76.4758	42.3907	112.8955	44.7000	55	-27	93	100791	0.45 
162.678	-1.3066	-0.9785	0.7031	4.1504	-7.2021	-20.8740	-75.5475	39.0894	109.4733	44.6700	48	-21	97	100792	0.44 
162.762	-1.2925	-0.9907	0.7690	5.6763	-1.7700	8.7280	-73.3557	38.4796	106.7542	44.6700	44	-22	101	100792	0.44 
162.906	-1.3120	-0.9272	0.7974	-0.3662	-0.5493	8.4229	-71.3837	39.5892	104.4800	44.6700	43	-20	98	100792	0.44 
162.954	-1.3369	-0.9556	0.7622	-0.4272	-0.6714	-6.1646	-70.1367	39.5947	101.8158	44.6700	49	-19	100	100792	0.44 
163.141	-1.3174	-0.9648	0.7695	1.7700	-1.0986	-0.7324	-68.9392	39.2981	99.0967	44.6700	43	-20	98	100793	0.44 
163.156	-1.3145	-0.9521	0.7813	0.3052	-0.4272	0.4883	-67.6208	39.4574	96.7896	44.6800	45	-23	96	100793	0.44 
163.313	-1.3164	-0.9570	0.7749	0.4272	-0.3662	-1.8311	-66.5607	39.5618	94.5099	44.6800	45	-22	99	100793	0.44 
163.375	-1.3242	-0.9590	0.7710	1.2207	-0.7935	1.0376	-65.4840	39.6991	92.3401	44.7100	47	-22	102	100793	0.44 
163.582	-1.3110	-0.9595	0.7813	0.4883	-0.3662	-0.6104	-64.3634	39.8199	90.2802	44.7200	44	-23	106	100793	0.44 
163.582	-1.3130	-0.9614	0.7754	-0.2441	0.0610	0.0000	-63.5120	39.9847	88.2092	44.7200	43	-20	103	100793	0.44 
163.785	-1.3130	-0.9570	0.7739	0.4883	-0.2441	-0.1221	-62.6935	40.2045	86.2262	44.7300	44	-20	101	100793	0.44 
163.801	-1.3115	-0.9595	0.7778	0.9766	-0.4883	-0.6104	-61.8201	40.3802	84.4244	44.7300	43	-22	100	100794	0.44 
164.160	-1.3115	-0.9624	0.7803	0.4883	-0.1831	0.1221	-61.0510	40.5835	82.7106	44.7500	45	-20	97	100794	0.44 
164.269	-1.3105	-0.9556	0.7803	0.3662	-0.1831	-0.1221	-60.3424	40.8032	81.1340	44.7500	43	-24	99	100795	0.44 
164.457	-1.3096	-0.9590	0.7813	0.7324	-0.3662	0.1221	-59.6558	41.0339	79.6014	44.7700	42	-20	101	100795	0.44 
164.473	-1.3105	-0.9580	0.7793	0.3052	-0.2441	0.3052	-59.0021	41.2756	78.1897	44.7400	44	-22	99	100796	0.44 
164.538	-1.3130	-0.9600	0.7778	0.1831	-0.0610	0.6714	-58.4363	41.5448	76.9318	44.7600	44	-25	100	100795	0.44 
164.695	-1.3130	-0.9570	0.7793	0.4272	-0.3052	0.0610	-57.8815	41.8085	75.7123	44.7600	41	-22	99	100795	0.44 
164.804	-1.3115	-0.9590	0.7788	0.5493	-0.2441	0.0000	-57.3541	42.0227	74.4983	44.7600	44	-24	102	100796	0.44 
164.804	-1.3140	-0.9565	0.7773	0.4883	-0.3052	0.3052	-56.8707	42.2534	73.3942	44.7500	46	-24	103	100796	0.44 
165.179	-1.3130	-0.9585	0.7803	0.5493	-0.2441	-0.7324	-56.4258	42.4402	72.3450	44.7800	43	-27	104	100796	0.44 
165.179	-1.3081	-0.9580	0.7764	0.4272	-0.2441	0.0000	-56.0193	42.6160	71.3123	44.7600	43	-23	101	100795	0.44 
165.179	-1.3145	-0.9590	0.7783	0.4883	-0.3052	0.4883	-55.6018	42.8412	70.4443	44.7600	47	-25	103	100795	0.44 
165.257	-1.3115	-0.9609	0.7759	0.3052	-0.1831	0.0000	-55.2448	43.0334	69.5380	44.7800	45	-24	105	100795	0.44 
165.413	-1.3115	-0.9595	0.7778	0.5493	-0.3052	0.2441	-54.9042	43.2257	68.7140	44.7900	45	-21	105	100795	0.44 
165.492	-1.3115	-0.9585	0.7793	0.3052	-0.1831	0.1221	-54.5691	43.4070	67.8845	44.7900	44	-24	106	100795	0.44 
165.587	-1.3130	-0.9590	0.7793	0.3662	-0.2441	0.1221	-54.2780	43.5773	67.1539	44.7800	42	-28	105	100795	0.44 
165.649	-1.3145	-0.9595	0.7798	0.6714	-0.3662	-0.0610	-53.9923	43.7476	66.4618	44.7900	43	-24	102	100794	0.44 
165.759