StartTime: 2017-07-14 14:47:44.458
Time(s)	ax(g)	ay(g)	az(g)	wx(deg/s)	wy(deg/s)	wz(deg/s)	AngleX(deg)	AngleY(deg)	AngleZ(deg)	T(°)	hx	hy	hz	Pressure(Pa)	Altitude(m) 
339.928	-0.3960	0.0171	0.9448	-0.3662	-0.3662	0.4883	0.7031	22.4451	94.2407	45.0200	249	-13	-30	100552	0.64 
340.006	-0.4028	0.0146	0.9453	-0.4272	-0.5493	1.2817	0.7031	22.4670	94.2627	45.0200	245	-10	-32	100552	0.65 
340.131	-0.4033	0.0093	0.9448	-0.6104	-0.2441	0.7935	0.6866	22.4725	94.2902	45.0200	253	-9	-30	100552	0.65 
340.275	-0.4004	0.0117	0.9448	-0.5493	-0.6714	0.9155	0.6647	22.4561	94.2957	45.0300	250	-11	-34	100551	0.65 
340.337	-0.3979	0.0107	0.9453	-0.4272	-0.4272	0.3662	0.6207	22.4286	94.2462	45.0200	245	-9	-32	100551	0.65 
340.462	-0.4209	0.0127	0.9478	-0.7935	-0.8545	1.8921	0.6097	22.4066	94.2737	45.0400	248	-9	-27	100551	0.65 
340.540	-0.5332	0.0322	1.0029	-0.0610	-0.9155	0.0000	0.6976	22.6538	94.4330	45.0400	248	-12	-25	100551	0.65 
340.683	-0.3965	-0.0107	0.9004	-4.0283	-12.0239	7.0190	0.6537	21.5442	94.5978	45.0400	249	-9	-28	100551	0.65 
340.762	-0.4697	0.0005	0.9155	-2.7466	-14.7705	-1.7700	0.3735	20.5829	94.8230	45.0400	246	-12	-34	100551	0.65 
340.887	-0.4707	0.0435	0.9258	-4.4556	-17.1509	6.1646	0.3076	19.4183	95.0262	45.0500	244	-11	-43	100550	0.65 
340.965	-0.4722	0.0137	0.9004	-5.7373	-15.1978	2.5635	-0.0275	18.2813	95.3448	45.0400	240	-12	-44	100551	0.65 
341.090	-0.3911	-0.0117	0.8198	-6.7749	-24.8413	-2.3193	-0.4889	16.8750	95.4767	45.0400	234	-13	-50	100551	0.65 
341.168	-0.3667	0.0684	0.7485	-4.3945	-18.3716	3.5400	-0.7800	15.3424	95.0977	45.0400	230	-13	-62	100551	0.65 
341.297	-0.3091	0.0166	0.5938	-8.0566	-4.3945	14.4043	-0.5878	14.8975	96.0315	45.0300	227	-13	-66	100551	0.65 
341.375	-0.1572	0.0493	0.5073	-0.6104	-7.4463	-0.1831	-0.8679	14.9579	96.3885	45.0200	223	-17	-66	100551	0.65 
341.531	-0.0596	-0.0879	0.7847	-17.6392	-71.1670	-6.0425	-1.5820	11.3159	96.4819	45.0200	222	-15	-74	100551	0.65 
341.578	-0.5161	0.0708	0.7686	-47.0581	-191.8335	19.6533	-4.2297	-1.8127	97.6355	45.0100	199	-14	-102	100551	0.65 
341.703	1.4829	-0.8101	2.7090	-117.8589	-285.1563	54.6265	-13.5516	-21.0992	104.3866	45.0000	143	-6	-146	100552	0.64 
341.782	0.7773	-0.4922	0.3984	-127.0142	-291.1377	-3.4180	-32.8821	-44.7198	117.7515	44.9600	64	14	-179	100554	0.64 
341.922	0.6543	-0.6528	-0.4673	-34.4849	46.0815	55.2979	-67.2473	-53.0969	145.7391	44.9200	-15	53	-175	100555	0.64 
342.016	0.6909	-0.6631	-0.5591	-4.4556	-46.1426	-16.8457	-71.6473	-51.3776	148.3044	44.9100	-19	70	-170	100556	0.64 
342.110	0.9829	-0.5933	0.1660	36.6211	40.9546	-23.6816	-66.7255	-53.1573	144.4537	44.9000	-25	74	-167	100557	0.64 
342.204	0.9209	-0.7314	0.1558	35.8887	37.7197	-6.7749	-57.3376	-52.8662	137.1533	44.9200	-19	59	-171	100558	0.64 
342.360	0.7095	-0.4272	0.6240	62.0728	111.4502	-0.5493	-43.6981	-48.1201	125.5792	44.9000	-1	44	-180	100558	0.64 
342.438	0.3911	-0.2505	0.7764	22.0947	38.0249	-28.9307	-32.7228	-45.5878	116.5320	44.9200	23	31	-186	100559	0.64 
342.547	0.6641	-0.1348	0.6611	-11.4746	-22.8882	12.6953	-29.7125	-46.3733	112.9120	44.9100	29	26	-187	100559	0.64 
342.657	0.7974	-0.2871	0.4199	-5.3101	-23.5596	-15.1978	-31.8604	-48.7024	114.4720	44.9200	25	30	-188	100559	0.64 
342.781	0.9189	-0.3408	0.4595	-11.3525	-6.4087	10.4370	-33.8269	-50.2130	115.6256	44.8900	16	31	-190	100559	0.64 
342.860	0.7700	-0.4668	0.4858	1.4038	12.7563	4.3335	-35.2496	-49.5099	116.9385	44.9100	17	35	-186	100559	0.64 
342.985	0.7471	-0.4287	0.5615	7.1411	16.1133	-1.5869	-34.1895	-48.1476	116.1859	44.9300	20	34	-187	100560	0.64 
343.125	0.7119	-0.2935	0.5928	5.9814	10.8032	-3.7842	-32.3163	-47.1643	114.7852	44.9100	27	30	-188	100560	0.64 
343.203	0.7109	-0.2798	0.6963	-1.2207	-2.1973	-1.8311	-30.7397	-46.5051	113.4119	44.9000	30	29	-188	100560	0.64 
343.344	0.7441	-0.3540	0.5586	-4.0283	5.4321	3.4790	-31.1023	-46.8347	113.5272	44.9100	29	30	-185	100560	0.64 
343.407	0.7500	-0.3560	0.6108	-3.4790	-0.3662	1.9531	-31.3275	-46.4886	113.6041	44.9000	33	29	-188	100560	0.64 
343.613	0.7573	-0.3813	0.5791	0.4272	0.4272	-0.2441	-31.7670	-46.4667	114.0216	44.9100	28	32	-187	100560	0.64 
343.660	0.7427	-0.3516	0.5962	1.8311	4.5166	0.2441	-31.4648	-46.2140	113.9063	44.9100	32	32	-187	100560	0.64 
343.753	0.7012	-0.3247	0.6333	0.0610	3.6621	0.8545	-30.9924	-45.8075	113.5217	44.9000	33	30	-188	100559	0.64 
343.879	0.7227	-0.3369	0.6245	-0.3052	-1.1597	0.3052	-30.7782	-45.7031	113.3899	44.9100	34	31	-186	100559	0.64 
343.988	0.7466	-0.3555	0.6016	-1.3428	-1.3428	0.1831	-30.9595	-45.9009	113.5327	44.9200	33	33	-186	100560	0.64 
344.052	0.7412	-0.3574	0.6021	-0.1831	0.5493	0.3662	-31.0529	-45.9723	113.6426	44.9100	35	29	-188	100559	0.64 
344.192	0.7344	-0.3481	0.6099	-0.1221	-1.2207	0.2441	-31.0419	-45.9338	113.7030	44.9000	33	31	-186	100560	0.64 
344.286	0.7344	-0.3394	0.6104	0.0000	-2.1362	1.2207	-31.0748	-46.0382	113.8733	44.8900	32	29	-189	100560	0.64 
344.410	0.7314	-0.3496	0.6133	-0.9766	-1.0376	1.2207	-31.2012	-46.1646	114.0436	44.9000	35	31	-186	100560	0.64 
344.567	0.7437	-0.3511	0.6162	-0.4272	-0.5493	0.9155	-31.3440	-46.3074	114.2413	44.8900	34	31	-186	100560	0.64 
344.629	0.7583	-0.3545	0.5811	-0.6104	-1.9531	-0.1221	-31.6022	-46.4996	114.5544	44.9100	32	31	-187	100560	0.64 
344.707	0.7412	-0.3403	0.6040	-0.4883	-1.5259	1.2817	-31.7010	-46.5601	114.7083	44.9200	29	32	-187	100560	0.64 
344.832	0.7363	-0.3403	0.6006	-1.2207	-2.2583	1.5869	-31.8549	-46.6534	114.8730	44.8900	31	33	-186	100560	0.64 
345.006	0.7397	-0.3550	0.5835	-0.2441	-0.1831	0.6104	-32.0691	-46.7413	115.0818	44.9100	33	32	-187	100560	0.64 
345.068	0.7480	-0.3516	0.5986	0.0000	0.5493	-0.0610	-31.9757	-46.7249	114.9884	44.8900	31	32	-183	100560	0.64 
345.178	0.7427	-0.3481	0.5981	-0.2441	0.6714	0.3662	-31.8658	-46.6919	114.8950	44.9100	31	31	-189	100560	0.64 
345.256