StartTime: 2017-07-21 14:21:21.711
Time(s)	ChipTime	ax(g)	ay(g)	az(g)	wx(deg/s)	wy(deg/s)	wz(deg/s)	AngleX(deg)	AngleY(deg)	AngleZ(deg)	T(°)	hx	hy	hz	Pressure(Pa)	Altitude(m) 
19.984	2015-01-01 00:01:37.520	-0.0439	0.0371	1.0200	-0.0610	0.8545	-1.5869	1.8402	1.8073	62.6825	46.5400	425	188	-264	100834	0.41 
20.015	2015-01-01 00:01:37.560	-0.0469	0.0254	1.0146	0.1831	0.0610	-1.6479	1.8347	1.8402	62.6660	46.4900	423	186	-265	100834	0.41 
20.062	2015-01-01 00:01:37.600	-0.0454	0.0376	1.0264	-0.1221	0.6714	-1.0986	1.8347	1.8787	62.6715	46.5400	421	185	-266	100834	0.41 
20.093	2015-01-01 00:01:37.640	-0.0400	0.0356	1.0190	-0.3052	-0.2441	-0.1831	1.8347	1.8896	62.7045	46.6800	422	185	-266	100834	0.41 
20.155	2015-01-01 00:01:37.680	-0.0483	0.0317	1.0142	0.0000	0.1831	-0.2441	1.8292	1.9061	62.7484	46.5400	422	184	-265	100834	0.41 
20.187	2015-01-01 00:01:37.720	-0.0518	0.0269	1.0205	0.0000	0.7324	-1.3428	1.8182	1.9501	62.7649	46.3500	422	185	-265	100834	0.41 
20.218	2015-01-01 00:01:37.760	-0.0557	0.0322	1.0146	0.4272	0.4272	-0.1221	1.8237	1.9940	62.7649	46.5900	425	186	-267	100834	0.41 
20.249	2015-01-01 00:01:37.800	-0.0371	0.0347	0.9951	0.4883	1.6479	2.9297	1.8512	2.0435	62.8857	46.5900	426	184	-270	100834	0.41 
20.296	2015-01-01 00:01:37.840	-0.0405	0.0874	1.0557	5.1270	0.0000	6.8359	2.0270	2.0874	63.1055	46.4900	427	183	-273	100833	0.41 
20.359	2015-01-01 00:01:37.880	-0.0366	0.0952	1.0029	5.7373	0.0000	12.3291	2.3291	2.0435	63.5339	46.4900	428	183	-270	100833	0.41 
20.390	2015-01-01 00:01:37.920	-0.0264	0.0889	1.0464	6.5308	-2.4414	12.1460	2.6642	1.9830	64.0448	46.7300	424	184	-271	100833	0.41 
20.421	2015-01-01 00:01:37.960	0.0059	0.0703	0.9888	2.8076	-6.5918	3.7842	2.8839	1.7249	64.3414	46.3500	422	185	-272	100833	0.41 
20.452	2015-01-01 00:01:38.000	0.0044	0.1274	0.9951	-0.4272	-1.9531	-2.1362	3.0048	1.5106	64.2920	46.5400	419	184	-269	100833	0.41 
20.499	2015-01-01 00:01:38.040	-0.0171	0.1528	1.0161	-1.8921	-1.4648	8.5449	3.0707	1.4337	64.3799	46.5400	418	183	-265	100833	0.41 
20.562	2015-01-01 00:01:38.080	-0.0103	0.1382	1.0063	-1.1597	-0.4272	17.2119	3.1366	1.3348	64.8578	46.5400	417	183	-261	100833	0.41 
20.593	2015-01-01 00:01:38.120	-0.0342	0.1367	1.0127	2.5024	3.0518	22.8882	3.3069	1.3513	65.6433	46.3900	417	183	-262	100833	0.41 
20.640	2015-01-01 00:01:38.160	-0.0454	0.1060	1.0244	3.1128	0.8545	17.3950	3.5266	1.4282	66.3684	46.5400	418	182	-265	100833	0.41 
20.671	2015-01-01 00:01:38.200	-0.0249	0.0889	0.9727	2.1362	2.9907	11.4746	3.6859	1.4557	66.8298	46.5400	413	185	-264	100833	0.41 
20.718	2015-01-01 00:01:38.240	-0.0488	0.0864	1.0249	0.1831	3.1128	9.0942	3.7573	1.5765	67.1155	46.4900	413	185	-264	100833	0.41 
20.796	2015-01-01 00:01:38.280	-0.0762	0.0264	1.0020	-1.5869	4.2725	4.5166	3.7408	1.7468	67.2968	46.5400	411	182	-265	100833	0.41 
20.812	2015-01-01 00:01:38.320	-0.0625	-0.0259	1.0947	-4.8828	2.9297	-3.8452	3.5321	1.9720	67.2748	46.3500	410	181	-266	100833	0.41 
20.843	2015-01-01 00:01:38.360	-0.0127	-0.0664	0.9805	-5.9204	-1.0986	-13.3667	3.1091	1.9611	66.8958	46.4900	412	183	-267	100833	0.41 
20.874	2015-01-01 00:01:38.400	0.0000	-0.0298	1.0420	-3.9673	3.9063	-11.7188	2.7576	2.0380	66.3904	46.5900	412	186	-267	100834	0.41 
20.921	2015-01-01 00:01:38.440	0.0469	-0.0249	1.0391	-4.8218	-0.7935	-7.6904	2.4884	1.9720	66.0498	46.5900	413	189	-267	100833	0.41 
20.968	2015-01-01 00:01:38.480	0.0322	-0.0024	1.0474	-6.6528	-1.4038	-8.2397	2.1698	1.8732	65.7257	46.4900	414	187	-269	100833	0.41 
21.000	2015-01-01 00:01:38.520	0.0181	-0.0151	0.9814	-6.9580	1.6479	-9.1553	1.8073	1.8073	65.3796	46.6800	416	186	-268	100834	0.41 
21.062	2015-01-01 00:01:38.560	-0.0322	-0.0273	1.0327	-6.2866	5.1880	-9.5215	1.4722	2.0105	65.0226	46.3900	417	186	-268	100833	0.41 
21.094	2015-01-01 00:01:38.600	-0.0015	-0.0371	0.9727	-7.0801	2.6245	-8.6060	1.0986	2.0654	64.7424	46.6800	418	188	-268	100834	0.41 
21.125	2015-01-01 00:01:38.640	0.0283	-0.0547	1.0103	-3.4180	0.8545	-9.8267	0.7800	2.1259	64.4238	46.7300	416	189	-271	100834	0.41 
21.171	2015-01-01 00:01:38.680	0.1079	-0.0640	0.9517	-1.7090	0.0000	-9.9487	0.5658	1.9281	64.0997	46.4900	415	191	-272	100834	0.41 
21.218	2015-01-01 00:01:38.720	0.0654	-0.0176	1.0195	0.4883	4.1504	-5.0659	0.4779	1.9336	63.8800	46.5900	420	192	-272	100834	0.41 
21.249	2015-01-01 00:01:38.760	0.0874	-0.0205	0.9692	2.9297	2.6855	2.8687	0.5273	1.8732	63.9404	46.3900	422	195	-271	100834	0.41 
21.280	2015-01-01 00:01:38.800	0.0562	-0.1069	1.0322	3.8452	4.2114	-2.4414	0.5603	1.9006	64.0613	46.5400	424	196	-271	100834	0.41 
21.327	2015-01-01 00:01:38.840	0.0947	-0.0669	0.9126	5.1880	-0.3662	-1.5259	0.6097	1.7688	64.0887	46.5900	424	196	-272	100834	0.41 
21.374	2015-01-01 00:01:38.880	0.0488	-0.0195	0.8301	7.8735	5.3711	3.4790	0.8130	1.7029	64.1986	46.5400	420	196	-269	100834	0.41 
21.421	2015-01-01 00:01:38.920	0.0039	-0.0669	0.9229	14.5874	-1.0376	7.0190	1.1755	1.8237	64.5117	46.6800	416	196	-268	100834	0.41 
21.468	2015-01-01 00:01:38.960	0.1318	-0.0728	0.7964	19.9585	-23.0103	8.3618	1.7468	1.0272	64.8798	46.8300	416	194	-269	100834	0.41 
21.499	2015-01-01 00:01:39.000	0.1680	-0.0845	0.7539	21.9116	-17.4561	5.2490	2.4005	-0.1099	65.2423	46.6800	413	194	-270	100834	0.41 
21.531	2015-01-01 00:01:39.040	0.2397	-0.1123	0.8779	22.2778	-39.9780	5.9204	3.0872	-1.4996	65.4895	46.7300	410	194	-272	100834	0.41 
21.609	2015-01-01 00:01:39.080	0.0620	0.0752	0.7368	6.1646	-13.3057	0.5493	3.6639	-3.2025	65.6818	46.6800	409	189	-265	100834	0.41 
21.640	2015-01-01 00:01:39.120	-0.7720	0.6631	1.0845	6.6528	60.7910	29.7852	3.9496	-1.0052	65.8246	46.6800	406	189	-261	100834	0.41 
21.656	2015-01-01 00:01:39.160	-0.2314	0.3652	1.8267	5.3101	12.5732	23.0103	4.7131	0.5164	66.5826	46.5900	408	193	-261	100834	0.41 
21.702	2015-01-01 00:01:39.200	-0.2817	-0.0605	1.6924	-5.2490	0.7935	-25.5127	4.4714	1.2579	66.7914	46.7300	406	194	-261	100834	0.41 
21.734	2015-01-01 00:01:39.240	-0.0044	0.2500	1.4282	22.4609	6.2256	1.5869	4.9713	1.1646	65.7697	46.5400	405	193	-260	100834	0.41 
21.812	2015-01-01 00:01:39.280	-0.0498	0.2051	0.9038	33.6304	-5.8594	9.0942	6.3721	1.1151	66.1816	46.5900	403	192	-260	100835	0.41 
21.827	2015-01-01 00:01:39.320	-0.0049	-0.0513	0.7534	27.9541	12.0239	-19.4702	7.4652	1.2305	65.7861	46.5400	405	189	-256	100834	0.41 
21.874	2015-01-01 00:01:39.360	-0.0957	0.2588	0.8027	20.6909	13.4888	-21.1792	8.4210	2.0105	64.8688	46.3900	409	187	-253	100834	0.41 
21.906	2015-01-01 00:01:39.400	-0.0317	0.3892	0.8862	0.6104	8.7891	-7.3242	9.1516	2.5433	64.1492	46.6800	410	186	-252	100835	0.41 
21.952	2015-01-01 00:01:39.440	-0.0156	0.2051	0.8647	-14.6484	1.0376	5.4321	9.0033	2.6312	64.0778	46.8300	413	184	-251	100835	0.41 
22.015	2015-01-01 00:01:39.480	-0.0542	0.1523	0.8193	-23.1323	-6.7139	6.4087	8.2837	2.4774	64.2590	46.6800	417	184	-248	100835	0.41 
22.046	2015-01-01 00:01:39.520	0.0239	0.0527	0.6182	-25.6958	-18.7988	-11.1694	7.2675	1.9281	64.0613	46.3500	419	185	-245	100835	0.41 
22.093	2015-01-01 00:01:39.560	0.0796	0.1006	0.6123	-21.8506	-5.7373	-28.5034	6.3062	1.2195	63.1000	46.6800	416	187	-246	100835	0.41 
22.125	2015-01-01 00:01:39.600	-0.0859	0.2876	1.0122	-19.8975	0.6714	-6.6528	5.6525	1.3513	62.3254	46.6800	414	189	-251	100835	0.41 
22.156	2015-01-01 00:01:39.640	0.0112	0.2173	0.8599	-17.4561	-22.3999	-6.4697	5.0592	0.8295	61.9739	46.5900	414	194	-254	100835	0.41 
22.219	2015-01-01 00:01:39.680	0.0503	0.1855	0.7061	-9.3994	-22.0947	-3.9673	4.7791	-0.0494	61.5948	46.5900	411	198	-257	100836	0.41 
22.250	2015-01-01 00:01:39.720	-0.0859	0.1587	0.9668	0.9155	8.3618	-5.6152	4.8395	-0.4504	61.4191	46.8700	407	200	-261	100835	0.41 
22.312	2015-01-01 00:01:39.760	-0.3511	-0.0601	1.8311	20.9961	40.8325	9.0942	5.0812	0.8899	61.2982	46.4900	406	200	-262	100835	0.41 
22.344	2015-01-01 00:01:39.800	-0.3354	-0.3755	2.1704	8.9111	34.0576	-14.5874	5.3174	1.7633	61.8311	46.4900	407	200	-262	100836	0.41 
22.390	2015-01-01 00:01:39.840	0.2002	-0.0352	1.2266	-1.2207	-73.4863	4.5166	5.4108	1.0162	61.4630	46.8700	410	202	-260	100836	0.41 
22.422	2015-01-01 00:01:39.880	0.1333	0.2378	1.0625	-13.7329	19.8975	-38.5132	5.2295	0.0494	60.5237	46.8300	413	203	-260	100836	0.41 
22.453	2015-01-01 00:01:39.920	-0.0952	0.0054	0.9067	-23.3765	5.5542	1.2817	4.4110	0.7581	59.8041	46.6800	413	204	-259	100836	0.41 
22.484	2015-01-01 00:01:39.960	-0.1001	-0.0195	0.8164	-21.6675	9.3994	9.7046	3.4058	1.2250	60.2600	46.5900	413	205	-259	100836	0.41 
22.546	2015-01-01 00:01:40.000	-0.1074	-0.2065	0.8101	-5.6152	4.7607	-1.2817	2.5269	1.6919	60.5237	46.7300	413	208	-260	100836	0.41 
22.593	2015-01-01 00:01:40.040	-0.0215	-0.1230	0.9409	19.7144	-35.8276	0.8545	2.6367	1.0931	60.7214	46.3900	413	208	-259	100836	0.41 
22.624	2015-01-01 00:01:40.080	0.1304	-0.1523	0.5342	26.6113	-36.9263	-22.0337	3.2080	-0.9778	60.3973	46.6800	411	208	-257	100836	0.41 
22.656	2015-01-01 00:01:40.120	-0.0122	0.0010	0.7124	24.2920	-20.3247	-17.4561	4.1748	-1.7523	59.6393	46.7300	410	205	-253	100836	0.41 
22.687	2015-01-01 00:01:40.160	0.1216	0.0376	0.6978	17.2729	-10.4980	-26.0620	4.8450	-2.5214	58.8153	46.5400	409	206	-251	100836	0.41 
22.734	2015-01-01 00:01:40.200	0.2280	0.0928	0.8325	13.0615	-19.1040	-16.0522	5.5536	-3.2520	57.9803	46.7300	407	203	-249	100836	0.41 
22.796	2015-01-01 00:01:40.240	-0.0532	0.3076	1.0239	-7.2632	29.3579	15.0146	5.9766	-3.5541	58.1616	46.7300	406	203	-245	100836	0.41 
22.843	2015-01-01 00:01:40.280	-0.5234	0.4497	1.4233	-17.0288	29.4189	35.0342	5.4657	-1.8182	59.4470	46.5400	405	203	-245	100836	0.41 
22.874	2015-01-01 00:01:40.320	-0.1279	-0.0020	1.5688	10.8032	13.3057	-5.7983	5.3778	-0.8624	59.7217	46.6800	408	205	-245	100836	0.41 
22.906	2015-01-01 00:01:40.360	-0.1943	0.2534	1.7051	2.8076	-21.3013	-39.7339	5.4877	0.0769	58.7659	46.8700	407	202	-245	100837	0.41 
22.953	2015-01-01 00:01:40.400	0.1284	0.2632	1.1631	23.6206	3.2349	12.3901	6.4435	-0.6866	58.1561	46.6800	409	203	-245	100837	0.41 
23.031	2015-01-01 00:01:40.440	-0.0215	0.0435	0.8804	15.9302	5.0659	2.9297	7.1906	-0.4999	58.6725	46.5400	411	202	-242	100837	0.41 
23.078	2015-01-01 00:01:40.480	-0.0518	0.1499	0.7813	9.5825	10.9863	-6.8359	7.6245	-0.0330	58.6285	46.7300	411	205	-242	100837	0.41 
23.109	2015-01-01 00:01:40.520	-0.0415	0.3149	0.7456	0.9766	10.9863	6.1035	8.1024	0.4834	58.5681	46.6800	413	204	-240	100837	0.41 
23.109	2015-01-01 00:01:40.560	0.0020	0.2266	0.7900	-12.5732	6.9580	11.7188	8.1024	0.8020	59.0021	46.8300	417	199	-239	100837	0.41 
23.156	2015-01-01 00:01:40.600	-0.0356	0.1138	0.6997	-16.7847	-2.2583	8.6060	7.5916	0.8185	59.4305	46.5400	416	198	-237	100838	0.41 
23.234	2015-01-01 00:01:40.640	-0.0093	0.0566	0.5713	-18.3716	-8.7280	-0.4883	6.8610	0.6152	59.6118	46.7300	415	200	-238	100838	0.41 
23.249	2015-01-01 00:01:40.680	0.1187	0.1909	0.6611	-28.8086	-13.0005	-10.6812	5.9875	-0.0549	59.2493	46.8300	418	198	-236	100838	0.41 
23.281	2015-01-01 00:01:40.720	-0.0264	0.5488	1.0156	-12.0239	5.7983	27.0386	5.7019	-0.1758	59.4690	46.6800	419	197	-235	100838	0.41 
23.343	2015-01-01 00:01:40.760	0.1196	0.2378	0.9658	-18.1274	-21.7285	61.3403	5.4163	-0.6921	61.4795	46.6800	414	203	-239	100838	0.41 
23.359	2015-01-01 00:01:40.800	0.0903	-0.1826	0.7886	1.4648	-5.6763	20.3247	4.8010	-1.8567	63.1714	46.5900	411	207	-243	100838	0.41 
23.437	2015-01-01 00:01:40.840	-0.3115	-0.1553	1.4639	10.4980	11.9629	-2.6855	5.0867	-0.9998	63.4186	46.9200	409	209	-244	100838	0.41 
23.499	2015-01-01 00:01:40.880	-0.2061	-0.0684	1.8882	15.4419	-4.0283	10.3760	5.5536	-0.4779	63.7207	46.5900	406	211	-245	100838	0.41 
23.499	2015-01-01 00:01:40.920	-0.4106	-0.2051	1.6860	-1.3428	-48.0957	-7.2632	5.8063	0.0824	63.5229	46.6800	406	210	-240	100839	0.41 
23.531	2015-01-01 00:01:40.960	0.4097	0.2041	0.9932	-8.5449	-10.8032	-39.6118	5.3394	-1.8622	62.4408	46.6800	405	209	-238	100839	0.41 
23.609	2015-01-01 00:01:41.000	-0.1616	0.1885	0.8716	-10.7422	28.8696	-14.7705	5.3174	-1.0767	61.2213	46.5900	403	213	-239	100839	0.40 
23.640	2015-01-01 00:01:41.040	-0.0718	-0.0542	0.9268	-11.9019	18.9209	13.1226	4.7076	0.1648	61.4465	46.6800	407	212	-237	100839	0.41 
23.656	2015-01-01 00:01:41.080	-0.0845	-0.1387	0.6904	-6.7139	13.6719	2.2583	4.0649	0.7251	61.9629	46.9200	411	213	-237	100839	0.40 
23.734	2015-01-01 00:01:41.120	-0.0747	-0.1191	0.8408	6.8359	2.1362	-17.0898	3.6859	1.3623	61.6992	46.6800	411	213	-238	100839	0.40 
23.734	2015-01-01 00:01:41.160	0.0332	0.0020	0.8003	16.4795	-22.2168	-19.4702	4.0430	0.8020	60.9686	46.5900	412	211	-236	100839	0.40 
23.781	2015-01-01 00:01:41.200	0.0786	0.0708	0.4595	13.9160	-22.3999	-9.4604	4.7021	-0.3296	60.3259	46.6800	414	210	-234	100839	0.40 
23.843	2015-01-01 00:01:41.240	-0.0620	-0.0459	0.6460	3.2959	11.2305	-14.4043	5.0043	-0.3735	60.0293	46.8300	411	210	-233	100839	0.40 
23.859	2015-01-01 00:01:41.280	-0.0186	-0.2021	1.1689	13.1226	-25.6958	-46.8140	4.9933	-0.3900	58.8702	46.7300	410	210	-233	100839	0.40 
23.906	2015-01-01 00:01:41.320	0.2964	0.0518	0.5928	11.1084	-34.6680	-18.1885	5.3394	-2.1478	57.5079	46.6800	411	211	-234	100839	0.40 
23.937	2015-01-01 00:01:41.360	0.0693	0.4121	0.8550	7.9956	32.1045	23.6206	6.1359	-2.5543	57.8265	46.6800	416	207	-231	100840	0.40 
23.984	2015-01-01 00:01:41.400	-0.5117	0.0781	1.6465	10.3760	27.8931	12.7563	6.7621	-0.8844	59.1339	46.7300	421	203	-231	100839	0.40 
24.046	2015-01-01 00:01:41.440	-0.6147	0.6484	2.3262	0.0000	31.5552	-53.9551	6.7621	0.8624	57.6892	46.6800	424	203	-231	100840	0.40 
24.078	2015-01-01 00:01:41.480	0.1812	0.8291	1.2695	0.3052	-59.0820	11.2915	7.2839	-0.3900	56.5302	46.4900	427	204	-225	100840	0.40 
24.109	2015-01-01 00:01:41.520	0.0845	-0.2046	1.1069	5.6763	10.8643	40.6494	7.3499	-1.6754	58.0353	46.6800	424	204	-222	100840	0.40 
24.140	2015-01-01 00:01:41.560	-0.0664	0.1050	0.8657	5.6152	-12.4512	-3.8452	7.3224	-1.6754	58.7878	46.6800	424	203	-223	100840	0.40 
24.187	2015-01-01 00:01:41.600	-0.0034	0.2437	0.6650	8.2397	-2.7466	0.6714	7.7838	-1.8842	58.6011	46.8300	420	201	-221	100840	0.40 
24.250	2015-01-01 00:01:41.640	-0.0518	0.2432	0.7432	-1.8311	7.2021	4.8828	8.2013	-1.6974	58.7384	46.5900	416	199	-223	100841	0.40 
24.281	2015-01-01 00:01:41.680	0.0024	0.2319	0.7646	-16.6016	-10.4980	12.4512	7.9980	-1.7468	59.0240	46.5900	417	199	-223	100841	0.40 
24.328	2015-01-01 00:01:41.720	-0.0356	0.1084	0.6001	-29.7241	8.4229	15.2588	7.0862	-1.8512	59.5789	46.7300	416	201	-224	100841	0.40 
24.359	2015-01-01 00:01:41.760	0.0054	0.1187	0.5913	-27.4048	8.4839	10.3149	5.9985	-1.5820	60.1666	46.7300	414	195	-224	100841	0.40 
24.421	2015-01-01 00:01:41.800	-0.1055	0.2271	1.0347	-7.8125	0.8545	22.5830	5.4987	-0.9668	60.5896	46.6800	414	194	-224	100841	0.40 
24.453	2015-01-01 00:01:41.840	0.2080	0.0874	0.7954	-20.7520	-17.5781	25.0854	4.9384	-1.9446	61.7157	46.8700	414	201	-226	100841	0.40 
24.515	2015-01-01 00:01:41.880	0.1860	0.1382	0.8760	-7.6904	8.2397	-12.2681	4.4824	-2.2632	61.9464	46.7300	412	201	-229	100841	0.40 
24.515	2015-01-01 00:01:41.920	-0.1406	-0.0806	1.0903	8.6670	29.1748	-48.2788	4.3506	-1.6260	60.7599	46.7300	412	201	-231	100841	0.40 
24.562	2015-01-01 00:01:41.960	-0.3013	0.0063	1.3911	7.0801	22.6440	-19.1040	4.7626	-0.2472	59.4635	46.7300	414	207	-227	100841	0.40 
24.625	2015-01-01 00:01:42.000	-0.6006	-0.5322	2.6992	30.1514	16.4795	-13.6108	5.2405	1.3513	59.4635	46.8300	419	207	-226	100841	0.40 
24.656	2015-01-01 00:01:42.040	0.1021	0.0908	0.8667	1.3428	-59.8755	-13.1836	5.7678	0.0769	59.3756	46.7300	422	208	-222	100842	0.40 
24.687	2015-01-01 00:01:42.080	0.1035	0.2153	0.9424	-11.8408	30.2124	-47.7905	5.6415	0.0000	57.7991	46.8300	423	207	-222	100842	0.40 
24.750	2015-01-01 00:01:42.120	-0.1265	0.1450	0.9702	-7.9346	19.4702	-6.1646	5.2350	1.0931	56.8817	46.9200	425	206	-223	100842	0.40 
24.765	2015-01-01 00:01:42.160	-0.1265	0.0708	0.9136	-15.3809	0.3662	26.6113	5.0043	1.4722	57.6837	46.7300	425	207	-222	100842	0.40 
24.828	2015-01-01 00:01:42.200	-0.1606	-0.1533	0.9033	-15.3809	8.1177	20.2637	4.0649	1.6479	58.8153	46.7300	422	209	-223	100842	0.40 
24.859	2015-01-01 00:01:42.240	-0.0864	-0.0947	1.1836	-6.2256	-24.7192	33.3252	3.3948	1.4282	59.9634	46.8700	425	208	-225	100842	0.40 
24.906	2015-01-01 00:01:42.280	-0.0801	-0.2036	1.0142	0.9155	-8.5449	14.1602	3.1311	0.4559	61.1719	46.6800	425	207	-227	100842	0.40 
24.937	2015-01-01 00:01:42.320	-0.2485	0.0610	1.0664	-11.3525	-22.0337	2.6245	2.7136	0.2802	61.3971	46.7300	422	207	-227	100842	0.40 
24.968	2015-01-01 00:01:42.360	-0.0557	-0.0811	0.9136	-6.1646	-13.3667	3.1128	2.2083	-0.2472	61.5509	46.7300	420	208	-227	100842	0.40 
25.031	2015-01-01 00:01:42.400	-0.0239	0.1016	1.0225	-4.0283	-20.2026	-3.1738	2.0544	-0.9613	61.4850	46.6800	418	210	-229	100842	0.40 
25.094	2015-01-01 00:01:42.440	-0.0562	0.1274	0.9565	-6.8970	-12.5122	4.3335	1.9336	-1.4996	61.4685	46.9200	415	207	-229	100842	0.40 
25.109	2015-01-01 00:01:42.480	0.0127	0.0186	1.0342	3.1128	-11.8408	9.4604	1.8787	-1.9281	61.7542	47.0200	413	205	-228	100842	0.40 
25.140	2015-01-01 00:01:42.520	-0.0156	0.0708	1.0269	5.3101	-8.0566	13.7939	2.1094	-2.3346	62.2101	46.7300	410	207	-228	100842	0.40 
25.187	2015-01-01 00:01:42.560	-0.0566	0.0942	1.0259	2.3193	4.5166	0.6104	2.3126	-2.2412	62.4628	46.6800	410	207	-230	100842	0.40 
25.266	2015-01-01 00:01:42.600	-0.0127	0.1274	1.0454	3.4790	-3.4180	-0.5493	2.4994	-2.0435	62.3364	46.6800	412	207	-228	100842	0.40 
25.266	2015-01-01 00:01:42.640	0.0381	0.0967	0.9678	4.6387	-3.9673	12.2070	2.7631	-2.2028	62.5507	46.8300	412	206	-227	100842	0.40 
25.328	2015-01-01 00:01:42.680	0.0439	0.0688	0.9873	4.6387	5.2490	9.6436	2.9608	-2.2412	63.0396	46.6800	411	206	-230	100842	0.40 
25.359	2015-01-01 00:01:42.720	-0.0327	0.0293	1.0479	2.6855	4.9438	-0.3662	3.0817	-1.9226	63.1769	46.5900	407	208	-229	100842	0.40 
25.406	2015-01-01 00:01:42.760	-0.0171	0.0649	1.0156	0.9155	2.5024	-4.7607	3.1421	-1.7194	62.9901	46.8700	407	207	-230	100842	0.40 
25.469	2015-01-01 00:01:42.800	0.0112	0.0684	1.0059	0.5493	2.2583	-2.1362	3.1860	-1.5820	62.8088	46.6800	408	210	-228	100842	0.40 
25.469	2015-01-01 00:01:42.840	0.0146	0.0684	1.0010	0.6714	5.5542	-4.2114	3.2410	-1.4172	62.6605	46.8300	408	210	-225	100843	0.40 
25.532	2015-01-01 00:01:42.880	0.0073	0.0815	1.0015	0.3662	9.0942	-5.9814	3.3014	-1.1041	62.4353	46.9200	409	209	-223	100843	0.40 
25.563	2015-01-01 00:01:42.920	-0.0059	0.0571	1.0234	1.0376	11.0474	-9.7046	3.3398	-0.6482	62.1167	46.5900	409	208	-228	100843	0.40 
25.594	2015-01-01 00:01:42.960	0.0034	0.0796	1.0361	-1.5869	9.8267	-10.4370	3.3398	-0.2087	61.7157	46.6800	411	207	-227	100843	0.40 
25.640	2015-01-01 00:01:43.000	0.0005	0.0776	1.0190	-0.1221	5.9204	-9.1553	3.3289	0.0989	61.3367	46.8700	412	206	-226	100843	0.40 
25.672	2015-01-01 00:01:43.040	-0.0273	0.0537	1.0166	0.2441	5.1880	-8.2397	3.3398	0.3516	61.0236	46.8700	411	207	-225	100842	0.40 
25.735	2015-01-01 00:01:43.080	-0.0181	0.0708	1.0298	-0.4883	4.8828	-9.9487	3.3289	0.5988	60.6885	46.8700	412	208	-226	100842	0.40 
25.766	2015-01-01 00:01:43.120	-0.0127	0.0796	1.0405	-0.2441	2.1973	-7.2021	3.3234	0.7526	60.3809	46.9200	417	208	-224	100843	0.40 
25.843	2015-01-01 00:01:43.160	-0.0049	0.0728	1.0137	0.0610	0.1831	-2.2583	3.3453	0.7581	60.2490	46.6800	418	208	-225	100842	0.40 
25.875	2015-01-01 00:01:43.200	-0.0005	0.0620	1.0146	-0.0610	1.4038	-1.7090	3.3344	0.7581	60.2325	46.8700	419	208	-222	100842	0.40 
25.890	2015-01-01 00:01:43.240	-0.0151	0.0659	1.0254	-0.5493	-4.3335	0.5493	3.3179	0.6921	60.2435	46.8300	420	210	-224	100842	0.40 
25.937	2015-01-01 00:01:43.280	-0.0337	0.0522	1.0342	-0.3052	-1.0376	1.5259	3.2904	0.6097	60.3094	46.8700	420	210	-222	100842	0.40 
25.968	2015-01-01 00:01:43.320	-0.0278	0.0562	1.0249	0.1221	-5.3101	3.6011	3.2849	0.4944	60.4578	46.8700	420	209	-223	100842	0.40 
26.015	2015-01-01 00:01:43.360	-0.0215	0.0483	1.0229	0.8545	-4.1504	1.7700	3.3069	0.3186	60.6006	46.7300	417	206	-226	100842	0.40 
26.079	2015-01-01 00:01:43.400	-0.0005	0.0376	1.0151	-0.1831	-5.5542	0.1221	3.2904	0.1208	60.6665	46.8700	414	205	-226	100842	0.40 
26.110	2015-01-01 00:01:43.440	0.0000	0.0542	1.0005	-0.9155	-3.6621	-0.7935	3.2410	-0.0604	60.6720	46.7300	413	205	-226	100842	0.40 
26.141	2015-01-01 00:01:43.480	0.0049	0.0591	1.0122	-1.0376	-1.8921	0.0610	3.2080	-0.1703	60.6940	46.6800	414	206	-223	100842	0.40 
26.172	2015-01-01 00:01:43.520	-0.0161	0.0454	1.0103	-0.4883	0.1221	2.7466	3.1750	-0.1758	60.7874	46.9200	415	210	-220	100842	0.40 
26.250	2015-01-01 00:01:43.560	-0.0127	0.0444	1.0298	-0.6104	0.2441	1.8311	3.1366	-0.1373	60.9082	46.7300	417	210	-218	100842	0.40 
26.297	2015-01-01 00:01:43.600	-0.0137	0.0381	1.0112	-0.2441	0.4883	0.3052	3.0981	-0.1099	60.9796	46.9200	415	209	-224	100842	0.40 
26.297	2015-01-01 00:01:43.640	-0.0083	0.0449	1.0215	-0.0610	-0.0610	-0.3052	3.0707	-0.0879	61.0126	46.8700	415	208	-227	100842	0.40 
26.344	2015-01-01 00:01:43.680	-0.0039	0.0356	1.0234	0.1221	0.3662	-1.5869	3.0597	-0.0659	61.0126	46.8300	415	207	-226	100842	0.40 
26.375	2015-01-01 00:01:43.720	-0.0015	0.0386	1.0068	-0.3662	0.1831	-3.0518	3.0432	-0.0549	60.9467	46.8700	417	207	-227	100842	0.40 
26.453	2015-01-01 00:01:43.760	-0.0093	0.0493	1.0195	-1.0376	0.8545	-3.3569	3.0103	-0.0055	60.8533	46.8700	417	210	-228	100842	0.40 
26.484	2015-01-01 00:01:43.800	0.0049	0.0464	1.0249	-1.3428	3.3569	-1.6479	2.9498	0.0549	60.8038	47.0200	416	210	-230	100842	0.40 
26.515	2015-01-01 00:01:43.840	0.0005	0.0273	1.0259	-1.2207	0.0610	-1.8311	2.8839	0.1154	60.7819	46.8700	416	210	-228	100842	0.40 
26.547	2015-01-01 00:01:43.880	-0.0171	0.0322	1.0205	-1.2817	2.9297	-3.2349	2.7905	0.2142	60.6995	47.0700	410	208	-228	100842	0.40 
26.594	2015-01-01 00:01:43.920	0.0029	0.0356	1.0112	-0.6714	-0.2441	-2.7466	2.7356	0.2582	60.6226	46.8700	409	208	-225	100842	0.40 
26.656	2015-01-01 00:01:43.960	-0.0059	0.0220	1.0225	-0.7935	-0.7324	-4.0894	2.6752	0.2472	60.5402	46.9200	417	210	-228	100842	0.40 
26.688	2015-01-01 00:01:44.000	-0.0044	0.0337	1.0313	-0.3052	-1.5869	-5.1270	2.6312	0.2142	60.3973	46.6800	421	212	-231	100841	0.40 
26.719	2015-01-01 00:01:44.040	-0.0161	0.0498	1.0269	-0.7324	-2.3193	-5.0659	2.6093	0.1703	60.2271	46.6800	421	212	-231	100842	0.40 
26.782	2015-01-01 00:01:44.080	-0.0044	0.0391	1.0117	-0.1831	-1.7090	-3.1738	2.5818	0.0934	60.1117	46.9200	419	214	-228	100841	0.40 
26.813	2015-01-01 00:01:44.120	0.0093	0.0469	1.0234	0.3662	-1.4038	-1.1597	2.5818	0.0275	60.0732	47.0700	418	211	-228	100842	0.40 
26.859	2015-01-01 00:01:44.160	-0.0024	0.0464	1.0039	0.1831	-2.8076	0.5493	2.5928	-0.0385	60.1282	46.9200	418	209	-228	100842	0.40 
26.890	2015-01-01 00:01:44.200	-0.0029	0.0293	1.0244	0.7324	0.3662	-0.0610	2.5873	-0.0769	60.1886	46.9200	416	208	-228	100842	0.40 
26.922	2015-01-01 00:01:44.240	-0.0049	0.0415	1.0176	0.4883	-0.9155	0.7324	2.5873	-0.0989	60.2655	47.0700	417	205	-229	100842	0.40 
26.984	2015-01-01 00:01:44.280	0.0000	0.0288	1.0186	0.6714	-0.6104	-0.6104	2.5928	-0.1208	60.3259	46.9200	418	204	-230	100842	0.40 
27.015	2015-01-01 00:01:44.320	-0.0034	0.0376	1.0181	0.0000	-0.4883	-0.7935	2.5873	-0.1263	60.3479	46.8700	415	207	-230	100842	0.40 
27.094	2015-01-01 00:01:44.360	-0.0073	0.0381	1.0205	-0.3052	-0.9155	-1.3428	2.5708	-0.1483	60.3424	46.9200	410	211	-232	100842	0.40 
27.109	2015-01-01 00:01:44.400	-0.0015	0.0381	0.9980	-0.0610	1.0986	-1.5869	2.5598	-0.1703	60.3040	46.8700	407	212	-234	100842	0.40 
27.141	2015-01-01 00:01:44.440	-0.0171	0.0361	1.0254	-0.9155	2.9907	-0.9766	2.5269	-0.0165	60.2765	46.8700	412	213	-229	100842	0.40 
27.187	2015-01-01 00:01:44.480	-0.0093	0.0410	1.0259	-0.1831	3.3569	-2.4414	2.5049	0.1099	60.2435	46.8700	415	214	-227	100842	0.40 
27.219	2015-01-01 00:01:44.520	-0.0059	0.0322	1.0386	-0.1831	0.4883	-2.6855	2.4884	0.2087	60.1941	47.0200	416	214	-226	100842	0.40 
27.297	2015-01-01 00:01:44.560	0.0010	0.0352	1.0073	-0.2441	-0.4883	-4.3335	2.4609	0.1813	60.1007	47.0700	418	209	-227	100842	0.40 
27.329	2015-01-01 00:01:44.600	-0.0054	0.0469	1.0249	-0.1221	-0.7935	-3.9063	2.4500	0.1648	59.9908	47.0700	418	210	-229	100842	0.40 
27.360	2015-01-01 00:01:44.640	-0.0083	0.0386	1.0205	-0.2441	-1.4038	-2.6245	2.4390	0.1208	59.9194	46.8300	418	208	-225	100842	0.40 
27.391	2015-01-01 00:01:44.680	-0.0073	0.0322	1.0303	-0.2441	-0.5493	-3.5400	2.4115	0.1099	59.8645	47.1100	416	208	-227	100842	0.40 
27.422	2015-01-01 00:01:44.720	-0.0117	0.0352	1.0205	0.1221	-0.7935	-3.7231	2.3950	0.0989	59.7821	46.9200	417	209	-226	100842	0.40 
27.501	2015-01-01 00:01:44.760	-0.0063	0.0391	1.0156	-0.1221	-1.1597	-4.2725	2.3840	0.0769	59.6832	47.0700	417	210	-227	100842	0.40 
27.501	2015-01-01 00:01:44.800	0.0020	0.0317	1.0195	-0.4883	-1.4648	-5.7373	2.3566	0.0165	59.5514	46.9200	418	208	-227	100842	0.40 
27.563	2015-01-01 00:01:44.840	-0.0039	0.0420	1.0186	0.1221	0.1831	-5.6763	2.3456	0.0165	59.3921	46.8700	418	206	-225	100842	0.40 
27.594	2015-01-01 00:01:44.880	-0.0181	0.0552	1.0273	-0.4272	-0.1221	-4.3335	2.3621	0.0549	59.2822	47.1100	418	205	-224	100842	0.40 
27.625	2015-01-01 00:01:44.920	-0.0049	0.0405	1.0083	0.0000	0.0610	-3.7231	2.3566	0.0604	59.2108	46.9200	420	205	-224	100841	0.40 
27.704	2015-01-01 00:01:44.960	-0.0078	0.0439	1.0225	-0.1831	-0.3662	-2.4414	2.3511	0.0769	59.1888	47.1100	419	206	-229	100842	0.40 
27.719	2015-01-01 00:01:45.000	-0.0112	0.0386	1.0200	-0.4883	-0.7935	-2.6245	2.3346	0.0714	59.1779	47.0700	418	206	-231	100842	0.40 
27.766	2015-01-01 00:01:45.040	-0.0005	0.0308	1.0117	-0.0610	1.7700	-3.1738	2.3236	0.0769	59.1614	46.9200	421	206	-231	100842	0.40 
27.797	2015-01-01 00:01:45.080	-0.0068	0.0430	1.0269	-0.6714	-1.5259	-3.2349	2.3181	0.0989	59.1119	46.8700	420	207	-229	100842	0.40 
27.875	2015-01-01 00:01:45.120	-0.0264	0.0400	1.0195	-0.0610	2.3193	-4.0283	2.3071	0.1758	59.0405	46.8700	418	208	-227	100841	0.40 
27.906	2015-01-01 00:01:45.160	-0.0063	0.0430	1.0200	-0.9766	0.0610	-1.7700	2.2906	0.2362	59.0076	47.1100	420	210	-226	100842	0.40 
27.922	2015-01-01 00:01:45.200	-0.0068	0.0381	1.0137	-0.6104	1.5259	-0.1221	2.2467	0.2637	59.0680	46.9200	420	207	-227	100842	0.40 
27.969	2015-01-01 00:01:45.240	-0.0059	0.0327	1.0254	-0.3052	1.5259	1.4038	2.2302	0.3296	59.1998	47.2100	420	205	-228	100842	0.40 
28.001	2015-01-01 00:01:45.280	-0.0195	0.0298	1.0264	-0.2441	1.0376	1.8311	2.2137	0.4010	59.3536	47.2100	420	206	-228	100842	0.40 
28.078	2015-01-01 00:01:45.320	-0.0098	0.0347	1.0259	0.3052	2.2583	0.6104	2.2083	0.4669	59.4910	47.0200	419	211	-225	100842	0.40 
28.125	2015-01-01 00:01:45.360	-0.0210	0.0317	1.0220	0.1221	1.2207	0.3052	2.2137	0.5603	59.5624	46.9200	418	215	-225	100842	0.40 
28.125	2015-01-01 00:01:45.400	-0.0161	0.0376	1.0137	0.1831	-0.1831	-0.4883	2.2192	0.5768	59.6173	47.2100	417	213	-225	100842	0.40 
28.172	2015-01-01 00:01:45.440	-0.0195	0.0435	1.0244	0.4883	0.0610	-0.3052	2.2302	0.5933	59.6503	47.1100	418	210	-228	100842	0.40 
28.203	2015-01-01 00:01:45.480	-0.0205	0.0430	1.0146	0.1831	-1.4648	-0.1831	2.2412	0.5768	59.6942	47.0700	418	210	-231	100842	0.40 
28.250	2015-01-01 00:01:45.520	-0.0122	0.0347	1.0195	0.2441	0.1831	-0.5493	2.2467	0.5658	59.7437	47.0700	418	211	-232	100842	0.40 
28.313	2015-01-01 00:01:45.560	-0.0107	0.0410	1.0161	0.1221	-0.1831	-0.4883	2.2577	0.5713	59.7821	46.9200	421	209	-229	100842	0.40