StartTime: 2017-07-21 14:47:47.248
Time(s)	ChipTime	ax(g)	ay(g)	az(g)	wx(deg/s)	wy(deg/s)	wz(deg/s)	AngleX(deg)	AngleY(deg)	AngleZ(deg)	T(°)	hx	hy	hz	Pressure(Pa)	Altitude(m) 
3.453	2015-01-01 00:01:5.720	-0.2236	0.1040	0.9756	-1.0376	0.4883	-3.9673	4.4000	17.9407	34.4037	45.4400	442	470	-231	100799	0.44 
3.485	2015-01-01 00:01:5.760	-0.2207	0.1060	0.9780	-0.7935	2.2583	-3.2349	4.3671	17.8857	34.3707	45.2400	443	470	-231	100799	0.44 
3.532	2015-01-01 00:01:5.800	-0.2368	0.1060	0.9814	0.0610	2.9297	-2.8687	4.3726	17.9022	34.3652	45.2400	443	469	-230	100799	0.44 
3.610	2015-01-01 00:01:5.840	-0.2207	0.1006	0.9795	-0.1831	1.4648	-5.1880	4.3616	17.8802	34.2938	45.2900	442	469	-228	100799	0.44 
3.610	2015-01-01 00:01:5.880	-0.2319	0.1138	0.9912	-0.0610	4.3335	-4.6387	4.3396	17.8967	34.1949	45.4400	442	473	-231	100799	0.44 
3.657	2015-01-01 00:01:5.920	-0.2334	0.1104	0.9878	0.3662	3.7842	-2.9907	4.3561	17.9681	34.1510	45.4400	440	475	-231	100798	0.44 
3.688	2015-01-01 00:01:5.960	-0.2314	0.1099	0.9868	-0.1221	4.5776	-2.9297	4.3781	18.0231	34.1510	45.2900	445	474	-229	100798	0.44 
3.735	2015-01-01 00:01:6.000	-0.2334	0.1025	0.9810	0.4883	4.8218	-3.4180	4.4000	18.1165	34.1455	45.4400	444	472	-228	100799	0.44 
3.813	2015-01-01 00:01:6.040	-0.2622	0.0967	0.9966	0.7324	4.8218	-3.9063	4.4220	18.2428	34.0961	45.4400	441	472	-225	100799	0.44 
3.844	2015-01-01 00:01:6.080	-0.2266	0.1064	0.9814	0.4272	4.0283	-5.0049	4.4330	18.2977	34.0192	45.1000	441	471	-228	100798	0.44 
3.860	2015-01-01 00:01:6.120	-0.2280	0.1025	0.9448	1.4038	10.0708	-5.0659	4.4604	18.4625	33.9423	45.3400	441	469	-227	100798	0.44 
3.891	2015-01-01 00:01:6.160	-0.2778	0.1099	0.9858	3.1128	16.2964	-3.9673	4.5648	18.9404	33.8983	45.2400	442	468	-227	100798	0.44 
3.938	2015-01-01 00:01:6.200	-0.2817	0.1416	0.9590	2.3193	17.6392	-2.5635	4.7296	19.5337	33.9038	45.2900	445	467	-228	100798	0.44 
3.985	2015-01-01 00:01:6.240	-0.2568	0.1606	0.7944	3.7842	33.1421	2.4414	5.0262	20.4785	34.1290	45.4400	447	467	-228	100798	0.44 
4.032	2015-01-01 00:01:6.280	-0.2495	0.0679	0.6694	-2.7466	37.2925	10.8643	5.2844	21.8408	34.5905	45.2400	446	468	-229	100798	0.44 
4.079	2015-01-01 00:01:6.320	-0.2686	0.1167	0.5405	6.6528	49.7437	0.9766	5.5975	23.5876	35.1178	45.2900	447	467	-229	100798	0.44 
4.110	2015-01-01 00:01:6.360	-0.2446	-0.0591	0.5869	11.4746	44.9219	-24.0479	5.7513	25.6091	34.6948	45.2900	458	468	-227	100798	0.44 
4.157	2015-01-01 00:01:6.400	-0.2241	0.0664	0.5425	12.8174	26.9165	-29.4800	5.6415	26.9275	33.5907	45.2900	462	468	-225	100798	0.44 
4.220	2015-01-01 00:01:6.440	-0.1304	0.1011	0.3862	-3.1738	26.8555	8.3008	5.7953	27.8448	33.3984	45.4400	464	466	-225	100798	0.44 
4.251	2015-01-01 00:01:6.480	-0.1533	0.0776	0.5425	-3.1128	54.3823	19.4092	6.2457	29.1248	34.5410	45.2900	467	466	-222	100798	0.44 
4.282	2015-01-01 00:01:6.520	-0.2935	0.0029	0.5864	0.1221	46.8140	-8.4839	6.4105	30.9924	35.1563	45.2900	472	462	-218	100798	0.44 
4.313	2015-01-01 00:01:6.560	-0.3599	0.0518	0.7305	1.2817	37.2925	-37.8418	5.7953	32.6404	34.1125	45.4800	476	460	-217	100798	0.44 
4.360	2015-01-01 00:01:6.600	-0.4219	-0.0205	0.7783	0.7324	24.2920	-27.9541	4.8779	33.8159	32.5580	45.6300	481	463	-213	100798	0.44 
4.423	2015-01-01 00:01:6.640	-0.3916	0.0850	0.9009	0.3662	21.3623	-14.0381	4.4000	34.5630	31.9318	45.3400	485	466	-211	100798	0.44 
4.454	2015-01-01 00:01:6.680	-0.4219	0.2529	1.0078	-7.6904	9.0332	-5.9814	4.1638	34.9255	31.6901	45.2400	486	471	-209	100799	0.44 
4.485	2015-01-01 00:01:6.720	-0.5039	0.1372	0.8760	-4.8828	0.4883	-19.1650	3.8617	34.7992	31.3660	45.5300	487	473	-209	100799	0.44 
4.548	2015-01-01 00:01:6.760	-0.7012	-0.0132	1.1294	3.9673	-3.6011	-38.7573	2.8784	34.8541	29.8279	45.2900	484	476	-208	100799	0.44 
4.594	2015-01-01 00:01:6.800	-0.9048	0.1294	1.5303	5.3101	-50.8423	-11.0474	2.3401	33.6786	28.5425	45.4800	482	480	-207	100800	0.44 
4.626	2015-01-01 00:01:6.840	-1.1284	0.3818	1.9067	18.1885	-60.1196	-10.8643	2.7740	31.4758	28.3228	45.3400	476	488	-201	100800	0.44 
4.657	2015-01-01 00:01:6.880	-1.4399	0.2202	2.3501	2.8076	-25.0244	-26.7334	2.7905	29.6576	27.3230	45.1500	471	489	-203	100800	0.44 
4.689	2015-01-01 00:01:6.920	-1.1631	0.2998	2.2007	19.7754	32.5928	-15.8081	2.8455	30.2234	26.4880	45.5300	464	489	-209	100801	0.44 
4.751	2015-01-01 00:01:6.960	-0.8169	0.3828	1.8843	17.3340	57.5562	-5.0659	3.6914	32.0416	26.4990	45.4400	461	487	-212	100801	0.44 
4.797	2015-01-01 00:01:7.000	-0.6055	0.2925	1.5405	15.2588	49.0112	1.7090	4.4879	33.9532	26.7682	45.3400	461	483	-212	100802	0.44 
4.829	2015-01-01 00:01:7.040	-0.4785	0.1318	1.3223	18.2495	18.3716	13.9160	5.6854	34.9365	27.6086	45.4400	463	480	-215	100802	0.44 
4.860	2015-01-01 00:01:7.080	-0.4346	0.0117	1.3535	3.1738	-14.3433	19.8975	6.5149	34.5081	28.7128	45.4400	469	478	-215	100802	0.44 
4.907	2015-01-01 00:01:7.120	-0.5840	0.1538	1.2471	-18.2495	-66.0400	14.9536	6.4819	32.3273	29.5752	45.4400	469	474	-219	100802	0.44 
4.938	2015-01-01 00:01:7.160	-0.4023	0.3120	1.3970	-12.3901	-71.2891	13.9771	5.9821	29.2731	29.8993	45.2400	473	473	-222	100803	0.44 
5.032	2015-01-01 00:01:7.200	-0.3223	0.2314	0.8354	-2.4414	-68.9087	31.8604	6.3501	25.8014	31.0309	45.3400	466	471	-228	100803	0.44 
5.032	2015-01-01 00:01:7.240	-0.6567	0.1675	0.3228	-5.9204	30.9448	19.9585	7.0313	25.7300	32.0801	45.2400	466	470	-231	100803	0.44 
5.079	2015-01-01 00:01:7.280	-0.4858	-0.1104	0.3149	-6.5918	-9.5825	16.4185	7.2784	27.2736	32.4646	45.2400	460	467	-230	100803	0.44 
5.126	2015-01-01 00:01:7.320	-0.0815	-0.2236	-0.4297	3.7231	-104.2480	-18.4326	7.2675	25.6091	31.0968	45.2400	459	464	-230	100803	0.44 
5.157	2015-01-01 00:01:7.360	0.0913	-0.0322	-0.9307	-11.5967	-16.1743	-19.2261	8.3002	25.0818	30.0311	45.1000	448	462	-234	100802	0.44 
5.204	2015-01-01 00:01:7.400	-0.1162	0.1895	0.2212	-25.7568	33.1421	-0.9766	9.0857	27.4988	30.4871	45.3400	442	460	-235	100802	0.44 
5.235	2015-01-01 00:01:7.440	-0.1567	0.0977	0.4087	-12.9395	-7.1411	14.2822	8.8605	27.7130	31.2451	45.1500	440	465	-237	100802	0.44 
5.297	2015-01-01 00:01:7.480	0.0288	-0.0952	0.0762	-7.9956	-22.2168	8.6670	8.3112	26.4441	31.8823	45.1000	442	468	-237	100802	0.44 
5.313	2015-01-01 00:01:7.520	0.0176	-0.1123	-0.2256	-1.8921	-15.1367	-1.8311	6.6687	23.4668	32.1680	45.2900	443	464	-233	100801	0.44 
5.360	2015-01-01 00:01:7.560	-0.1650	0.0820	-0.0698	-3.7842	-15.1367	8.1787	7.7783	24.1974	32.2394	45.1000	444	464	-234	100801	0.44 
5.438	2015-01-01 00:01:7.600	-0.3965	-0.1123	0.2144	-10.6201	-20.9351	5.6763	8.5089	24.6753	32.1515	45.1500	442	468	-233	100800	0.44 
5.454	2015-01-01 00:01:7.640	-1.0630	0.0332	4.1997	3.7842	25.6958	10.8643	8.0695	27.9987	32.7832	45.0000	443	472	-230	100800	0.44 
5.501	2015-01-01 00:01:7.680	-0.6582	0.2593	1.7637	-6.5308	-88.1348	30.0293	8.6023	26.0870	33.2007	45.2900	444	471	-232	100800	0.44 
5.532	2015-01-01 00:01:7.720	-0.2925	0.2314	1.9600	7.6904	91.0034	-13.6108	8.4375	25.0488	33.2446	45.0000	443	473	-231	100800	0.44 
5.563	2015-01-01 00:01:7.760	-0.3735	0.3369	1.5698	11.1084	20.0806	8.5449	9.2780	27.3889	33.8379	45.2400	447	472	-234	100800	0.44 
5.642	2015-01-01 00:01:7.800	-0.1553	0.1606	0.7241	-12.6343	-65.0635	13.1836	9.4318	25.4114	34.1565	44.9600	449	472	-233	100800	0.44 
5.673	2015-01-01 00:01:7.840	0.0957	-0.2217	0.0264	-9.8267	23.9868	-1.4038	8.3606	22.9175	34.6124	45.1000	444	471	-230	100800	0.44 
5.704	2015-01-01 00:01:7.880	-0.4473	-0.1260	0.6929	-3.5400	54.3213	-18.1885	7.1191	25.1202	34.4531	45.2400	443	470	-228	100800	0.44 
5.735	2015-01-01 00:01:7.920	-0.4531	0.1323	1.0654	-0.7935	-12.6953	-2.7466	6.7566	25.7904	34.0247	45.2400	447	470	-228	100800	0.44 
5.782	2015-01-01 00:01:7.960	-0.3047	0.3438	1.4351	0.9766	3.2349	2.9907	6.9489	25.1862	34.2444	45.1000	449	470	-232	100800	0.44 
5.844	2015-01-01 00:01:8.000	-0.3130	0.1821	0.9072	-5.1880	6.9580	-4.2725	6.9873	25.1202	34.2773	45.2900	449	468	-231	100800	0.44 
5.860	2015-01-01 00:01:8.040	-0.3584	0.0591	0.8003	-0.6714	14.5264	0.9155	6.8500	25.5103	34.2719	45.3400	450	468	-232	100800	0.44 
5.907	2015-01-01 00:01:8.080	-0.2900	0.0659	1.0186	1.5869	19.5313	0.4272	6.8994	26.0321	34.5355	45.2900	454	470	-228	100800	0.44 
5.954	2015-01-01 00:01:8.120	-0.2891	0.1470	1.1309	-1.0376	-2.9907	-3.2959	6.8719	26.1804	34.5959	45.2400	457	470	-227	100800	0.44 
5.985	2015-01-01 00:01:8.160	-0.1470	0.0913	0.9536	-0.4883	-23.9868	-5.9204	6.7401	25.1422	34.4476	45.2900	457	472	-229	100800	0.44 
6.048	2015-01-01 00:01:8.200	-0.1284	0.0537	0.8887	-0.9766	-7.5073	-9.8267	6.4929	24.1260	34.1730	45.1500	456	472	-228	100801	0.44 
6.079	2015-01-01 00:01:8.240	-0.2910	0.1069	0.9951	-2.0142	9.1553	-10.3760	6.2073	24.0491	33.8654	45.1500	452	471	-229	100800	0.44 
6.111	2015-01-01 00:01:8.280	-0.3682	0.2007	1.0518	-4.3945	-2.9297	-3.5400	6.0260	24.0930	33.6401	45.2900	451	470	-230	100800	0.44 
6.173	2015-01-01 00:01:8.320	-0.2988	0.1284	0.9507	-5.0659	-9.8877	6.7139	5.9601	23.6041	33.8159	45.0000	448	472	-228	100800	0.44 
6.188	2015-01-01 00:01:8.360	-0.2578	0.0557	0.9282	-4.5166	-2.2583	7.2632	5.8612	23.1537	34.2224	45.2900	446	473	-227	100800	0.44 
6.251	2015-01-01 00:01:8.400	-0.2646	0.0415	0.9780	-3.1128	0.5493	2.1973	5.7129	22.9449	34.5026	45.2900	447	475	-227	100800	0.44 
6.282	2015-01-01 00:01:8.440	-0.2515	0.0728	0.9902	-1.9531	0.3662	-1.8921	5.5591	22.7747	34.5685	45.3400	447	473	-227	100800	0.44 
6.313	2015-01-01 00:01:8.480	-0.2622	0.0967	0.9609	-0.7324	0.6104	-1.9531	5.4712	22.6044	34.5795	45.2900	447	467	-227	100800	0.44 
6.360	2015-01-01 00:01:8.520	-0.2656	0.0811	0.9707	-0.1221	2.2583	-0.9766	5.4547	22.4890	34.6344	45.0000	448	467	-225	100800	0.44 
6.392	2015-01-01 00:01:8.560	-0.2661	0.0605	1.0024	0.1831	0.7324	-3.9673	5.3833	22.3956	34.6179	45.2900	450	469	-227	100800	0.44 
6.454	2015-01-01 00:01:8.600	-0.2686	0.0635	0.9868	0.3052	1.7090	-8.2397	5.2625	22.3022	34.4476	45.4400	451	469	-227	100800	0.44 
6.469	2015-01-01 00:01:8.640	-0.2534	0.0894	0.9854	0.0610	-0.4272	-9.2163	5.1141	22.1539	34.1565	45.2400	447	471	-226	100800	0.44 
6.517	2015-01-01 00:01:8.680	-0.2563	0.1064	0.9668	-0.4272	-0.1221	-7.8735	4.9933	21.9946	33.8873	45.2400	445	472	-226	100801	0.44 
6.563	2015-01-01 00:01:8.720	-0.2666	0.1050	0.9932	-0.4272	-0.6104	-5.9814	4.8944	21.8353	33.7006	45.3400	443	472	-230	100800	0.44 
6.626	2015-01-01 00:01:8.760	-0.2666	0.0933	0.9702	-0.4272	0.4272	-3.9063	4.8230	21.6870	33.5907	45.2900	443	470	-229	100800	0.44 
6.658	2015-01-01 00:01:8.800	-0.2549	0.0972	0.9780	-0.6104	1.7700	-4.0283	4.7626	21.5936	33.5303	45.2900	443	470	-230	100800	0.44 
6.689	2015-01-01 00:01:8.840	-0.2534	0.0942	0.9585	0.3052	5.6152	-5.4321	4.7131	21.5936	33.4424	45.2900	443	471	-229	100800	0.44 
6.720	2015-01-01 00:01:8.880	-0.2930	0.1050	0.9653	0.3662	9.6436	-3.7231	4.6967	21.8243	33.3655	45.2900	445	471	-226	100800	0.44 
6.783	2015-01-01 00:01:8.920	-0.2715	0.1099	0.9917	1.5869	7.0801	-0.7324	4.7626	22.0056	33.4314	45.2900	444	470	-227	100800	0.44 
6.829	2015-01-01 00:01:8.960	-0.2612	0.0825	0.9717	1.1597	6.5308	-2.1973	4.8285	22.0880	33.5083	45.2900	444	475	-228	100800	0.44 
6.860	2015-01-01 00:01:9.000	-0.2705	0.0679	0.9414	1.8921	13.9771	-5.7983	4.8230	22.3462	33.4644	45.2900	444	476	-227	100800	0.44 
6.892	2015-01-01 00:01:9.040	-0.2993	0.0576	0.9341	6.9580	25.8179	-11.4136	4.8669	23.0603	33.2556	45.3400	449	475	-228	100800	0.44 
6.923	2015-01-01 00:01:9.080	-0.3550	0.0762	0.8960	8.2397	31.6772	-17.5781	4.9493	24.1919	32.7667	45.4400	451	473	-229	100801	0.44 
6.969	2015-01-01 00:01:9.120	-0.3438	0.1011	0.8833	6.0425	27.2827	-17.9443	4.9493	25.3949	32.1240	45.3400	450	473	-230	100800	0.44 
7.032	2015-01-01 00:01:9.160	-0.2744	0.0908	0.8794	2.9907	14.4043	-11.3525	4.9438	26.0706	31.6461	45.2900	451	475	-229	100800	0.44 
7.063	2015-01-01 00:01:9.200	-0.2104	0.1123	0.7520	1.9531	4.4556	-5.5542	4.9109	26.1475	31.4703	45.2900	452	472	-228	100800	0.44 
7.095	2015-01-01 00:01:9.240	-0.2144	0.0645	0.5205	4.0894	32.1655	-2.5024	5.1581	26.6913	31.5472	45.2900	451	474	-228	100800	0.44 
7.126	2015-01-01 00:01:9.280	-0.2476	0.0283	0.4312	2.6245	56.2134	-6.1646	5.2625	28.6139	31.6406	45.5300	454	471	-227	100800	0.44 
7.188	2015-01-01 00:01:9.320	-0.2827	-0.0142	0.4624	3.4180	49.5605	-26.5503	5.0262	30.8496	31.0254	45.1500	457	471	-228	100801	0.44 
7.235	2015-01-01 00:01:9.360	-0.2832	0.0762	0.6060	2.3193	43.9453	-30.5176	4.3561	32.7008	29.8224	45.2900	462	471	-223	100801	0.44 
7.266	2015-01-01 00:01:9.400	-0.3286	0.1489	0.6255	4.2725	34.5459	-15.2588	4.2242	34.0686	29.0698	45.3400	466	472	-220	100801	0.44 
7.298	2015-01-01 00:01:9.440	-0.3047	0.0229	0.7993	-4.0894	34.8511	-2.4414	4.1638	35.3265	29.0094	45.5300	467	471	-219	100801	0.44 
7.360	2015-01-01 00:01:9.480	-0.3726	0.0356	0.6089	-1.9531	7.6294	-11.2915	3.8562	35.7440	29.0259	45.2900	468	470	-219	100801	0.44 
7.391	2015-01-01 00:01:9.520	-0.4155	-0.0083	0.5591	-1.3428	45.1660	-30.1514	3.1366	36.8317	27.8174	45.3400	471	475	-217	100801	0.44 
7.470	2015-01-01 00:01:9.560	-0.6006	0.2393	1.1914	-0.1221	33.3862	-10.9863	2.5818	38.7103	27.0813	45.2900	474	476	-214	100801	0.44 
7.470	2015-01-01 00:01:9.600	-0.5356	0.1724	1.0459	-1.4038	-43.6401	3.2349	2.7960	37.8589	27.1802	45.2900	480	479	-212	100802	0.44 
7.516	2015-01-01 00:01:9.640	-0.3521	0.0405	0.9316	-9.2773	-51.0864	-6.4087	2.4994	35.4584	27.3834	45.6300	480	482	-210	100802	0.44 
7.563	2015-01-01 00:01:9.680	-0.4824	0.0029	0.9692	3.0518	-35.3394	-2.3804	2.2028	33.6237	27.1747	45.2900	475	481	-209	100803	0.44 
7.610	2015-01-01 00:01:9.720	-0.6328	0.0708	1.2251	4.5166	-35.8276	-6.9580	2.1918	32.0471	27.1143	45.2400	470	482	-210	100803	0.44 
7.673	2015-01-01 00:01:9.760	-0.9038	0.2114	1.6074	5.3711	-74.0967	-4.9438	2.2961	29.8608	26.8781	45.3400	463	484	-210	100803	0.44 
7.704	2015-01-01 00:01:9.800	-1.1802	0.2817	2.2310	6.2256	-72.0215	-13.0005	2.3621	26.6199	26.4825	45.1000	459	485	-211	100804	0.43 
7.736	2015-01-01 00:01:9.840	-1.2852	0.2051	2.4824	14.2212	10.6201	-9.2773	2.7136	25.7739	26.2024	45.2900	452	489	-220	100804	0.43 
7.766	2015-01-01 00:01:9.880	-0.7598	0.3257	1.9658	21.9116	53.4668	-18.1274	3.2355	27.0703	25.7355	45.5300	448	489	-226	100804	0.43 
7.813	2015-01-01 00:01:9.920	-0.5425	0.2734	1.7700	21.6064	81.7261	-4.9438	4.2407	29.8389	25.8289	45.4800	443	490	-227	100804	0.43 
7.876	2015-01-01 00:01:9.960	-0.4185	0.1475	1.4136	14.7095	46.4478	-9.2773	4.9823	32.0911	25.9937	45.2900	448	487	-226	100805	0.43 
7.907	2015-01-01 00:01:10.000	-0.3203	0.0928	1.2451	9.0332	13.8550	-6.8359	5.3229	32.8162	25.9937	45.3400	448	486	-230	100805	0.43 
7.938	2015-01-01 00:01:10.040	-0.3428	0.1196	1.2188	-4.4556	-35.2783	1.2817	5.3394	31.8439	26.1145	45.2900	450	482	-233	100805	0.43 
7.985	2015-01-01 00:01:10.080	-0.3560	0.2852	1.1777	-6.4697	-39.1235	3.8452	5.1471	29.7620	26.3013	45.2400	454	479	-235	100805	0.43 
8.016	2015-01-01 00:01:10.120	-0.4570	0.3560	1.6548	-7.3242	-46.6919	34.4849	5.4987	28.0096	27.3395	45.2900	454	476	-238	100805	0.43 
8.079	2015-01-01 00:01:10.160	-0.5435	0.2031	0.9067	-14.5264	-71.2280	42.1753	5.8942	24.9554	29.2291	45.4400	448	474	-240	100805	0.43 
8.110	2015-01-01 00:01:10.200	-0.6680	0.1934	0.1558	-5.8594	-4.9438	36.4990	6.5973	23.9502	30.4321	45.3400	443	471	-244	100805	0.43 
8.157	2015-01-01 00:01:10.240	-0.2568	-0.0508	0.3955	-12.0850	-6.1646	51.8188	7.3663	24.6753	32.2119	45.1500	442	468	-244	100805	0.43 
8.204	2015-01-01 00:01:10.280	-0.1396	-0.2422	-0.3315	-10.8643	-92.0410	27.8931	7.2894	22.6318	33.1732	45.1500	441	465	-244	100805	0.43 
8.251	2015-01-01 00:01:10.320	0.1611	-0.0684	-0.9077	-11.5967	-25.8179	22.3389	7.0697	19.8248	33.8654	45.2400	441	468	-245	100805	0.43 
8.283	2015-01-01 00:01:10.360	-0.1348	0.1851	0.1240	-20.0806	53.6499	23.8647	8.6682	22.6538	35.6891	45.1500	440	468	-245	100804	0.43 
8.314	2015-01-01 00:01:10.400	-0.1973	0.0635	0.4243	-16.2964	3.1738	37.9028	8.7781	23.7085	37.2601	45.1500	444	466	-244	100804	0.43 
8.360	2015-01-01 00:01:10.440	0.0259	-0.1021	0.1016	-8.7891	-27.7710	23.6206	8.4045	22.4341	38.6169	45.1500	446	464	-243	100804	0.43 
8.407	2015-01-01 00:01:10.480	0.0781	-0.1377	-0.1611	-7.4463	-17.2729	6.9580	6.7511	19.4128	39.2596	45.1500	449	465	-243	100804	0.43 
8.454	2015-01-01 00:01:10.520	-0.0229	0.0093	-0.0962	2.0142	-19.4092	14.7095	5.9875	17.6056	39.7101	45.2900	447	466	-242	100803	0.43 
8.486	2015-01-01 00:01:10.560	-0.7197	0.0864	-0.0898	-4.8218	-7.7515	1.0986	7.6849	18.7756	39.5453	45.3400	449	464	-243	100803	0.44 
8.548	2015-01-01 00:01:10.600	-1.1538	0.8242	5.4976	14.9536	151.1230	0.9155	7.8992	22.5275	39.8914	45.2900	448	465	-243	100803	0.44 
8.580	2015-01-01 00:01:10.640	-0.4668	0.3237	2.4736	-7.4463	-71.8384	36.8652	8.4430	21.8958	40.3418	45.2400	453	464	-241	100803	0.44 
8.611	2015-01-01 00:01:10.680	0.0322	0.1436	1.4673	0.3052	31.3110	8.3008	8.2288	19.1986	41.0065	45.0000	455	464	-240	100802	0.44 
8.673	2015-01-01 00:01:10.720	-0.2061	0.3438	1.8125	-4.6387	66.0400	11.4136	8.5748	21.9122	41.9513	45.2400	460	463	-237	100802	0.44 
8.689	2015-01-01 00:01:10.760	-0.1855	0.0669	0.8867	-3.4180	-26.1841	27.6489	8.7012	21.7749	42.7258	45.1000	465	463	-236	100802	0.44 
8.752	2015-01-01 00:01:10.800	-0.0806	-0.2695	0.1421	6.0425	-1.9531	6.5918	8.2507	20.6378	43.5168	45.2900	467	463	-237	100802	0.44 
8.783	2015-01-01 00:01:10.840	-0.2495	-0.1377	0.3662	-8.2397	52.9785	-30.5786	6.8115	21.6211	43.7091	45.2900	468	462	-236	100802	0.44 
8.814	2015-01-01 00:01:10.880	-0.4453	0.2539	1.0474	-4.9438	14.6484	-22.0337	6.0919	23.2471	42.4402	45.1000	467	462	-235	100802	0.44 
8.860	2015-01-01 00:01:10.920	-0.3086	0.3032	1.3760	-4.7607	-7.5073	-4.6387	5.9436	23.0164	41.8744	45.2400	466	464	-233	100801	0.44 
8.892	2015-01-01 00:01:10.960	-0.2637	0.1167	1.0884	-1.5259	-8.1787	-15.8691	5.7239	22.4506	41.4789	45.2900	468	460	-235	100801	0.44 
8.938	2015-01-01 00:01:11.000	-0.2998	0.0171	0.8262	2.8687	8.0566	-22.2168	5.3558	22.4506	40.4846	45.2900	470	461	-234	100801	0.44 
8.970	2015-01-01 00:01:11.040	-0.2969	0.0132	0.9336	9.5215	15.9912	-28.1372	5.1086	22.9724	39.4354	45.2900	469	467	-234	100801	0.44 
9.017	2015-01-01 00:01:11.080	-0.3159	0.1655	1.1060	5.8594	-8.1787	-29.4189	4.9219	23.1372	38.1720	45.2400	466	470	-233	100801	0.44 
9.063	2015-01-01 00:01:11.120	-0.1909	0.1533	0.9448	2.8076	-23.6206	-22.1558	4.7461	22.1594	37.0404	45.2400	465	470	-236	100801	0.44 
9.095	2015-01-01 00:01:11.160	-0.2158	0.1328	0.8955	-0.6714	-8.0566	-16.9678	4.5648	21.3629	36.2933	45.2900	461	470	-236	100800	0.44 
9.142	2015-01-01 00:01:11.200	-0.3184	0.1401	1.0054	-2.6855	1.9531	-16.8457	4.3066	21.2531	35.6067	45.2400	455	467	-237	100800	0.44 
9.173	2015-01-01 00:01:11.240	-0.3159	0.1216	1.0293	-1.8921	-1.7700	-10.1318	4.0869	21.2036	35.0903	45.1000	449	468	-238	100800	0.44 
9.220	2015-01-01 00:01:11.280	-0.2627	0.1030	0.9419	-2.7466	-3.2959	-3.0518	3.9716	20.9839	34.9146	45.2400	450	467	-236	100800	0.44 
9.298	2015-01-01 00:01:11.320	-0.2266	0.0811	0.9648	-2.2583	-2.5635	-5.1880	3.8507	20.7092	34.8431	45.2900	450	468	-235	100800	0.44 
9.313	2015-01-01 00:01:11.360	-0.2295	0.0830	0.9507	-0.8545	-0.2441	-8.2397	3.7189	20.4840	34.6289	45.2400	449	471	-234	100800	0.44 
9.345	2015-01-01 00:01:11.400	-0.2432	0.0879	0.9751	0.0000	4.6387	-7.8735	3.6200	20.4565	34.3872	45.2900	446	472	-233	100800	0.44 
9.392	2015-01-01 00:01:11.440	-0.2607	0.0928	1.0078	0.4272	5.4932	-7.6294	3.5706	20.5444	34.1730	45.0000	448	475	-235	100800	0.44 
9.439	2015-01-01 00:01:11.480	-0.2534	0.0820	0.9790	0.6104	3.5400	-8.4839	3.5211	20.5829	33.9478	45.2400	447	474	-237	100800	0.44 
9.501	2015-01-01 00:01:11.520	-0.2529	0.0791	0.9917	0.2441	2.2583	-9.4604	3.4332	20.5829	33.6621	45.2900	445	474	-238	100800	0.44 
9.501	2015-01-01 00:01:11.560	-0.2378	0.1006	0.9922	0.3052	1.4038	-9.6436	3.3398	20.5170	33.3600	45.2400	445	475	-239	100800	0.44 
9.549	2015-01-01 00:01:11.600	-0.2324	0.1021	0.9731	-0.2441	2.9907	-6.4697	3.2959	20.4565	33.1622	45.2900	444	476	-238	100800	0.44 
9.611	2015-01-01 00:01:11.640	-0.2344	0.0928	0.9541	0.2441	5.3101	-4.5776	3.2794	20.4456	33.0634	45.2900	442	478	-238	100800	0.44 
9.642	2015-01-01 00:01:11.680	-0.2617	0.0977	0.9814	0.6714	9.3384	-6.6528	3.2794	20.6433	32.9590	45.4800	447	476	-240	100800	0.44 
9.689	2015-01-01 00:01:11.720	-0.2715	0.1001	0.9707	0.6714	6.8970	-7.3853	3.2684	20.8466	32.7942	45.2900	446	475	-240	100800	0.44 
9.720	2015-01-01 00:01:11.760	-0.2939	0.1113	0.9614	0.1221	10.7422	-5.7983	3.2465	21.0773	32.6239	45.3400	446	475	-237	100800	0.44 
9.752	2015-01-01 00:01:11.800	-0.2993	0.1221	0.9844	2.3193	15.5029	-2.1362	3.3618	21.5387	32.6184	45.3400	446	475	-235	100800	0.44 
9.814	2015-01-01 00:01:11.840	-0.3159	0.1011	0.9487	0.1831	15.1978	-1.7700	3.4717	22.0496	32.6788	45.4400	447	474	-238	100800	0.44 
9.845	2015-01-01 00:01:11.880	-0.3022	0.0903	0.9326	-0.0610	16.8457	-2.0142	3.5046	22.5879	32.7393	45.3400	449	470	-237	100800	0.44 
9.892	2015-01-01 00:01:11.920	-0.3184	0.0840	0.9351	2.1973	22.6440	-4.3945	3.5760	23.2855	32.7612	45.2400	449	465	-235	100800	0.44 
9.924	2015-01-01 00:01:11.960	-0.3496	0.0825	0.8901	2.1362	33.8745	-7.9346	3.6145	24.3347	32.6349	45.2900	451	470	-235	100800	0.44 
9.986	2015-01-01 00:01:12.000	-0.3779	0.0981	0.8989	6.1646	44.7998	-5.6763	3.7628	25.8893	32.5250	45.3400	451	472	-239	100801	0.44 
10.017	2015-01-01 00:01:12.040	-0.3726	0.0537	0.8481	8.4839	34.6069	-3.7842	4.0759	27.4164	32.5250	45.2900	456	473	-236	100800	0.44 
10.049	2015-01-01 00:01:12.080	-0.3213	0.1001	0.6660	9.5215	33.6304	-8.7891	4.3671	28.6523	32.3877	45.3400	460	472	-232	100801	0.44 
10.110	2015-01-01 00:01:12.120	-0.2461	0.1021	0.6172	4.1504	33.5693	-13.4888	4.6088	29.9487	32.0581	45.2900	463	472	-232	100801	0.44 
10.126	2015-01-01 00:01:12.160	-0.2661	0.0908	0.4839	-1.5869	34.6680	-7.5073	4.4989	31.1682	31.7944	45.4400	463	473	-231	100801	0.44 
10.173	2015-01-01 00:01:12.200	-0.2832	-0.0229	0.6035	-4.5166	34.4849	-14.3433	4.2242	32.5031	31.3934	45.2400	468	473	-230	100801	0.44 
10.220	2015-01-01 00:01:12.240	-0.3364	0.0146	0.7656	-8.1787	30.3345	-8.4839	3.4882	33.6017	31.0748	45.2900	471	474	-230	100801	0.44 
10.267	2015-01-01 00:01:12.280	-0.2378	0.1621	0.6982	-1.3428	11.3525	-4.6387	3.4167	34.1180	30.9979	45.2400	476	475	-227	100801	0.44 
10.330	2015-01-01 00:01:12.320	-0.2466	0.0801	0.6445	-7.0190	8.6670	2.3193	3.4113	34.0741	31.1902	45.2900	480	482	-228	100801	0.44 
10.360	2015-01-01 00:01:12.360	-0.3960	0.0005	0.8047	-2.6855	3.6621	-11.9629	3.1091	34.1565	31.1023	45.5300	479	480	-225	100801	0.44 
10.392	2015-01-01 00:01:12.400	-0.4663	0.0718	0.7637	-1.4648	5.4321	-11.7798	2.6312	34.1620	30.5585	45.1500	480	478	-220	100801	0.44 
10.424	2015-01-01 00:01:12.440	-0.5361	0.1455	0.9141	4.5166	1.1597	-18.6768	2.4719	34.3652	29.9048	45.2900	479	480	-220	100801	0.44 
10.501	2015-01-01 00:01:12.480	-0.5068	0.0889	0.9106	-3.5400	-10.6201	-6.5308	2.2467	34.0027	29.4159	45.3400	481	483	-213	100802	0.44 
10.549	2015-01-01 00:01:12.520	-0.5049	0.1606	0.9609	6.4697	-30.0903	-9.2163	2.1808	33.1512	29.0588	45.4800	478	484	-212	100802	0.44 
10.549	2015-01-01 00:01:12.560	-0.4492	-0.0630	0.8232	0.0000	-32.8369	-6.9580	2.2137	31.6626	28.9105	45.4400	478	483	-210	100802	0.44 
10.612	2015-01-01 00:01:12.600	-0.4780	0.0034	1.1763	0.8545	-36.5601	-24.5361	1.5985	30.3223	28.1744	45.4400	475	485	-216	100802	0.44 
10.648	2015-01-01 00:01:12.640	-0.5356	0.1187	1.2114	3.1128	-68.1763	-15.8081	1.3239	27.9987	27.2845	45.2900	471	484	-221	100803	0.44 
10.679	2015-01-01 00:01:12.680	-0.5391	0.3179	1.5923	6.9580	-57.6782	-11.6577	1.2799	25.3729	26.8286	45.4400	462	489	-226	100803	0.44 
10.742	2015-01-01 00:01:12.720	-0.8164	0.1592	1.9546	9.3384	-57.6172	7.6294	1.9556	23.0273	27.0428	45.4400	453	495	-229	100803	0.43 
10.774	2015-01-01 00:01:12.760	-0.7861	0.0898	2.2896	1.9531	26.0010	-3.7231	2.0325	22.3022	27.2845	45.4400	449	496	-232	100804	0.43 
10.805	2015-01-01 00:01:12.800	-0.8770	0.1992	2.0859	6.3477	52.9175	-9.2163	2.3291	24.2853	27.2571	45.4800	447	499	-229	100804	0.43 
10.836	2015-01-01 00:01:12.840	-0.5039	0.2114	1.6694	9.8267	67.6880	-8.4229	2.5598	26.5375	27.1527	45.4400	448	498	-230	100804	0.43 
10.914	2015-01-01 00:01:12.880	-0.4282	0.2544	1.2607	4.8218	67.5659	-6.1035	3.0103	29.1742	27.2186	45.4800	449	492	-231	100804	0.43 
10.945	2015-01-01 00:01:12.920	-0.2598	0.0503	0.9575	2.0752	74.0356	-6.8970	3.2300	31.6571	27.3505	45.4400	453	487	-228	100805	0.43 
10.960	2015-01-01 00:01:12.960	-0.5508	0.0063	1.2246	-1.7090	67.4438	0.4272	3.2025	34.3762	27.6965	45.2900	458	483	-224	100805	0.43 
11.023	2015-01-01 00:01:13.000	-0.5947	0.0327	1.6470	0.7935	-11.9629	7.6294	3.2629	34.9969	28.0371	45.4400	464	482	-222	100805	0.43 
11.054	2015-01-01 00:01:13.040	-0.6064	0.2500	1.5830	5.6152	-65.7349	12.7563	3.7299	32.8052	28.7292	45.3400	470	478	-221	100805	0.43 
11.117	2015-01-01 00:01:13.080	-0.4521	0.2886	1.2031	-7.2021	-71.5942	9.7046	4.0979	29.6686	29.2511	45.4400	469	477	-223	100805	0.43 
11.179	2015-01-01 00:01:13.120	-0.5610	0.2192	0.5342	-13.1836	-26.3062	18.7988	4.1144	27.6691	29.7565	45.2400	464	474	-225	100805	0.43 
11.210	2015-01-01 00:01:13.160	-0.5322	-0.0850	0.4146	0.9766	-25.3906	24.5972	4.6802	27.4438	30.7123	45.2900	461	472	-227	100805	0.43 
11.226	2015-01-01 00:01:13.200	0.0068	-0.1187	0.0376	7.9346	-70.6177	-6.1646	4.0759	25.1202	30.8167	45.2400	458	467	-227	100805	0.43 
11.257	2015-01-01 00:01:13.240	0.0161	-0.0020	-0.4912	0.6714	-56.2744	0.6104	4.7406	23.0658	30.7233	45.2400	450	465	-233	100805	0.43 
11.320	2015-01-01 00:01:13.280	-0.0352	0.0469	-0.4214	-17.8833	-27.5879	10.4980	6.1908	23.4943	31.5472	45.2900	445	467	-236	100805	0.43 
11.352	2015-01-01 00:01:13.320	-0.1841	0.1484	0.1899	-13.3057	-1.1597	8.4839	6.9928	24.3951	31.9482	45.2400	441	468	-238	100804	0.43 
11.383	2015-01-01 00:01:13.360	-0.1074	-0.0166	0.2871	-4.1504	-36.4380	19.3481	7.2180	23.6481	32.6569	45.2400	437	467	-239	100803	0.43 
11.430	2015-01-01 00:01:13.400	0.0156	-0.1719	-0.1611	-15.0757	-36.3159	3.4180	5.7349	20.6818	33.5907	45.2400	436	467	-241	100803	0.44 
11.461	2015-01-01 00:01:13.440	0.0137	-0.0093	-0.1265	-9.1553	-16.0522	-9.8877	3.9166	18.1604	33.3929	45.2900	432	471	-243	100802	0.44 
11.539	2015-01-01 00:01:13.480	-0.4556	-0.0127	-0.0669	-3.7842	-16.1743	-5.6763	5.2954	19.1656	33.1842	45.3400	429	470	-240	100802	0.44 
11.585	2015-01-01 00:01:13.520	-0.7881	0.2021	3.4722	-15.1367	179.5654	-14.4043	4.9988	22.6593	32.9260	45.2900	427	472	-240	100802	0.44 
11.585	2015-01-01 00:01:13.560	-0.4204	0.2720	2.5239	2.8076	-59.6924	-13.6719	5.1526	22.8351	32.2833	45.1000	432	476	-238	100802	0.44 
11.632	2015-01-01 00:01:13.600	0.2598	0.1816	0.9263	2.9297	-45.1660	7.6294	5.1031	18.8800	32.7722	45.4400	430	476	-239	100802	0.44 
11.664	2015-01-01 00:01:13.640	-0.3481	0.3530	1.3809	11.9629	123.6572	29.9683	6.1359	20.7642	34.1949	45.1000	429	473	-240	100802	0.44 
11.742	2015-01-01 00:01:13.680	-0.5264	0.1655	1.5181	7.3853	6.1035	-5.0659	6.8445	23.3130	34.9310	45.2900	437	475	-241	100801	0.44 
11.773	2015-01-01 00:01:13.720	-0.1055	-0.3398	0.4185	2.7466	-56.5186	-13.1836	6.2567	21.4178	34.4257	45.2400	441	473	-238	100801	0.44 
11.804	2015-01-01 00:01:13.760	0.0508	-0.0894	0.2148	0.4272	33.7524	-24.4751	4.8779	19.8468	34.0906	45.2900	440	471	-241	100801	0.44 
11.851	2015-01-01 00:01:13.800	-0.4775	0.3657	1.1064	9.6436	51.1475	-14.0381	5.1196	21.9946	33.5742	45.2400	439	470	-241	100801	0.44 
11.898	2015-01-01 00:01:13.840	-0.3926	0.3667	1.5723	-3.6011	-9.2773	-5.7373	5.4053	22.6703	33.3435	45.2900	437	472	-241	100801	0.44 
11.945	2015-01-01 00:01:13.880	-0.2271	0.0742	1.0171	-7.6294	-22.2168	0.2441	5.1361	21.6431	33.3051	45.2400	440	471	-240	100801	0.44 
11.976	2015-01-01 00:01:13.920	-0.1553	-0.0020	0.7080	-3.4790	-10.4370	2.0142	4.8285	20.6982	33.4149	45.2900	438	477	-235	100801	0.44 
12.007	2015-01-01 00:01:13.960	-0.1509	0.0889	0.9458	-2.4414	13.9771	0.3662	4.6857	20.6323	33.5962	45.2400	437	477	-235	100801	0.44 
12.054	2015-01-01 00:01:14.000	-0.2441	0.1064	1.1323	-0.1221	2.1973	-3.4180	4.6747	20.7916	33.7115	45.2900	435	476	-236	100801	0.44 
12.086	2015-01-01 00:01:14.040	-0.2144	0.0693	1.0156	0.6104	-12.3291	-9.0332	4.5758	20.3137	33.4973	45.1500	436	474	-236	100801	0.44 
12.148	2015-01-01 00:01:14.080	-0.1895	0.0991	0.9053	1.8921	-3.4790	-10.0098	4.4769	19.8029	33.1512	45.2900	435	474	-239	100801	0.44 
12.180	2015-01-01 00:01:14.120	-0.2451	0.1431	0.9351	4.8828	10.8032	-7.5073	4.5868	19.8907	32.9150	45.3400	433	475	-239	100801	0.44 
12.211	2015-01-01 00:01:14.160	-0.2603	0.1450	0.9854	4.0283	8.9722	-7.0190	4.8010	20.2094	32.7557	45.2900	435	474	-243	100801	0.44 
12.257	2015-01-01 00:01:14.200	-0.2417	0.0845	1.0044	1.8921	2.6855	-7.5073	4.8560	20.3137	32.5745	45.2400	433	475	-242	100800	0.44 
12.289	2015-01-01 00:01:14.240	-0.2334	0.0654	1.0166	0.8545	1.2817	-10.1929	4.7406	20.2258	32.3218	45.1000	431	469	-237	100801	0.44 
12.351	2015-01-01 00:01:14.280	-0.2085	0.0864	0.9668	3.3569	1.2207	-9.9487	4.7021	20.1160	32.0306	45.1500	430	469	-234	100800	0.44 
12.398	2015-01-01 00:01:14.320	-0.2280	0.1299	0.9819	1.7090	5.1270	-11.0474	4.7296	20.1215	31.7615	45.2900	431	471	-238	100800	0.44 
12.430	2015-01-01 00:01:14.360	-0.2607	0.1255	1.0078	-0.3052	-0.1221	-11.3525	4.6637	20.1105	31.4264	45.3400	433	473	-242	100800	0.44 
12.461	2015-01-01 00:01:14.400	-0.2451	0.1074	0.9927	0.1221	-0.4883	-10.7422	4.5428	19.9896	31.0968	45.1500	430	472	-244	100800	0.44 
12.507	2015-01-01 00:01:14.440	-0.2329	0.1265	0.9688	-0.5493	-1.0376	-6.8970	4.4824	19.8248	30.8606	45.2900	427	470	-244	100800	0.44 
12.554	2015-01-01 00:01:14.480	-0.2412	0.1050	0.9775	-1.0376	-0.9766	-6.1646	4.4165	19.6930	30.7452	45.2900	425	469	-243	100800	0.44 
12.586	2015-01-01 00:01:14.520	-0.2407	0.0962	0.9917	0.1221	0.7324	-5.6763	4.3616	19.5831	30.6409	45.2900	424	469	-242	100800	0.44 
12.617	2015-01-01 00:01:14.560	-0.2451	0.1138	0.9951	0.0610	-0.3662	-6.6528	4.3231	19.4843	30.5365	45.3400	426	471	-242	100800	0.44 
12.664	2015-01-01 00:01:14.600	-0.2393	0.1357	0.9766	-0.2441	0.7935	-4.8828	4.3176	19.3634	30.4266	45.5300	427	470	-243	100800	0.44 
12.695	2015-01-01 00:01:14.640	-0.2319	0.1055	0.9741	-0.7324	0.9155	-3.2349	4.3176	19.2645	30.4321	45.0000	427	473	-241	100800	0.44 
12.758	2015-01-01 00:01:14.680	-0.2319	0.0952	0.9907	-0.3662	1.4648	-2.5635	4.3121	19.1931	30.4761	45.3400	424	475	-241	100800	0.44 
12.789	2015-01-01 00:01:14.720	-0.2407	0.1011	1.0015	-1.0986	1.0986	-0.9155	4.2957	19.1272	30.5475	45.3400	422	474	-239	100801	0.44 
12.820	2015-01-01 00:01:14.760	-0.2324	0.1069	0.9814	-0.6714	1.2207	-0.3662	4.3011	19.0228	30.6738	45.4800	421	474	-235	100800	0.44 
12.867	2015-01-01 00:01:14.800	-0.2290	0.1113	0.9834	-2.1973	3.1128	-1.8311	4.2957	18.9844	30.7837	45.3400	422	474	-237	100801	0.44 
12.914	2015-01-01 00:01:14.840	-0.2339	0.0986	0.9897	-3.4180	3.2349	-1.5259	4.2188	18.9899	30.8606	45.4400	422	477	-237	100801	0.44 
12.961	2015-01-01 00:01:14.880	-0.2319	0.0718	0.9966	-3.1128	1.9531	-2.5635	4.0759	18.9569	30.9210	45.2400	424	474	-238	100800	0.44 
13.008	2015-01-01 00:01:14.920	-0.2207	0.0801	1.0005	-2.7466	1.8311	-3.6011	3.9221	18.8800	30.9430	45.5300	422	472	-235	100800	0.44 
13.039	2015-01-01 00:01:14.960	-0.2256	0.1045	0.9941	-1.9531	2.6855	-2.6855	3.8397	18.8361	30.9760	45.1500	424	472	-237	100801	0.44 
13.086	2015-01-01 00:01:15.000	-0.2168	0.1172	0.9746	-2.8687	4.5166	-0.6714	3.7958	18.8361	31.0693	45.4800	424	473	-237	100801	0.44 
13.118	2015-01-01 00:01:15.040	-0.2407	0.1011	1.0098	-3.0518	3.2959	-1.0376	3.7189	18.8800	31.1847	45.2400	424	476	-238	100801	0.44 
13.211	2015-01-01 00:01:15.080	-0.2388	0.0947	0.9902	-2.8687	4.0283	1.2207	3.6475	18.8800	31.3330	45.4400	429	475	-240	100800	0.44 
13.211	2015-01-01 00:01:15.120	-0.2212	0.0859	0.9985	-2.1362	1.5259	0.4883	3.6145	18.8361	31.5253	45.1500	428	475	-242	100801	0.44 
13.242	2015-01-01 00:01:15.160	-0.2261	0.0869	0.9971	-2.0142	2.3804	-0.1221	3.5760	18.7701	31.6681	45.2900	426	474	-238	100801	0.44 
13.289	2015-01-01 00:01:15.200	-0.2300	0.0850	0.9878	-1.7700	2.2583	-1.0986	3.5431	18.7372	31.7834	45.2900	426	473	-237	100801	0.44 
13.320	2015-01-01 00:01:15.240	-0.2354	0.0723	0.9844	-1.7700	2.1362	-1.9531	3.4882	18.6987	31.8494	45.2900	431	478	-238	100801	0.44 
13.399	2015-01-01 00:01:15.280	-0.2319	0.0781	0.9961	-1.3428	1.1597	-3.1738	3.4167	18.6438	31.8604	45.3400	431	479	-240	100801	0.44 
13.430	2015-01-01 00:01:15.320	-0.2236	0.0796	0.9927	0.3662	2.8687	-3.9673	3.3838	18.6053	31.8439	45.3400	429	475	-240	100802	0.44 
13.461	2015-01-01 00:01:15.360	-0.2222	0.0977	0.9805	0.4272	2.8687	-2.1973	3.4222	18.5889	31.8604	45.2900	427	475	-239	100801	0.44 
13.492	2015-01-01 00:01:15.400	-0.2212	0.0928	0.9790	-0.4883	4.1504	-2.1362	3.4442	18.5834	31.8988	45.3400	426	476	-238	100802	0.44 
13.523	2015-01-01 00:01:15.440	-0.2412	0.0928	0.9839	-1.2207	3.4180	0.5493	3.4662	18.6163	31.9977	45.2900	426	475	-237	100802	0.44 
13.570	2015-01-01 00:01:15.480	-0.2358	0.0811	1.0044	-1.5259	3.1128	0.3662	3.4442	18.6273	32.1405	45.2900	427	474	-240	100802	0.44 
13.601	2015-01-01 00:01:15.520	-0.2412	0.0830	1.0122	-1.2207	1.4038	0.0000	3.4332	18.5999	32.2778	45.4400	428	474	-241	100802	0.44 
13.664	2015-01-01 00:01:15.560	-0.2227	0.0796	0.9858	-1.5869	-0.1221	-0.5493	3.4113	18.4735	32.3822	45.6800	428	473	-240	100802	0.44 
13.711	2015-01-01 00:01:15.600	-0.2202	0.0752	0.9946	-1.1597	-1.1597	-0.9766	3.3783	18.3197	32.4591	45.2900	428	474	-242	100802	0.44 
13.742	2015-01-01 00:01:15.640	-0.2305	0.0796	0.9829	0.4272	1.5869	-1.0986	3.3783	18.2043	32.5305	45.2900	429	475	-240	100802	0.44 
13.805	2015-01-01 00:01:15.680	-0.2188	0.0776	0.9927	-0.2441	0.4272	-1.4038	3.4167	18.1219	32.6019	45.2900	429	475	-241	100802	0.44 
13.836