StartTime: 2017-07-21 14:57:18.641
Time(s)	ChipTime	ax(g)	ay(g)	az(g)	wx(deg/s)	wy(deg/s)	wz(deg/s)	AngleX(deg)	AngleY(deg)	AngleZ(deg)	T(°)	hx	hy	hz	Pressure(Pa)	Altitude(m) 
455.100	2015-01-01 00:17:31.840	0.0122	0.1074	1.0083	-2.9907	-0.1831	-4.2725	5.3833	3.9276	61.2433	45.9600	388	166	-190	100799	0.44 
455.115	2015-01-01 00:17:31.880	0.0127	0.1084	0.9990	-3.0518	-0.1221	-3.1738	5.2789	3.8177	61.1884	45.7700	390	166	-190	100799	0.44 
455.162	2015-01-01 00:17:31.920	0.0127	0.0771	1.0283	-2.1973	-0.6714	-3.6621	5.1636	3.7299	61.1554	45.8700	390	166	-189	100799	0.44 
455.225	2015-01-01 00:17:31.960	-0.0098	0.1025	0.9966	-2.1973	3.9673	-6.8970	5.0702	3.6859	61.0510	45.7700	391	170	-188	100799	0.44 
455.271	2015-01-01 00:17:32.000	-0.0024	0.0859	1.1206	-1.8921	-3.7842	-9.5825	4.9878	3.6914	60.7709	46.3000	391	172	-188	100799	0.44 
455.303	2015-01-01 00:17:32.040	0.0400	0.0884	0.9712	-3.1128	-9.5215	-9.7046	4.8615	3.2684	60.4688	45.7700	391	171	-187	100799	0.44 
455.334	2015-01-01 00:17:32.080	0.0254	0.1001	1.0098	-3.5400	-2.3804	-10.8643	4.7241	3.0212	60.1337	45.7700	392	171	-191	100799	0.44 
455.365	2015-01-01 00:17:32.120	0.0298	0.1138	0.9360	-3.0518	-0.2441	-6.7749	4.6033	2.8400	59.8810	45.8200	391	169	-190	100799	0.44 
455.412	2015-01-01 00:17:32.160	-0.0054	0.0938	1.1011	1.2817	-0.9155	-2.7466	4.6198	2.8180	59.8041	45.7700	391	169	-192	100799	0.44 
455.443	2015-01-01 00:17:32.200	0.0000	0.0952	0.9629	0.4883	-5.1880	-1.9531	4.6472	2.5433	59.8260	45.8200	392	169	-195	100799	0.44 
455.506	2015-01-01 00:17:32.240	0.0239	0.1367	0.9595	-1.5259	1.3428	-2.1973	4.6912	2.3950	59.8260	46.0100	390	169	-193	100799	0.44 
455.537	2015-01-01 00:17:32.280	0.0288	0.1543	1.0088	-5.7373	1.2207	6.0425	4.6198	2.3676	59.9908	46.2000	387	169	-193	100800	0.44 
455.568	2015-01-01 00:17:32.320	-0.0273	0.0972	0.8979	-4.2114	5.1270	13.6719	4.4934	2.3456	60.5072	45.8200	385	169	-194	100800	0.44 
455.615	2015-01-01 00:17:32.360	-0.0142	0.0811	0.7671	-4.2114	25.3906	8.6670	4.3781	2.9224	61.0840	45.8700	385	164	-194	100799	0.44 
455.646	2015-01-01 00:17:32.400	-0.0352	0.1328	0.7256	-0.1221	43.5181	9.3384	4.4495	4.2682	61.6113	45.6800	385	167	-195	100799	0.44 
455.709	2015-01-01 00:17:32.440	-0.0996	0.1260	0.7021	5.4932	64.4531	11.2305	4.7076	6.5039	62.1442	45.6800	386	169	-195	100799	0.44 
455.756	2015-01-01 00:17:32.480	-0.1221	0.0435	1.0059	7.3242	44.4946	6.3477	5.1031	8.7122	62.7374	46.0100	391	167	-192	100800	0.44 
455.787	2015-01-01 00:17:32.520	0.0166	-0.1040	0.6504	9.2773	38.5132	-5.0659	5.0757	9.8657	62.9626	45.8200	391	167	-193	100800	0.44 
455.834	2015-01-01 00:17:32.560	-0.0786	0.1904	0.6104	27.2827	66.9556	2.8687	5.9216	11.8433	63.0286	45.7700	394	168	-190	100800	0.44 
455.881	2015-01-01 00:17:32.600	-0.1201	0.3262	0.6094	19.4702	75.9277	25.7568	7.5256	14.5569	63.8965	45.8200	399	168	-188	100799	0.44 
455.927	2015-01-01 00:17:32.640	-0.1943	0.1460	0.7417	13.0615	67.9321	39.6729	9.0198	17.0892	65.6653	45.8200	400	168	-187	100800	0.44 
455.943	2015-01-01 00:17:32.680	-0.2031	-0.0405	0.7695	17.2119	69.8242	22.3999	10.0085	19.5007	67.4286	46.0100	400	165	-185	100800	0.44 
455.990	2015-01-01 00:17:32.720	-0.2598	-0.0654	0.8188	22.5220	54.1382	2.9297	10.7996	21.7969	68.2745	45.7700	403	159	-182	100800	0.44 
456.037	2015-01-01 00:17:32.760	-0.2998	0.0117	1.0825	22.6440	43.8843	-25.8179	11.3379	23.6700	68.0438	45.8700	405	155	-181	100800	0.44 
456.115	2015-01-01 00:17:32.800	-0.2432	0.4805	0.8843	11.2915	45.4712	-27.0386	11.6180	25.3015	66.9177	46.0100	409	153	-176	100800	0.44 
456.115	2015-01-01 00:17:32.840	-0.4585	0.4092	1.1245	17.7612	69.8853	12.8174	12.7936	27.4933	67.2034	45.7700	415	147	-171	100801	0.44 
456.162	2015-01-01 00:17:32.880	-0.5522	0.2012	1.2031	-0.6104	27.4048	1.4648	13.5626	28.9929	68.0054	46.1500	419	143	-170	100801	0.44 
456.194	2015-01-01 00:17:32.920	-0.4502	0.4966	1.0898	0.9155	44.3726	23.5596	14.0790	30.0970	68.5876	45.8200	422	145	-163	100801	0.44 
456.256	2015-01-01 00:17:32.960	-0.4448	-0.0234	1.0508	-14.0991	25.0854	14.3433	14.3646	30.9265	69.8291	45.8700	422	143	-159	100802	0.44 
456.303	2015-01-01 00:17:33.000	-0.3892	0.2422	1.0703	-15.5640	4.0283	2.9297	13.6560	31.4539	70.1147	45.8700	420	140	-162	100802	0.44 
456.350	2015-01-01 00:17:33.040	-0.4473	0.2261	1.1230	-15.6250	-23.3765	25.0244	13.4473	30.3168	70.5542	45.7700	418	139	-163	100802	0.44 
456.365	2015-01-01 00:17:33.080	-0.5103	0.2065	1.0859	-24.2920	-29.1138	12.2681	12.8046	28.9325	70.9332	45.7700	419	139	-166	100803	0.44 
456.396	2015-01-01 00:17:33.120	-0.6123	0.3931	1.1753	-25.3296	-49.9268	26.5503	12.1069	27.0703	71.1035	45.9600	413	139	-167	100803	0.44 
456.444	2015-01-01 00:17:33.160	-0.3652	0.1909	1.2544	-34.1797	-43.7012	21.6675	11.1841	24.8071	71.4825	45.9600	405	139	-170	100803	0.44 
456.538	2015-01-01 00:17:33.200	-0.4736	0.1826	1.4263	-33.2031	-25.3296	13.5498	9.8163	23.2306	71.6913	45.8200	401	141	-173	100803	0.43 
456.553	2015-01-01 00:17:33.240	-0.5176	0.2632	1.3628	-19.4702	-24.7192	22.2778	9.0967	21.9891	72.1362	46.0100	391	138	-177	100803	0.43 
456.600	2015-01-01 00:17:33.280	-0.3906	0.2505	1.1997	-10.9863	-10.6201	14.8926	8.8110	21.1597	72.5537	45.8200	385	139	-184	100804	0.43 
456.631	2015-01-01 00:17:33.320	-0.3135	0.2041	1.0156	-1.4038	9.2163	15.9912	8.8385	20.9784	72.9108	45.7700	384	137	-188	100804	0.43 
456.662	2015-01-01 00:17:33.360	-0.3120	0.1714	0.8521	-2.3193	1.5259	6.4087	9.0308	21.0773	73.1030	45.6800	376	142	-187	100804	0.43 
456.709	2015-01-01 00:17:33.400	-0.2798	0.1064	0.8262	1.8311	2.6245	1.8311	9.0967	21.1102	72.9712	45.6800	371	142	-187	100804	0.43 
456.741	2015-01-01 00:17:33.440	-0.2344	0.2217	0.7690	6.8359	6.7749	7.8735	9.4098	21.1816	72.8668	45.9600	370	144	-187	100804	0.43 
456.803	2015-01-01 00:17:33.480	-0.1523	0.1924	0.8955	14.9536	12.0239	14.3433	10.1788	21.2915	73.1360	45.9600	368	144	-190	100804	0.43 
456.834	2015-01-01 00:17:33.520	-0.3267	0.3574	0.9131	17.1509	3.4790	14.1602	11.1951	21.3684	73.5095	45.8200	367	143	-191	100805	0.43 
456.866	2015-01-01 00:17:33.560	-0.4893	0.1997	1.0415	14.3433	16.1133	9.7656	12.1399	21.4178	73.6084	45.8700	367	143	-191	100805	0.43 
456.912	2015-01-01 00:17:33.600	-0.6572	0.4639	1.3828	11.9629	27.3438	11.6577	12.8650	22.4396	73.9380	46.0100	368	143	-187	100805	0.43 
456.944	2015-01-01 00:17:33.640	-0.7124	0.3281	1.3208	12.4512	45.4712	3.3569	13.7878	23.4998	74.1852	45.9600	367	143	-185	100805	0.43 
456.975	2015-01-01 00:17:33.680	-0.5894	0.5498	1.6338	13.6719	70.1294	-5.1270	14.6722	25.9497	74.3939	45.7700	364	141	-178	100805	0.43 
457.021	2015-01-01 00:17:33.720	-0.3687	0.2949	1.5029	21.6675	64.5142	-2.1362	15.5676	28.1470	74.6631	45.8200	363	138	-177	100805	0.43 
457.058	2015-01-01 00:17:33.760	-0.5425	0.3418	1.5127	27.4048	50.2930	-6.2866	16.7157	30.1135	74.8938	45.7700	367	140	-175	100805	0.43 
457.133	2015-01-01 00:17:33.800	-0.5425	0.3027	1.7393	33.8135	27.7100	-27.6489	17.5397	31.7340	74.1357	45.8200	375	143	-173	100805	0.43 
457.164	2015-01-01 00:17:33.840	-0.4150	0.4067	1.5918	24.6582	-14.5264	-40.6494	17.4957	31.8384	72.0099	45.4800	383	145	-169	100805	0.43 
457.196	2015-01-01 00:17:33.880	-0.6201	0.6694	1.5513	-7.5073	-44.4336	-45.4102	16.7047	30.8826	69.6204	46.1500	391	148	-168	100804	0.43 
457.242	2015-01-01 00:17:33.920	-0.4648	0.4580	1.7959	-33.8135	-50.7202	-61.0962	14.4635	29.1797	66.4398	45.8200	397	151	-164	100805	0.43 
457.274	2015-01-01 00:17:33.960	-0.6279	0.1211	2.1196	-23.3154	-137.8784	-53.0396	11.6400	25.5432	63.2648	45.9600	399	153	-167	100804	0.43 
457.336	2015-01-01 00:17:34.000	-0.6890	0.1538	1.2773	-7.4463	-106.6284	-60.2417	9.2560	20.8685	59.4690	46.0600	401	154	-170	100805	0.43 
457.368	2015-01-01 00:17:34.040	-0.1045	0.1567	-0.2295	-64.3921	-189.7583	-15.6250	8.8660	13.0682	58.6121	45.5300	401	155	-171	100805	0.43 
457.399	2015-01-01 00:17:34.080	-1.9219	0.3516	-1.9336	-51.1475	-75.8667	35.7666	7.3169	9.3439	56.9366	45.6800	391	161	-182	100804	0.43 
457.446	2015-01-01 00:17:34.120	-0.5454	0.3657	0.9648	29.2969	11.3525	3.4180	10.0360	11.6071	57.0630	45.7700	389	173	-189	100803	0.43 
457.493	2015-01-01 00:17:34.160	0.3604	-0.7305	-0.0371	-34.4238	-91.8579	-27.2827	8.6462	7.6904	56.6840	45.7700	386	174	-192	100803	0.44 
457.539	2015-01-01 00:17:34.200	-0.0508	-0.1997	-0.3828	-17.4561	-13.4888	-72.8760	5.3448	4.8065	54.3054	45.5300	380	174	-195	100802	0.44 
457.586	2015-01-01 00:17:34.240	-0.0977	0.5645	0.0391	1.7700	6.4087	0.5493	6.4819	5.5756	52.9486	45.2900	381	178	-196	100802	0.44 
457.634	2015-01-01 00:17:34.280	0.0249	0.2505	-0.2339	-27.5269	-4.1504	18.3105	7.6575	5.5206	53.7891	45.6800	383	179	-197	100801	0.44 
457.665	2015-01-01 00:17:34.320	-0.1768	-0.1113	-0.1763	-34.3018	72.9980	54.6265	5.5371	6.3226	55.8160	45.6800	384	176	-198	100801	0.44 
457.696	2015-01-01 00:17:34.360	-0.2837	-0.0762	0.1504	-45.3491	77.2705	29.7241	5.4877	10.2777	56.7169	45.6800	382	178	-201	100800	0.44 
457.743	2015-01-01 00:17:34.400	0.1255	-0.3169	0.5771	-31.8604	-12.2681	15.8081	3.5101	11.7828	57.9749	45.6300	379	180	-207	100800	0.44 
457.774	2015-01-01 00:17:34.440	0.1548	-0.0132	-0.1191	-17.2119	-44.4946	11.9019	1.6919	8.5089	58.3044	45.4800	377	181	-209	100800	0.44 
457.821	2015-01-01 00:17:34.480	-0.2368	0.5615	-0.1846	-13.3667	-15.6860	15.3198	3.4882	8.3826	58.8593	45.6300	371	185	-212	100799	0.44 
457.868	2015-01-01 00:17:34.520	-0.5938	-0.1978	0.1240	53.0396	97.2290	-111.5723	5.6140	10.1898	57.1783	45.5300	364	180	-217	100799	0.44 
457.914	2015-01-01 00:17:34.560	-1.6055	-0.2651	6.4834	-0.7324	-134.7046	-34.2407	5.0317	14.0955	51.0095	45.7700	365	177	-218	100799	0.44 
457.977	2015-01-01 00:17:34.600	-0.6841	0.9482	3.6836	38.8794	-1.4038	-41.7480	9.3439	18.4955	51.8170	45.7700	390	174	-207	100799	0.44 
458.039	2015-01-01 00:17:34.640	0.9067	-0.4316	-0.5063	-47.7295	-113.2813	109.0698	7.2784	6.7017	53.9099	45.6300	393	171	-201	100800	0.44 
458.039	2015-01-01 00:17:34.680	-0.6025	-0.4360	3.0371	72.0215	201.2939	9.8877	7.2784	11.7444	55.4700	45.5300	383	173	-203	100800	0.44 
458.071	2015-01-01 00:17:34.720	-0.1118	0.2817	1.7773	-29.7852	-133.7280	-15.6860	8.0640	10.6073	55.8765	45.6300	384	174	-199	100800	0.44 
458.118	2015-01-01 00:17:34.760	0.2441	-0.0083	0.2905	-8.1787	-58.8989	-14.4043	6.6412	5.9601	54.8163	45.6800	385	176	-198	100800	0.44 
458.180	2015-01-01 00:17:34.800	0.1807	0.1846	0.4087	25.7568	45.8374	4.7607	7.7454	5.2460	54.8602	45.5300	378	173	-197	100800	0.44 
458.196	2015-01-01 00:17:34.840	-0.0688	0.1123	0.6021	-4.5776	-8.5449	5.6152	8.3661	5.7953	55.3326	45.6300	377	174	-200	100799	0.44 
458.243	2015-01-01 00:17:34.880	-0.2534	-0.0249	0.5562	0.3662	-10.1318	9.4604	7.8992	5.4437	55.7886	45.4400	373	173	-200	100800	0.44 
458.274	2015-01-01 00:17:34.920	-0.2148	0.1353	0.9233	6.7749	-17.0898	11.5967	8.0585	5.3009	56.0742	45.4800	372	172	-198	100799	0.44 
458.352	2015-01-01 00:17:34.960	0.0078	0.1958	0.9927	-4.3335	-15.5029	5.4932	8.2782	4.5758	56.5411	45.4800	371	169	-193	100799	0.44 
458.384	2015-01-01 00:17:35.000	0.1792	-0.0542	0.9487	-14.3433	-19.3481	7.1411	7.6300	3.3948	56.8433	45.6300	369	171	-194	100799	0.44 
458.399	2015-01-01 00:17:35.040	0.0630	-0.0371	1.0615	-4.0894	0.7935	0.7935	7.0587	2.9388	57.1509	45.7700	368	174	-198	100799	0.44 
458.446	2015-01-01 00:17:35.080	0.0879	0.0923	1.0352	-0.6714	-14.9536	5.7983	6.9269	2.4664	57.3761	45.2400	367	175	-199	100799	0.44 
458.477	2015-01-01 00:17:35.120	-0.0073	0.0083	1.0430	3.3569	-1.8921	-1.2207	6.8884	2.0105	57.6288	45.6800	364	175	-200	100799	0.44 
458.525	2015-01-01 00:17:35.160	-0.0615	0.0376	1.1069	2.1973	-16.7847	-1.5259	6.8500	1.6589	57.6343	45.5300	362	177	-202	100799	0.44 
458.602	2015-01-01 00:17:35.200	0.1333	0.1563	0.8179	0.7324	-13.4277	-0.9766	6.9104	0.7361	57.6013	45.5300	359	178	-203	100799	0.44 
458.602	2015-01-01 00:17:35.240	0.0332	0.0068	1.0835	1.8921	16.0522	-2.6855	6.8774	1.0052	57.6013	45.7700	360	175	-200	100799	0.44 
458.665	2015-01-01 00:17:35.280	-0.0308	-0.0864	1.0649	-1.2207	-8.0566	-9.5825	6.6687	0.9723	57.5848	45.6300	362	174	-196	100799	0.44 
458.696	2015-01-01 00:17:35.320	0.0269	0.0156	0.9854	3.2349	-3.7231	-15.0757	6.4764	0.7141	57.2278	45.6800	360	173	-194	100799	0.44 
458.743	2015-01-01 00:17:35.360	0.0396	0.2798	0.8965	18.6768	4.6997	5.8594	6.8884	0.5493	57.1014	45.6300	357	173	-197	100799	0.44 
458.790	2015-01-01 00:17:35.400	-0.1035	0.3257	1.0757	22.7661	25.4517	14.2212	8.2233	1.3898	57.6563	45.4800	355	173	-198	100798	0.44 
458.821	2015-01-01 00:17:35.440	-0.0063	-0.1411	1.2339	11.4136	-12.3901	-6.6528	8.7726	1.7029	58.0188	45.6300	358	173	-198	100798	0.44 
458.853	2015-01-01 00:17:35.480	0.3267	-0.0586	0.9160	11.7798	-38.0859	-36.5601	8.7781	0.3021	57.1344	45.7700	358	173	-196	100798	0.44 
458.915	2015-01-01 00:17:35.520	0.2134	0.4146	0.8906	10.1318	-8.4229	-37.7197	9.4647	-0.5493	55.5963	45.5300	358	171	-192	100798	0.44 
458.946	2015-01-01 00:17:35.560	0.0356	0.2642	1.0542	2.1973	-0.6714	-18.7378	9.8383	-0.7031	54.5416	45.6800	363	170	-192	100798	0.44 
458.993	2015-01-01 00:17:35.600	0.0078	0.3569	0.8833	4.0283	-6.7139	1.9531	10.1624	-0.8240	54.3713	45.5300	364	170	-193	100798	0.44 
459.024	2015-01-01 00:17:35.640	0.0410	0.1064	0.9868	2.1973	22.1558	4.4556	10.4535	-0.6317	54.6625	45.4800	365	168	-190	100798	0.44 
459.055	2015-01-01 00:17:35.680	-0.0601	-0.0410	1.1353	7.0801	6.7749	2.5024	10.3546	0.0494	55.2722	45.8700	365	166	-189	100798	0.44 
459.102	2015-01-01 00:17:35.720	0.1572	0.2529	0.8315	2.0142	5.4321	-8.4839	10.5249	0.0275	55.2612	45.3400	365	164	-188	100798	0.44 
459.149	2015-01-01 00:17:35.760	0.0664	0.1211	1.0303	-5.6152	14.4653	-4.2725	10.4865	0.3845	55.2722	45.6800	366	165	-185	100798	0.44 
459.180	2015-01-01 00:17:35.800	0.0088	0.0649	1.0474	-2.2583	4.7607	-0.1831	10.1459	0.6702	55.4974	45.7700	365	166	-185	100798	0.44 
459.243	2015-01-01 00:17:35.840	0.0347	0.1660	1.0181	-3.6621	3.6621	-1.0986	9.9921	0.8185	55.6842	45.5300	366	163	-184	100798	0.44 
459.274	2015-01-01 00:17:35.880	0.0625	0.0981	0.9956	-3.2349	4.0283	0.4272	9.7888	0.8405	55.8820	45.4400	367	167	-185	100798	0.44 
459.321	2015-01-01 00:17:35.920	0.0591	0.0942	0.9932	-2.7466	4.0894	-2.8687	9.5856	0.9338	56.0522	45.5300	367	166	-186	100798	0.44 
459.352	2015-01-01 00:17:35.960	0.0498	0.1372	1.0049	-1.7090	6.7749	-5.3711	9.4318	1.1096	56.0962	45.6800	367	167	-187	100798	0.44 
459.415	2015-01-01 00:17:36.000	0.0269	0.1470	1.0112	-1.4038	5.6763	-5.3101	9.3549	1.2909	56.0852	45.5300	366	167	-189	100797	0.44 
459.446	2015-01-01 00:17:36.040	0.0518	0.1274	0.9951	-4.2114	1.2817	-6.2256	9.1956	1.3623	56.0413	45.4400	366	166	-191	100797	0.44 
459.477	2015-01-01 00:17:36.080	-0.0142	0.1367	0.9604	-1.5259	13.2446	-2.8076	9.0308	1.6315	56.0632	45.6800	367	165	-191	100797	0.44 
459.524	2015-01-01 00:17:36.120	-0.0703	0.2031	0.9355	-4.1504	16.3574	4.6997	9.0033	2.2687	56.3544	45.6800	367	163	-191	100798	0.44 
459.571	2015-01-01 00:17:36.160	-0.0801	0.1182	0.9170	-5.6763	21.9116	7.8125	8.7781	3.0542	56.8268	45.6300	367	165	-189	100798	0.44 
459.618	2015-01-01 00:17:36.200	-0.0825	0.1230	0.7939	-6.6528	31.7383	6.1646	8.5254	4.0594	57.3486	45.5300	368	165	-192	100798	0.44 
459.649	2015-01-01 00:17:36.240	-0.1411	0.1816	0.8647	7.0190	50.4761	17.7002	8.6517	5.8008	58.1122	45.6300	368	165	-194	100798	0.44 
459.680	2015-01-01 00:17:36.280	-0.0396	0.3311	1.1040	-1.7090	10.5591	33.2642	9.1406	6.9983	59.3921	45.7700	366	167	-192	100798	0.44 
459.728	2015-01-01 00:17:36.320	0.0308	0.1226	0.6768	-14.4043	32.2266	12.5122	8.9594	7.1246	60.4303	45.4400	364	166	-192	100798	0.44 
459.758	2015-01-01 00:17:36.360	-0.0771	0.0820	0.7539	-1.9531	50.9033	16.7847	8.7286	8.8165	61.2488	45.6800	364	167	-193	100799	0.44 
459.821	2015-01-01 00:17:36.400	-0.0972	-0.0391	0.7290	0.0610	41.8701	5.0049	8.7177	10.5304	62.0563	45.8700	365	167	-192	100799	0.44 
459.868	2015-01-01 00:17:36.440	-0.2554	-0.0566	0.5181	14.0381	62.3779	4.5166	8.6243	12.5519	62.5232	45.7700	365	166	-190	100799	0.44 
459.899	2015-01-01 00:17:36.480	-0.2573	0.3354	1.1245	13.1226	64.3311	21.7896	9.5581	15.5017	63.4460	45.5300	368	164	-189	100799	0.44 
459.946	2015-01-01 00:17:36.520	-0.1455	-0.1392	0.7710	-3.4180	11.5967	-3.8452	9.6405	16.1938	64.1766	45.5300	368	163	-189	100799	0.44 
459.977	2015-01-01 00:17:36.560	-0.1704	0.1245	0.7383	2.9297	38.5742	-3.2349	9.2615	17.2485	63.8470	45.5300	369	162	-189	100799	0.44 
460.056	2015-01-01 00:17:36.600	-0.2773	0.2466	0.9038	0.0000	70.0684	21.1182	9.7559	19.1492	64.5996	45.8200	375	161	-189	100799	0.44 
460.087	2015-01-01 00:17:36.640	-0.4082	0.0337	1.0073	-2.2583	60.9131	11.6577	10.1569	21.9452	65.5939	45.6300	378	159	-189	100799	0.44 
460.118	2015-01-01 00:17:36.680	-0.0991	0.1274	0.8276	-4.0894	68.3594	21.1182	10.2722	23.7579	66.8408	45.7700	379	159	-191	100799	0.44 
460.149	2015-01-01 00:17:36.720	-0.3481	0.0615	1.0103	0.5493	76.7212	12.7563	10.6567	26.5155	67.9834	45.6300	380	159	-190	100800	0.44 
460.180	2015-01-01 00:17:36.760	-0.2437	0.0317	1.0317	-3.7231	36.3159	4.5776	10.7062	28.2294	68.6096	45.4400	383	160	-191	100800	0.44 
460.227	2015-01-01 00:17:36.800	-0.2500	0.2744	0.8560	-3.1738	13.8550	-0.8545	10.5743	28.7292	68.5272	45.6800	382	158	-191	100801	0.44 
460.274	2015-01-01 00:17:36.840	-0.3594	0.0645	1.0234	6.9580	7.8125	-3.2959	10.6842	29.0753	68.3734	45.5300	386	156	-191	100801	0.44 
460.321	2015-01-01 00:17:36.880	-0.3130	0.3394	0.9111	-4.6997	-1.2207	-4.5776	10.5524	28.8885	67.8406	45.6300	388	155	-190	100801	0.44 
460.353	2015-01-01 00:17:36.920	-0.4561	0.1616	1.1646	3.4790	-17.9443	14.5874	10.8929	28.3777	67.9285	45.6300	386	153	-190	100801	0.44 
460.399	2015-01-01 00:17:36.960	-0.3999	0.1504	1.1982	-10.8032	-59.6924	1.4648	10.3986	26.4771	67.6318	45.5300	384	153	-189	100802	0.44 
460.462	2015-01-01 00:17:37.000	-0.4951	0.4258	1.3545	-0.7324	-73.9746	49.2554	10.5139	23.1647	68.0219	45.6800	378	150	-192	100802	0.44 
460.493	2015-01-01 00:17:37.040	-0.7710	0.3408	1.6563	-14.2822	-72.2656	22.3999	10.8380	19.9512	69.0765	45.6800	371	148	-191	100802	0.44 
460.525	2015-01-01 00:17:37.080	-0.6509	0.3345	1.5957	-20.4468	-30.3345	-21.6675	9.6021	17.7594	67.7966	45.7700	367	147	-190	100803	0.43 
460.556	2015-01-01 00:17:37.120	-0.5039	0.3955	1.6006	4.2114	10.9253	-7.8125	9.4043	18.1439	67.0276	45.6300	352	148	-191	100803	0.43 
460.633	2015-01-01 00:17:37.160	-0.1440	0.1343	1.0356	9.3384	24.3530	3.7231	9.7284	18.5779	66.9507	45.6300	348	148	-192	100803	0.43 
460.665	2015-01-01 00:17:37.200	-0.2432	0.1631	0.8350	11.7798	30.3955	2.9907	10.2612	19.5447	67.1594	45.4800	349	148	-190	100804	0.43 
460.680	2015-01-01 00:17:37.240	-0.2310	0.1245	0.7617	10.3149	8.5449	4.1504	10.7666	20.2313	67.1869	45.5300	345	149	-190	100804	0.43 
460.712	2015-01-01 00:17:37.280	-0.1582	0.0454	0.4824	12.6953	1.0376	-1.3428	11.1566	20.1874	67.0496	45.6300	343	150	-190	100804	0.43 
460.758	2015-01-01 00:17:37.320	-0.1445	0.1118	0.5015	2.4414	10.1929	1.1597	11.4423	20.3961	66.8793	45.5300	343	148	-188	100804	0.43 
460.821	2015-01-01 00:17:37.360	-0.2227	0.1064	0.6919	-1.5869	8.7891	13.1836	11.4972	20.7037	67.0166	45.6300	343	147	-184	100804	0.43 
460.884	2015-01-01 00:17:37.400	-0.3569	0.2524	0.9556	-2.1973	-10.8032	24.1699	11.7389	20.4950	67.5769	45.6300	344	147	-182	100805	0.43 
460.915	2015-01-01 00:17:37.440	-0.5869	0.3594	1.3389	2.0142	19.2871	28.2593	12.2827	20.5444	68.5547	45.6300	343	148	-185	100805	0.43 
460.946	2015-01-01 00:17:37.480	-0.6685	0.2422	1.6045	3.9063	41.3818	-10.6812	12.5519	21.6980	68.7799	46.0100	344	146	-185	100805	0.43 
460.977	2015-01-01 00:17:37.520	-0.6899	0.4961	1.7144	17.1509	100.8911	3.2959	13.2495	24.8291	68.9008	45.5300	344	147	-186	100805	0.43 
461.024	2015-01-01 00:17:37.560	-0.8154	0.3472	1.5703	13.3057	86.0596	-20.9961	14.0295	28.6249	69.1040	45.5300	348	147	-185	100804	0.43 
461.055	2015-01-01 00:17:37.600	-0.6748	0.3857	1.4956	11.3525	63.2324	-19.8975	14.5569	31.6187	68.7634	45.7700	356	146	-185	100805	0.43 
461.119	2015-01-01 00:17:37.640	-0.4600	0.2031	1.3984	12.5122	24.1089	-26.2451	14.3427	32.9810	67.7692	45.6300	362	148	-187	100805	0.43 
461.150	2015-01-01 00:17:37.680	-0.5127	0.2744	1.4561	31.5552	25.0244	-12.1460	14.8041	33.8379	67.0001	45.6800	369	151	-191	100805	0.43 
461.181	2015-01-01 00:17:37.720	-0.4951	0.3623	1.6128	3.6621	-10.8643	-18.9209	15.1556	33.8654	66.0718	45.5300	375	153	-188	100805	0.43 
461.259	2015-01-01 00:17:37.760	-0.8062	0.5122	1.6289	-11.4746	-26.7944	-11.2915	13.9032	32.8821	64.5172	45.7700	379	154	-184	100805	0.43 
461.306	2015-01-01 00:17:37.800	-0.5366	0.4629	1.9688	-11.6577	-98.5107	-5.0659	13.5846	29.9432	63.7921	45.5300	381	154	-181	100805	0.43 
461.306	2015-01-01 00:17:37.840	-0.4941	-0.2197	1.6289	-7.9346	-107.6050	-15.2588	11.6400	25.2686	61.9739	45.6300	381	158	-184	100805	0.43 
461.352	2015-01-01 00:17:37.880	-0.5601	0.5142	1.0293	-36.0107	-150.6348	-13.4888	10.4095	20.5444	60.3809	45.7700	380	160	-186	100805	0.43 
461.384	2015-01-01 00:17:37.920	-0.2485	0.3687	-0.3818	-83.7402	-196.2891	13.3667	8.5583	13.4418	59.0460	45.8200	373	163	-189	100805	0.43 
461.430	2015-01-01 00:17:37.960	-1.0273	0.2905	-1.5234	-17.7612	-76.8433	50.2319	9.2175	8.1189	59.8645	45.4400	359	170	-195	100804	0.43 
461.477	2015-01-01 00:17:38.000	-0.3477	-0.0771	0.8037	-13.0615	22.7661	-44.4946	10.6787	9.6735	58.9526	45.5300	347	176	-197	100804	0.43 
461.540	2015-01-01 00:17:38.040	0.1929	-0.4688	0.0078	-23.9258	-80.1392	-40.3442	8.6243	7.0862	57.3761	45.5300	343	180	-198	100804	0.43 
461.571	2015-01-01 00:17:38.080	0.0918	0.2134	-0.2993	-6.2866	-21.7285	-44.1284	7.9816	5.3943	55.6952	45.3400	339	179	-200	100803	0.43 
461.602	2015-01-01 00:17:38.120	0.0889	0.0933	-0.0767	5.3711	-23.0713	-6.4087	10.2557	4.5758	55.3326	45.5300	338	181	-200	100803	0.44 
461.665	2015-01-01 00:17:38.160	-0.1353	0.0063	-0.0908	4.0894	8.3008	21.1792	12.7441	5.5096	55.4645	45.6300	342	182	-204	100803	0.44 
461.696	2015-01-01 00:17:38.200	-0.5029	0.1670	0.0386	15.3809	9.5215	37.7808	14.7107	6.9653	55.9369	45.4800	344	182	-206	100802	0.44 
461.727	2015-01-01 00:17:38.240	-0.1079	0.0078	-0.1255	0.1221	25.8179	-3.6011	16.5234	8.4320	55.8545	45.3400	339	181	-201	100802	0.44 
461.775	2015-01-01 00:17:38.280	0.0449	-0.0234	0.1313	-5.4932	28.3813	-1.5259	15.8093	8.5748	56.0193	45.4800	337	186	-201	100801	0.44 
461.806	2015-01-01 00:17:38.320	-0.0898	0.1162	0.1123	-9.3384	-12.5732	-3.7842	15.3534	9.0967	55.4974	45.4800	337	185	-199	100801	0.44 
461.884	2015-01-01 00:17:38.360	-0.1455	-0.0874	0.0947	-5.1270	51.6968	-2.8076	16.5784	9.1571	56.2830	45.7700	337	183	-197	100801	0.44 
461.931	2015-01-01 00:17:38.400	0.5498	2.0889	8.1655	7.7515	-103.6987	-35.5225	18.2867	13.5901	56.7279	45.7700	336	181	-195	100801	0.44 
461.931	2015-01-01 00:17:38.440	-0.6240	-0.5264	2.3057	31.7383	304.6875	-57.4341	15.6995	14.0240	56.3489	45.6300	338	176	-197	100801	0.44 
461.977	2015-01-01 00:17:38.480	0.8354	0.9849	2.6074	-74.4019	-394.1040	27.0996	15.7928	12.8320	55.1239	45.5300	342	180	-195	100801	0.44 
462.009	2015-01-01 00:17:38.520	1.0435	-0.4263	0.1025	24.2310	66.3452	-8.6670	13.9362	4.8779	53.9539	45.4800	341	181	-194	100801	0.44 
462.056	2015-01-01 00:17:38.560	-1.1260	0.3882	2.4780	-4.3945	85.6934	-19.5313	14.7217	10.4919	55.2063	45.4800	339	177	-196	100802	0.44 
462.134	2015-01-01 00:17:38.600	0.1826	0.5303	0.6499	1.6479	-133.3618	22.3389	14.5624	7.8717	54.1736	45.4800	340	172	-196	100801	0.44 
462.134	2015-01-01 00:17:38.640	0.0347	-0.3135	-0.4614	-7.8125	7.5073	22.7051	13.4967	3.3069	54.4098	45.5300	337	173	-193	100802	0.44 
462.196	2015-01-01 00:17:38.680	-0.2231	0.0728	0.8594	15.5640	33.2031	-7.6904	12.7991	4.6747	55.4150	45.3400	335	177	-189	100801	0.44 
462.227	2015-01-01 00:17:38.720	-0.0835	0.1572	0.4722	-4.6997	-13.7329	-14.2822	12.8650	4.5868	54.9207	45.4400	335	178	-189	100801	0.44 
462.290	2015-01-01 00:17:38.760	-0.0044	0.0991	0.7598	3.9673	14.3433	-7.5684	12.7551	4.8889	54.5361	45.6800	331	177	-192	100801	0.44 
462.322	2015-01-01 00:17:38.800	-0.0278	0.1563	1.2891	-14.5264	-12.6953	-12.2681	12.3981	4.9823	54.3768	45.5300	332	177	-194	100801	0.44 
462.353	2015-01-01 00:17:38.840	0.1040	0.0176	1.2515	5.5542	-1.5259	-15.0757	11.8927	4.5483	53.8220	45.7700	332	177	-193	100801	0.44 
462.416	2015-01-01 00:17:38.880	0.0400	0.3374	1.2290	-2.6855	7.4463	-10.8643	11.9971	4.5923	53.4924	45.2900	332	177	-194	100800	0.44 
462.446	2015-01-01 00:17:38.920	0.0151	0.1992	0.9165	-11.7798	9.0332	-6.4697	11.6510	4.8230	53.3221	45.2900	332	178	-195	100800	0.44 
462.477	2015-01-01 00:17:38.960	-0.0015	-0.0288	0.8535	-1.5869	16.7847	0.5493	11.2610	5.2075	53.5529	45.5300	336	178	-193	100800	0.44 
462.540	2015-01-01 00:17:39.000	-0.0005	0.1021	0.8950	-3.2349	16.3574	-10.5591	10.9698	5.7953	53.6792	45.2900	337	177	-191	100800	0.44 
462.556	2015-01-01 00:17:39.040	-0.0415	0.1362	0.9800	-3.7231	9.3994	-17.9443	10.6732	6.2787	53.2507	45.6800	339	176	-192	100800	0.44 
462.602	2015-01-01 00:17:39.080	-0.0308	0.1479	1.0313	5.0659	1.4648	-12.9395	10.6348	6.4655	52.8662	45.3400	339	173	-196	100800	0.44 
462.649	2015-01-01 00:17:39.120	-0.0098	0.1069	1.0806	2.7466	1.4648	-9.2163	10.6018	6.4490	52.5696	45.3400	339	175	-198	100800	0.44 
462.681	2015-01-01 00:17:39.160	0.0073	0.1729	1.1196	5.0659	0.7324	-6.5308	10.6787	6.2732	52.4432	45.4400	341	174	-197	100800	0.44 
462.743	2015-01-01 00:17:39.200	-0.0415	0.0215	1.0381	4.5776	4.6387	-3.7842	10.7556	6.3391	52.4762	45.5300	341	175	-197	100800	0.44 
462.775	2015-01-01 00:17:39.240	0.0386	0.0908	1.0342	6.7749	9.9487	-11.6577	10.7501	6.5259	52.4213	45.2900	344	174	-194	100800	0.44 
462.806	2015-01-01 00:17:39.280	-0.0083	0.1621	0.9922	-0.9155	3.6621	-8.1787	10.7776	6.5973	52.2345	45.5300	341	177	-195	100800	0.44 
462.869	2015-01-01 00:17:39.320	-0.0142	0.1216	1.0396	-1.7090	-6.8359	0.6104	10.6403	6.4655	52.2839	45.4400	343	177	-195	100799	0.44 
462.915	2015-01-01 00:17:39.360	0.0488	0.1011	0.9902	1.0986	-1.4648	-0.4272	10.5414	6.1029	52.4213	45.6800	343	175	-195	100799	0.44 
462.946	2015-01-01 00:17:39.400	-0.0259	0.1377	0.9976	0.4883	9.7046	-2.6245	10.5304	6.1633	52.6245	45.5300	343	174	-195	100799	0.44 
462.962	2015-01-01 00:17:39.440	-0.0254	0.1377	1.0269	-1.7700	1.0986	4.3945	10.4315	6.1963	52.8333	45.4800	342	172	-192	100799	0.44 
463.009	2015-01-01 00:17:39.480	0.0635	0.2017	1.0088	0.3662	-3.7231	14.8926	10.4700	5.8667	53.4650	45.4400	343	171	-194	100799	0.44 
463.071	2015-01-01 00:17:39.520	0.0757	0.0420	0.9595	-3.9673	4.7607	1.1597	10.3271	5.5865	53.9429	45.4800	344	171	-195	100799	0.44 
463.118	2015-01-01 00:17:39.560	0.0342	0.0308	1.0215	3.4790	10.2539	-6.4087	10.1239	5.7843	54.1296	45.5300	342	174	-195	100799	0.44 
463.150	2015-01-01 00:17:39.600	0.0107	0.1597	1.0435	3.7231	6.0425	-8.7891	10.1953	5.9052	53.9923	45.6800	343	174	-193	100799	0.44 
463.181	2015-01-01 00:17:39.640	0.0137	0.1475	0.9849	2.9907	3.1128	-5.6763	10.2612	5.9326	53.8715	45.6800	343	174	-190	100798	0.44 
463.228	2015-01-01 00:17:39.680	0.0327	0.1216	1.0161	0.1831	2.7466	-2.0752	10.2722	5.9436	53.8934	45.8200	343	176	-190	100798	0.44 
463.274	2015-01-01 00:17:39.720	0.0142	0.0947	0.9307	2.0752	11.7188	-3.1738	10.2228	5.9711	54.0088	45.5300	345	174	-191	100799	0.44 
463.321	2015-01-01 00:17:39.760	-0.0742	0.1372	1.0371	1.8921	15.2588	-5.1880	10.2557	6.5643	54.1187	45.5300	343	176	-192	100799	0.44 
463.353	2015-01-01 00:17:39.800	-0.1133	0.1113	0.9932	2.1973	11.4136	-6.9580	10.2063	7.0642	54.0417	45.6800	343	177	-192	100799	0.44 
463.384	2015-01-01 00:17:39.840	-0.0811	0.1328	1.0293	-0.3052	9.5215	-11.2305	10.1294	7.4542	53.8660	45.6300	346	174	-193	100798	0.44 
463.431	2015-01-01 00:17:39.880	-0.0679	0.1167	0.9839	-3.9673	2.9907	-14.2822	9.8932	7.6849	53.5474	45.2900	351	168	-194	100799	0.44 
463.478	2015-01-01 00:17:39.920	0.0479	0.1426	0.8452	-7.8735	10.9863	-22.0337	9.5471	7.8827	53.0420	45.6800	352	168	-193	100799	0.44 
463.524	2015-01-01 00:17:39.960	-0.1050	0.0864	0.5356	-6.9580	54.3823	-22.7661	9.1681	9.1516	52.5421	45.7700	353	170	-192	100799	0.44 
463.556	2015-01-01 00:17:40.000	-0.2910	0.0811	0.5801	10.4370	95.9473	-24.4751	9.1187	12.9199	52.1686	45.5300	358	168	-195	100799	0.44 
463.587	2015-01-01 00:17:40.040	-0.3467	0.0747	0.8174	8.4839	61.9507	-47.4243	9.2065	16.6223	51.1908	45.5300	365	169	-192	100799	0.44 
463.634	2015-01-01 00:17:40.080	-0.1929	0.1323	0.5474	8.1787	30.2124	-29.4189	9.0143	18.5449	49.9274	45.2400	370	170	-189	100798	0.44 
463.665	2015-01-01 00:17:40.120	-0.0796	0.1948	0.3608	12.0850	44.0063	-3.0518	9.7504	19.9896	49.7791	45.4400	376	170	-191	100798	0.44 
463.728	2015-01-01 00:17:40.160	-0.1743	-0.0107	0.5601	15.5640	75.7446	-4.1504	10.4370	22.3187	50.4327	45.5300	384	161	-188	100799	0.44 
463.774	2015-01-01 00:17:40.200	-0.2305	0.2539	0.5527	25.7568	94.4214	0.6714	11.4423	25.3125	51.1853	45.5300	389	157	-187	100799	0.44 
463.806	2015-01-01 00:17:40.240	-0.5078	0.2852	0.9771	26.0010	115.5396	35.2783	13.6011	29.4104	53.1793	45.5300	398	158	-185	100799	0.44 
463.869	2015-01-01 00:17:40.280	-0.6797	0.0024	1.5142	-3.9063	40.1001	-1.2207	14.6173	32.4536	54.9316	45.4400	403	159	-186	100799	0.44 
463.900	2015-01-01 00:17:40.320	-0.2612	0.1978	0.9570	21.1792	43.7622	-2.4414	14.7162	33.4259	55.2393	45.5300	406	157	-181	100800	0.44 
463.946	2015-01-01 00:17:40.360	-0.4717	0.3032	1.1025	5.4932	3.9063	5.0659	15.8752	33.7885	56.0797	45.5300	408	152	-178	100800	0.44 
463.978	2015-01-01 00:17:40.400	-0.3813	0.1611	0.8730	2.4414	25.5737	-18.9209	15.5566	34.2169	55.8325	45.4400	408	150	-175	100800	0.44 
464.041	2015-01-01 00:17:40.440	-0.4136	0.2485	0.9653	6.0425	14.7095	3.8452	15.8148	34.8541	55.9149	45.6800	410	147	-173	100800	0.44 
464.072	2015-01-01 00:17:40.480	-0.2578	-0.0073	0.8325	-12.2681	6.9580	-20.8130	15.4138	34.6783	55.9424	45.2900	412	146	-173	100800	0.44 
464.103	2015-01-01 00:17:40.520	-0.4053	0.2676	0.8594	-10.3149	1.8311	-13.4277	14.1504	34.8267	55.1404	45.6800	410	143	-171	100800	0.44 
464.181	2015-01-01 00:17:40.560	-0.3618	0.2925	0.9878	-24.1089	-35.1563	11.7188	13.7000	33.9697	55.3436	45.6300	409	138	-168	100800	0.44 
464.181	2015-01-01 00:17:40.600	-0.4419	0.2783	1.0859	-11.2915	-57.1289	29.4800	13.0737	31.3770	55.7941	45.6300	406	138	-170	100800	0.44 
464.228	2015-01-01 00:17:40.640	-0.6177	0.3237	1.2075	-12.3291	-79.4067	33.7524	13.2275	28.2239	56.8378	45.4800	401	141	-174	100801	0.44 
464.274	2015-01-01 00:17:40.680	-1.0391	0.3955	1.6143	-7.2632	-6.4087	5.0049	13.0188	26.1859	57.2443	45.5300	395	145	-175	100801	0.44 
464.306	2015-01-01 00:17:40.720	-1.1567	0.7139	2.1992	4.6387	-5.4321	-14.4653	13.0078	26.9000	56.6675	45.5300	390	143	-176	100801	0.44 
464.353	2015-01-01 00:17:40.760	-0.4888	0.3745	1.5771	11.1084	36.9263	18.7988	13.5626	27.1417	57.1564	45.4400	386	141	-178	100801	0.44 
464.385	2015-01-01 00:17:40.800	-0.5024	0.2388	1.1089	-3.1128	28.9917	-3.4180	14.0021	28.2733	57.9529	45.5300	384	139	-179	100801	0.44 
464.447	2015-01-01 00:17:40.840	-0.2075	0.1748	1.0044	-5.0659	-0.4272	5.2490	13.8373	28.7073	58.1726	45.5300	384	140	-178	100802	0.44 
464.478	2015-01-01 00:17:40.880	-0.1377	-0.0415	0.1460	-2.2583	7.5073	-4.7607	13.5022	28.1964	58.3429	45.6300	384	138	-179	100802	0.44 
464.509	2015-01-01 00:17:40.920	-0.3315	0.1064	0.2607	-0.8545	33.8135	-3.7842	13.3759	29.8059	58.2660	45.2900	385	139	-179	100803	0.44 
464.588	2015-01-01 00:17:40.960	-0.4009	0.0688	0.4634	0.3052	42.4805	-3.1738	13.6945	31.8988	58.1012	45.4800	388	143	-173	100803	0.44 
464.619	2015-01-01 00:17:41.000	-0.2949	0.1196	0.4219	2.9907	38.9404	-3.2959	13.9801	33.5797	58.2056	45.5300	391	143	-174	100802	0.44 
464.650	2015-01-01 00:17:41.040	-0.2988	0.1768	0.5059	-1.4038	6.8359	14.8315	14.5074	33.8763	59.0570	45.4400	392	144	-172	100803	0.44 
464.713	2015-01-01 00:17:41.080	-0.3096	0.2363	0.8403	3.4180	19.2261	26.6724	15.2710	34.1455	59.9249	45.5300	392	143	-174	100803	0.44 
464.759	2015-01-01 00:17:41.120	-0.4966	0.2129	1.0283	-13.5498	-5.3101	11.9629	15.3864	33.7555	60.8588	45.5300	390	138	-177	100803	0.44 
464.791	2015-01-01 00:17:41.160	-0.9829	0.4277	1.4370	-4.1504	3.1128	27.0386	15.6665	33.4808	61.8036	45.4800	383	138	-178	100803	0.44 
464.822	2015-01-01 00:17:41.200	-1.0298	0.3936	1.6577	7.3853	26.4893	-2.5635	16.0345	34.0192	62.2595	45.5300	379	139	-180	100803	0.44 
464.885	2015-01-01 00:17:41.240	-1.1172	0.5723	1.5479	22.8882	77.8809	9.0942	17.1222	36.2219	62.8967	45.4400	378	138	-176	100802	0.44 
464.915	2015-01-01 00:17:41.280	-0.8008	0.2480	1.4204	17.3340	78.1250	-24.2310	18.4186	39.0729	63.5449	45.4400	381	138	-174	100803	0.44 
464.962	2015-01-01 00:17:41.320	-0.7144	0.4893	1.4277	13.7939	52.9785	-24.6582	18.8416	41.5338	63.0505	45.6300	387	139	-173	100803	0.44 
464.993	2015-01-01 00:17:41.360	-0.5605	0.3110	1.1968	7.1411	66.1621	-8.5449	19.3469	43.3521	63.3362	45.5300	392	138	-169	100803	0.44 
465.025	2015-01-01 00:17:41.400	-0.6475	0.3765	1.4595	10.6812	10.2539	2.3804	20.1874	44.2859	63.7976	45.4800	400	141	-168	100803	0.44 
465.087	2015-01-01 00:17:41.440	-0.6558	0.3765	1.5493	7.3242	-31.3721	22.1558	20.4950	43.3740	64.0063	45.8200	404	140	-168	100802	0.44 
465.118	2015-01-01 00:17:41.480	-0.7949	0.4526	1.4487	-1.7700	-55.3589	-6.8359	20.1654	41.0449	63.3911	45.4400	403	141	-170	100802	0.44 
465.197	2015-01-01 00:17:41.520	-0.6577	0.3735	1.7163	-11.9019	-85.6934	-14.8315	18.4900	38.2489	61.5070	45.3400	406	146	-167	100802	0.44 
465.197	2015-01-01 00:17:41.560	-0.6284	0.5049	2.0361	-24.1089	-166.5649	-18.3716	16.2598	32.6843	58.8867	45.5300	403	152	-170	100802	0.44 
465.243	2015-01-01 00:17:41.600	-0.2793	-0.1597	0.6104	-58.8379	-167.7246	-38.2080	12.3322	26.4276	55.3271	45.5300	400	154	-173	100802	0.44 
465.290	2015-01-01 00:17:41.640	-0.1660	0.1387	-0.2290	-28.1372	-189.8804	5.2490	10.2887	19.4128	54.1406	45.4800	399	153	-172	100802	0.44 
465.321	2015-01-01 00:17:41.680	-0.8633	0.0601	-1.6636	-24.2310	-97.7783	-8.7891	10.7391	14.5349	52.8223	45.5300	386	160	-180	100802	0.44 
465.368	2015-01-01 00:17:41.720	-0.4795	0.4473	0.9229	-0.3052	-45.5322	26.3672	12.2552	14.2822	52.7948	45.5300	376	172	-189	100801	0.44 
465.431	2015-01-01 00:17:41.760	0.0488	-0.3237	-0.1523	-22.8882	-89.9658	-2.0752	10.9973	10.5963	52.8223	45.6800	370	174	-192	100801	0.44 
465.462	2015-01-01 00:17:41.800	-0.1294	0.0015	-0.2290	-12.7563	-34.2407	-13.4277	9.3549	7.5751	52.3389	45.3400	365	175	-192	100800	0.44 
465.494	2015-01-01 00:17:41.840	-0.1191	0.0093	-0.0244	-13.6108	-35.6445	-3.6621	10.3876	7.4707	50.9106	45.3400	364	176	-192	100800	0.44 
465.571	2015-01-01 00:17:41.880	-0.1089	-0.0508	-0.1392	-6.7749	-18.2495	-15.4419	11.8323	7.8387	49.5758	45.6300	355	177	-191	100799	0.44 
465.619	2015-01-01 00:17:41.920	-0.0679	-0.0366	-0.1660	1.7700	16.0522	-34.9121	11.6785	8.0750	48.5925	45.2900	352	177	-195	100799	0.44 
465.619	2015-01-01 00:17:41.960	-0.1040	-0.0391	0.0449	-4.3335	30.2734	-43.1519	11.1896	9.5032	47.1149	45.3400	354	176	-194	100799	0.44 
465.650	2015-01-01 00:17:42.000	0.1255	0.0972	0.0249	-0.1831	23.5596	-34.3628	11.1456	10.8875	45.7745	45.4400	361	176	-196	100798	0.44 
465.696	2015-01-01 00:17:42.040	-0.1255	0.1489	0.0063	6.4087	15.8081	-16.7847	13.0243	11.7993	45.5493	45.3400	365	173	-194	100798	0.44 
465.775	2015-01-01 00:17:42.080	-1.1177	-0.0327	-0.2275	-12.2070	46.1426	-15.6250	13.8538	14.0240	43.6267	45.2900	373	171	-193	100798	0.44 
465.806	2015-01-01 00:17:42.120	0.9980	4.9331	10.2231	125.6104	303.4058	-164.4897	21.7749	27.2296	47.1259	45.5300	380	170	-191	100797	0.44 
465.838	2015-01-01 00:17:42.160	-1.1841	-0.6665	1.1851	-29.7241	-64.8804	-13.1226	14.7162	22.0496	45.3900	45.2400	389	161	-182	100798	0.44 
465.869	2015-01-01 00:17:42.200	-0.4932	-0.8638	1.4663	-49.9878	-39.7949	-18.6157	12.3816	19.0942	45.5548	45.3400	391	157	-183	100797	0.44 
465.932	2015-01-01 00:17:42.240	-0.4829	0.3804	2.1919	-12.6953	-48.0347	-17.6392	11.0083	19.3634	43.8464	45.4400	389	161	-187	100798	0.44 
465.978	2015-01-01 00:17:42.280	-0.0688	-0.1128	1.1738	-39.7339	12.6953	-67.9321	8.6078	18.2977	41.9513	45.2900	390	167	-193	100798	0.44 
466.010	2015-01-01 00:17:42.320	-0.2070	0.2593	0.6563	49.0723	21.1182	-45.2271	8.7122	18.6438	40.4407	45.3400	395	169	-195	100798	0.44 
466.041	2015-01-01 00:17:42.360	-0.0933	0.3931	0.8076	33.2031	-24.1089	-16.5405	10.6018	19.3414	39.5068	45.4400	404	170	-196	100798	0.44 
466.072	2015-01-01 00:17:42.400	0.1187	0.4595	-0.0532	16.2964	-62.0728	39.4287	12.5684	16.4630	40.3693	45.4400	409	170	-195	100797	0.44 
466.135	2015-01-01 00:17:42.440	-0.3721	-0.4941	0.0068	-5.6152	19.3481	1.1597	14.1010	15.6006	41.3965	45.1000	404	170	-193	100798	0.44 
466.181	2015-01-01 00:17:42.480	-0.4009	0.2725	1.6997	7.8125	1.6479	-0.1831	13.3429	17.1606	42.3029	45.4400	400	171	-192	100797	0.44 
466.212	2015-01-01 00:17:42.520	-0.1978	0.5313	1.1460	5.9814	-7.0801	20.3857	13.8757	15.9082	43.0115	45.4400	401	168	-191	100797	0.44 
466.243	2015-01-01 00:17:42.560	-0.1948	-0.0933	1.0527	-14.5874	-2.0142	10.2539	13.5516	15.5841	44.1650	45.2900	402	167	-188	100797	0.44 
466.275	2015-01-01 00:17:42.600	-0.0391	0.0449	0.7837	12.6343	2.9907	4.5776	13.2275	15.3479	44.8792	45.4800	400	166	-189	100797	0.44 
466.322	2015-01-01 00:17:42.640	-0.0596	0.3540	1.0254	7.5073	14.0991	2.1973	13.8757	15.3699	45.4724	45.1000	395	165	-190	100798	0.44 
466.353	2015-01-01 00:17:42.680	-0.1460	0.1563	1.0640	-11.7798	-14.8926	9.8267	13.7219	15.0293	46.0876	45.2900	392	164	-189	100797	0.44 
466.416	2015-01-01 00:17:42.720	-0.1333	-0.0010	0.9102	15.5029	8.0566	11.9629	13.6615	14.5349	46.9775	45.3400	389	165	-190	100797	0.44 
466.462	2015-01-01 00:17:42.760	-0.1934	0.2402	1.1162	10.0708	15.3809	-1.7090	14.2108	14.9689	47.6697	45.4400	386	166	-193	100798	0.44 
466.493	2015-01-01 00:17:42.800	-0.0640	0.2798	0.9658	-4.9438	-1.2207	-0.0610	14.2712	14.9359	47.9059	45.2900	387	164	-191	100798	0.44 
466.540	2015-01-01 00:17:42.840	-0.0801	0.0752	0.9795	2.6245	2.7466	9.5215	14.1614	14.6283	48.5321	45.2900	389	163	-193	100797	0.44 
466.587	2015-01-01 00:17:42.880	-0.0903	0.1323	1.0186	4.5776	1.1597	3.9063	14.2383	14.3591	49.1583	45.4400	385	162	-193	100797	0.44 
466.619	2015-01-01 00:17:42.920	-0.0957	0.1948	1.0068	0.7324	7.9956	1.4648	14.2987	14.3317	49.5868	45.2400	384	165	-187	100797	0.44 
466.650	2015-01-01 00:17:42.960	-0.1353	0.1772	0.9492	1.7090	10.6812	7.5684	14.3536	14.4360	50.1746	45.2900	385	167	-183	100798	0.44 
466.697	2015-01-01 00:17:43.000	-0.1274	0.1328	1.0415	3.2349	6.1646	5.8594	14.4635	14.5294	50.8173	45.3400	386	165	-185	100797	0.44 
466.728	2015-01-01 00:17:43.040	-0.0728	0.1836	1.0171	1.4648	5.1270	6.2866	14.4910	14.4525	51.3281	45.2400	384	164	-184	100798	0.44 
466.790	2015-01-01 00:17:43.080	-0.1035	0.1904	0.9863	1.4038	5.7373	8.5449	14.5898	14.3756	51.9928	45.3400	381	164	-183	100797	0.44 
466.837	2015-01-01 00:17:43.120	-0.0962	0.1426	1.0122	0.0000	2.0752	8.1177	14.5844	14.1943	52.6135	45.2400	381	161	-186	100798	0.44 
466.853	2015-01-01 00:17:43.160	-0.1133	0.1431	1.0186	0.0610	1.0986	0.9766	14.4855	13.9856	53.0255	45.3400	380	159	-188	100797	0.44 
466.916	2015-01-01 00:17:43.200	-0.0854	0.1719	1.0015	-0.3662	-3.6621	-2.6855	14.3536	13.7164	53.1848	45.4400	379	163	-190	100797	0.44 
466.931	2015-01-01 00:17:43.240	-0.0684	0.1729	1.0015	-1.3428	1.9531	-3.7842	14.1888	13.5187	53.2343	45.2400	378	165	-190	100797	0.44 
467.025	2015-01-01 00:17:43.280	-0.0859	0.1260	0.9951	0.0000	-0.5493	-4.4556	14.0076	13.3154	53.3221	45.4400	377	163	-186	100797	0.44 
467.057	2015-01-01 00:17:43.320	-0.0742	0.1812	1.0054	-1.8921	-0.4272	-7.3853	13.7988	13.1561	53.2727	45.3400	380	164	-182	100797	0.44 
467.088	2015-01-01 00:17:43.360	-0.1074	0.1782	1.0020	-2.1973	-0.1221	-6.7749	13.5901	12.9968	53.1958	45.1500	378	162	-185	100797	0.44 
467.119	2015-01-01 00:17:43.400	-0.0864	0.1689	0.9966	-2.2583	-6.7139	-4.4556	13.3704	12.7167	53.1573	45.2900	377	161	-187	100797	0.44 
467.150	2015-01-01 00:17:43.440	-0.0596	0.1338	0.9937	-1.1597	-2.8076	-8.5449	13.1122	12.3816	53.0475	45.2900	377	163	-185	100797	0.44 
467.197	2015-01-01 00:17:43.480	-0.0815	0.1748	0.9917	-0.5493	-2.2583	-9.5215	12.9309	12.1674	52.8827	45.3400	377	164	-186	100797	0.44 
467.244	2015-01-01 00:17:43.520	-0.0679	0.1763	1.0112	-0.6104	-2.2583	-8.0566	12.7771	12.0190	52.7399	45.2900	377	165	-188	100797	0.44 
467.275	2015-01-01 00:17:43.560	-0.0669	0.1567	0.9839	0.2441	0.0000	-8.1787	12.6343	11.8213	52.6245	45.2900	377	166	-187	100797	0.44 
467.322	2015-01-01 00:17:43.600	-0.0913	0.1660	0.9902	0.9766	3.4790	-8.1787	12.5464	11.7389	52.5366	45.2900	374	168	-186	100797	0.44 
467.354	2015-01-01 00:17:43.640	-0.0630	0.1855	1.0054	-0.9766	-1.2207	-7.5684	12.4310	11.6895	52.4158	45.2900	377	165	-186	100797	0.44 
467.432	2015-01-01 00:17:43.680	-0.0879	0.1582	1.0059	-1.6479	0.7935	-7.2632	12.2662	11.5686	52.3773	45.2400	381	162	-185	100797	0.44 
467.463	2015-01-01 00:17:43.720	-0.0605	0.1777	0.9956	-1.4648	-1.1597	-6.2866	12.0959	11.4093	52.3334	45.2400	382	161	-186	100797	0.44 
467.478	2015-01-01 00:17:43.760	-0.0693	0.1641	1.0083	-1.8311	-1.7090	-5.4932	11.9531	11.2225	52.3553	45.2900	383	162	-185	100797	0.44 
467.525	2015-01-01 00:17:43.800	-0.0537	0.1597	1.0015	-1.4648	0.7324	-6.8359	11.7719	11.0468	52.3553	45.4400	383	163	-187	100797	0.44 
467.557	2015-01-01 00:17:43.840	-0.0664	0.1533	0.9980	-1.0986	2.4414	-7.7515	11.6290	10.9918	52.3499	45.1500	382	159	-182	100797	0.44 
467.635	2015-01-01 00:17:43.880	-0.0737	0.1709	0.9858	-0.6104	1.7700	-6.1035	11.4972	10.9479	52.3444	45.2900	381	161	-184	100797	0.44 
467.666	2015-01-01 00:17:43.920	-0.0562	0.1631	1.0088	-1.5259	2.1362	-4.6997	11.4038	10.8875	52.4048	45.2900	382	162	-188	100797	0.44 
467.697	2015-01-01 00:17:43.960	-0.0825	0.1567	1.0083	-1.0986	1.6479	-4.4556	11.2665	10.8435	52.4817	45.1000	382	160	-186	100797	0.44 
467.744	2015-01-01 00:17:44.000	-0.0532	0.1450	1.0278	-2.5024	-2.8076	-5.0049	11.1127	10.6787	52.5531	45.2900	379	161	-185	100797	0.44 
467.775	2015-01-01 00:17:44.040	-0.0610	0.1475	1.0093	-2.1973	-0.2441	-6.2256	10.9259	10.4865	52.5806	45.2900	382	162	-185	100798	0.44 
467.838	2015-01-01 00:17:44.080	-0.0508	0.1470	0.9927	-2.6855	1.2817	-5.7983	10.7391	10.3656	52.5806	45.2900	384	163	-188	100798	0.44 
467.869	2015-01-01 00:17:44.120	-0.0659	0.1528	0.9902	-2.6245	0.8545	-4.7607	10.5634	10.2557	52.6410	45.2400	382	162	-187	100798	0.44 
467.901	2015-01-01 00:17:44.160	-0.0400	0.1621	0.9985	-3.1738	0.0000	-4.5776	10.3931	10.1788	52.6849	45.3400	385	165	-186	100798	0.44 
467.963	2015-01-01 00:17:44.200	-0.0615	0.1475	0.9966	-2.3804	0.8545	-3.6011	10.2393	10.0470	52.7838	45.2900	389	167	-186	100798	0.44 
468.009	2015-01-01 00:17:44.240	-0.0439	0.1660	1.0010	-3.0518	4.2725	-5.0659	10.1019	9.9976	52.8827	45.2400	386	166	-186	100798	0.44 
468.057	2015-01-01 00:17:44.280	-0.0361	0.1523	0.9717	-4.4556	5.5542	-4.2114	9.9097	9.9701	52.9816	45.1500	385	166	-189	100798	0.44 
468.057	2015-01-01 00:17:44.320	-0.1060	0.1445	1.0723	1.8921	9.8877	-3.0518	9.7668	10.2722	53.0859	45.4400	385	165	-188	100798	0.44 
468.119	2015-01-01 00:17:44.360	-0.0928	0.1279	1.0063	0.7324	5.2490	-8.8501	9.7943	10.4205	53.1079	45.3400	385	167	-189	100798	0.44 
468.151	2015-01-01 00:17:44.400	-0.0864	0.1641	0.9961	0.5493	1.8921	-10.5591	9.7064	10.4645	52.9706	45.2900	385	164	-189	100798	0.44 
468.182	2015-01-01 00:17:44.440	-0.1094	0.1714	1.0088	-0.5493	0.9766	-8.6060	9.6350	10.4865	52.8223	45.1500	386	165	-187	100798	0.44 
468.275	2015-01-01 00:17:44.480	-0.0786	0.1455	1.0039	0.3052	-0.7935	-5.6763	9.5856	10.3876	52.8003	45.1000	387	164	-189	100798	0.44 
468.275	2015-01-01 00:17:44.520	-0.0830	0.1504	0.9990	-0.2441	1.5869	-6.8970	9.5251	10.3217	52.8058	45.2900	386	161	-189	100798	0.44 
468.322	2015-01-01 00:17:44.560	-0.0859	0.1323	1.0015	-0.9766	1.8921	-6.9580	9.4263	10.2887	52.7893	45.2900	386	161	-189	100798	0.44 
468.353	2015-01-01 00:17:44.600	-0.0864	0.1445	1.0244	-0.3052	0.7935	-6.1646	9.3274	10.2777	52.7893	45.2900	389	164	-188	100797	0.44 
468.401	2015-01-01 00:17:44.640	-0.0679	0.1499	0.9619	-0.4272	4.0283	-4.8828	9.2670	10.1953	52.8168	45.2900	391	165	-188	100797	0.44 
468.447	2015-01-01 00:17:44.680	-0.0630	0.1606	1.0024	-0.5493	3.1738	-2.9297	9.2340	10.2832	52.9211	45.2900	390	162	-188	100798	0.44 
468.479	2015-01-01 00:17:44.720	-0.1035	0.1382	1.0264	-0.4272	4.6387	-1.7700	9.1846	10.3436	53.1189	45.2900	388	160	-191	100798	0.44 
468.525	2015-01-01 00:17:44.760	-0.0688	0.1401	0.9868	-1.1597	2.5024	-2.7466	9.1132	10.2997	53.3002	45.2400	389	162	-187	100797	0.44 
468.557