StartTime: 2017-07-21 14:12:30.612
Time(s)	ChipTime	ax(g)	ay(g)	az(g)	wx(deg/s)	wy(deg/s)	wz(deg/s)	AngleX(deg)	AngleY(deg)	AngleZ(deg)	T(°)	hx	hy	hz	Pressure(Pa)	Altitude(m) 
37.320	2015-01-01 00:05:38.280	-0.1602	0.0430	1.0024	0.4883	-0.0610	-1.0986	2.0929	8.8165	42.6709	47.5900	496	457	-237	100845	0.40 
37.367	2015-01-01 00:05:38.320	-0.1655	0.0405	1.0068	0.4272	-0.1221	-1.4648	2.1094	8.8275	42.6654	47.5900	496	460	-239	100845	0.40 
37.414	2015-01-01 00:05:38.360	-0.1709	0.0479	1.0156	0.3052	0.0000	-1.3428	2.1259	8.8385	42.6434	47.6400	496	455	-233	100846	0.40 
37.445	2015-01-01 00:05:38.400	-0.1709	0.0483	1.0088	0.1221	-0.5493	-1.4648	2.1368	8.8440	42.6324	47.5400	496	455	-233	100846	0.40 
37.508	2015-01-01 00:05:38.440	-0.1646	0.0400	1.0093	0.0610	-0.2441	-0.9155	2.1368	8.8495	42.6270	47.8800	498	452	-233	100845	0.40 
37.539	2015-01-01 00:05:38.480	-0.1660	0.0435	1.0088	0.0000	-0.0610	-1.0986	2.1368	8.8550	42.6379	47.7800	499	452	-232	100845	0.40 
37.570	2015-01-01 00:05:38.520	-0.1563	0.0439	1.0034	0.1831	0.0000	-0.7324	2.1533	8.8440	42.6654	47.7800	500	453	-230	100845	0.40 
37.649	2015-01-01 00:05:38.560	-0.1904	0.0449	1.0298	0.3662	-2.6245	-0.1221	2.1643	8.8440	42.6764	47.8800	500	453	-229	100846	0.40 
37.649	2015-01-01 00:05:38.600	-0.1592	0.0444	1.0078	0.0000	-2.6245	0.7324	2.1698	8.7231	42.7368	47.5900	500	454	-229	100845	0.40 
37.711	2015-01-01 00:05:38.640	-0.1885	0.0571	1.0176	-0.3662	-5.1880	2.1973	2.1753	8.5968	42.8302	47.7400	499	454	-229	100845	0.40 
37.742	2015-01-01 00:05:38.680	-0.1875	0.0415	1.0186	1.4038	-8.7280	4.5776	2.2302	8.3496	43.0005	47.7400	501	452	-231	100846	0.40 
37.774	2015-01-01 00:05:38.720	-0.2046	0.0264	1.0186	1.7090	-15.3809	6.7139	2.3126	7.9211	43.2532	47.6400	503	452	-233	100845	0.40 
37.867	2015-01-01 00:05:38.760	-0.1860	0.0386	1.0024	1.5259	-18.3105	4.6997	2.3840	7.2839	43.4784	47.5900	504	452	-234	100846	0.40 
37.867	2015-01-01 00:05:38.800	-0.1816	0.0493	1.0088	1.0986	-23.8647	5.9814	2.4609	6.5149	43.6816	47.5900	500	452	-234	100846	0.40 
37.898	2015-01-01 00:05:38.840	-0.1621	0.0542	1.0298	-0.0610	-30.4565	6.7749	2.4994	5.4767	43.9124	47.5900	495	452	-236	100846	0.40 
37.945	2015-01-01 00:05:38.880	-0.1274	0.0532	1.0283	0.1831	-35.6445	6.2866	2.5269	4.1968	44.1211	47.9300	494	454	-241	100846	0.40 
37.976	2015-01-01 00:05:38.920	-0.1143	0.0747	1.0366	0.3662	-41.9922	7.9346	2.5873	2.7191	44.3463	47.7400	494	455	-243	100846	0.40 
38.054	2015-01-01 00:05:38.960	-0.0889	0.0664	1.0117	0.4272	-50.9033	9.5215	2.6477	0.9064	44.6210	47.5900	490	454	-236	100846	0.40 
38.054	2015-01-01 00:05:39.000	-0.0679	0.0537	1.0151	-0.4883	-61.0352	10.6201	2.6477	-1.2689	44.9451	47.6400	483	454	-236	100846	0.40 
38.117	2015-01-01 00:05:39.040	0.0020	0.0435	1.0078	-3.4180	-67.2607	6.1646	2.5653	-3.7683	45.1373	47.7800	475	451	-241	100846	0.40 
38.180	2015-01-01 00:05:39.080	0.0542	0.0200	0.9868	-7.7515	-69.0308	5.2490	2.3016	-6.4435	45.2802	47.5900	470	451	-244	100846	0.40 
38.226	2015-01-01 00:05:39.120	0.0923	0.0273	1.0103	-6.4697	-74.8291	2.7466	2.0050	-9.2120	45.3461	47.7800	463	451	-242	100846	0.40 
38.258	2015-01-01 00:05:39.160	0.1733	0.0361	1.0845	-4.4556	-91.2476	2.6245	1.7853	-12.3706	45.3461	47.5400	458	448	-242	100845	0.40 
38.289	2015-01-01 00:05:39.200	0.2549	0.0337	0.8652	-4.9438	-105.5908	13.3667	1.5106	-16.5399	45.6427	47.7800	456	447	-242	100846	0.40 
38.321	2015-01-01 00:05:39.240	0.2588	0.0532	0.8926	-1.5869	-84.2285	7.2632	1.3678	-20.0391	45.9888	47.5900	446	448	-245	100846	0.40 
38.352	2015-01-01 00:05:39.280	0.2920	0.0410	0.8472	-4.8218	-85.0830	13.9160	1.0986	-23.5767	46.4008	47.5400	434	453	-244	100846	0.40 
38.429	2015-01-01 00:05:39.320	0.3989	0.0054	0.9233	-5.8594	-92.1021	8.7280	0.7581	-26.9000	46.7743	47.7400	425	455	-241	100845	0.40 
38.477	2015-01-01 00:05:39.360	0.5171	0.0215	0.8320	-8.5449	-88.5010	11.7798	0.2692	-30.5530	47.1973	47.8800	421	456	-240	100846	0.40 
38.477	2015-01-01 00:05:39.400	0.5190	-0.0034	0.9004	-10.8643	-94.3604	12.1460	-0.4669	-34.0796	47.8235	47.4500	414	457	-241	100845	0.40 
38.523	2015-01-01 00:05:39.440	0.6294	0.0264	0.7520	-9.4604	-91.2476	8.5449	-1.1371	-37.8424	48.2684	47.9300	404	461	-238	100846	0.40 
38.571	2015-01-01 00:05:39.480	0.6636	-0.0439	0.6968	-12.4512	-90.3320	3.8452	-1.8677	-41.4624	48.6804	47.7400	397	465	-237	100846	0.40 
38.602	2015-01-01 00:05:39.520	0.7466	-0.0327	0.6240	-13.0615	-86.6699	3.7842	-2.6587	-45.0879	48.9221	47.6400	394	466	-236	100846	0.40 
38.711	2015-01-01 00:05:39.560	0.7861	-0.0669	0.5781	-15.9912	-89.0503	5.6763	-3.7463	-48.7244	49.4714	47.9800	383	467	-233	100846	0.40 
38.711	2015-01-01 00:05:39.600	0.8169	-0.0410	0.4897	-12.9395	-90.7593	10.8032	-5.0592	-52.4323	50.2625	47.9300	374	466	-228	100846	0.40 
38.726	2015-01-01 00:05:39.640	0.8677	-0.0654	0.4331	-14.2212	-86.1206	13.9160	-6.8884	-56.0687	51.6357	47.7400	365	465	-223	100846	0.40 
38.773	2015-01-01 00:05:39.680	0.8994	-0.0649	0.3628	-13.0005	-81.0547	18.0054	-9.1956	-59.4855	53.4705	47.5400	362	468	-214	100846	0.40 
38.821	2015-01-01 00:05:39.720	0.9492	-0.0835	0.4063	-11.1694	-68.7866	18.3716	-12.0520	-62.4188	55.8655	47.9300	356	469	-209	100847	0.40 
38.899	2015-01-01 00:05:39.760	1.0469	-0.1729	0.2729	-10.2539	-60.9131	16.1743	-15.2985	-64.9292	58.6945	47.7800	352	468	-211	100847	0.40 
38.930	2015-01-01 00:05:39.800	1.0029	-0.1968	0.2383	-9.5825	-50.0488	7.6294	-18.4021	-67.0770	61.2653	47.7400	350	468	-209	100847	0.40 
38.961	2015-01-01 00:05:39.840	0.9819	-0.1680	0.2266	-7.6294	-42.9688	3.9673	-21.1102	-68.9008	63.4021	47.5900	347	469	-198	100847	0.40 
38.992	2015-01-01 00:05:39.880	1.0210	-0.1909	0.2051	-6.6528	-39.3066	1.9531	-23.6755	-70.4718	65.4291	47.5400	350	470	-192	100847	0.40 
39.039	2015-01-01 00:05:39.920	1.1929	-0.1753	0.1328	-8.7280	-39.0625	-6.2256	-26.3013	-72.0319	67.4396	47.7400	351	472	-190	100847	0.40 
39.102	2015-01-01 00:05:39.960	0.8701	-0.1719	0.1665	-5.8594	-13.6108	-1.7090	-28.1909	-73.1250	68.6261	47.7400	346	474	-182	100847	0.40 
39.133	2015-01-01 00:05:40.000	1.2017	-0.1899	0.0811	-5.2490	0.7324	-11.1084	-28.5974	-73.6853	68.4009	47.5900	345	474	-182	100847	0.40 
39.164	2015-01-01 00:05:40.040	0.8125	-0.1030	0.2461	0.4272	4.0283	3.3569	-28.0865	-73.6084	67.4396	47.7400	344	472	-183	100847	0.40 
39.211	2015-01-01 00:05:40.080	1.0732	-0.1719	0.1602	-1.1597	1.0376	-3.5400	-28.2568	-73.6414	67.2638	47.7400	343	473	-180	100847	0.40 
39.242	2015-01-01 00:05:40.120	0.8364	-0.0850	0.2866	-2.9907	1.2817	-1.7700	-27.4823	-73.5590	66.0278	47.4000	343	475	-179	100847	0.40 
39.305	2015-01-01 00:05:40.160	1.0532	-0.2046	0.1348	-4.5776	-1.0376	-1.1597	-28.2623	-73.6743	66.3739	47.5900	342	474	-177	100847	0.40 
39.368	2015-01-01 00:05:40.200	0.8921	-0.1167	0.2529	-4.3945	5.1270	-8.7280	-27.4054	-73.6084	64.9457	47.5900	343	476	-180	100847	0.40 
39.399	2015-01-01 00:05:40.240	0.9688	-0.1699	0.1924	-3.0518	0.0610	-1.2207	-27.3395	-73.6963	64.4403	47.4500	340	476	-177	100846	0.40 
39.430	2015-01-01 00:05:40.280	0.9844	-0.1548	0.1938	-0.2441	6.6528	0.1831	-27.2351	-73.6359	63.9514	47.4500	337	477	-179	100847	0.40 
39.524	2015-01-01 00:05:40.320	0.9600	-0.1431	0.2349	-1.5259	8.6060	-3.6011	-26.7462	-73.3997	63.1219	47.4000	340	477	-180	100847	0.40 
39.539	2015-01-01 00:05:40.360	0.9214	-0.1357	0.2441	-1.3428	3.7231	-3.1738	-26.0815	-73.2294	62.1222	47.8800	338	475	-179	100846	0.40 
39.571	2015-01-01 00:05:40.400	0.9565	-0.1406	0.2456	-0.3662	4.5166	-1.0986	-25.7684	-73.1140	61.4960	47.5900	335	476	-175	100846	0.40 
39.617	2015-01-01 00:05:40.440	0.9189	-0.1528	0.2646	-0.1831	-1.4648	-1.2207	-25.8069	-73.1030	61.2872	47.5900	334	476	-173	100846	0.40 
39.648	2015-01-01 00:05:40.480	0.9722	-0.1265	0.2407	-1.6479	-0.6714	-3.6011	-25.7629	-73.1909	60.9576	47.5900	339	474	-176	100846	0.40 
39.711	2015-01-01 00:05:40.520	0.9844	-0.0986	0.2402	-3.1128	2.3193	-3.6011	-25.2960	-73.2953	60.1172	47.4500	340	472	-175	100846	0.40 
39.726	2015-01-01 00:05:40.560	0.9478	-0.1250	0.2437	-2.4414	-0.3052	1.8311	-25.2960	-73.3063	59.7931	47.5900	341	470	-175	100846	0.40 
39.773	2015-01-01 00:05:40.600	0.9604	-0.1650	0.2383	-0.0610	-4.5776	0.4272	-25.8893	-73.3282	60.1666	47.5400	344	471	-178	100846	0.40 
39.804	2015-01-01 00:05:40.640	0.9536	-0.1621	0.2300	-0.3052	-1.4648	-0.1831	-26.2408	-73.4656	60.2875	47.5900	344	475	-178	100846	0.40 
39.851	2015-01-01 00:05:40.680	0.9487	-0.1587	0.2310	-0.3662	-2.3193	-0.3052	-26.5485	-73.5205	60.3918	47.5900	341	475	-177	100846	0.40 
39.914	2015-01-01 00:05:40.720	0.9482	-0.1514	0.2266	-0.4272	-2.5635	-1.7090	-26.7792	-73.6304	60.3918	47.5900	343	475	-177	100846	0.40 
39.929	2015-01-01 00:05:40.760	0.9492	-0.1318	0.2344	-0.8545	-1.8311	-2.5635	-26.7792	-73.7457	60.1611	47.4000	341	474	-177	100846	0.40 
39.992	2015-01-01 00:05:40.800	0.9512	-0.1284	0.2227	-1.0986	-0.8545	-2.7466	-26.6364	-73.8831	59.7656	47.5900	337	473	-173	100846	0.40 
40.039	2015-01-01 00:05:40.840	0.9561	-0.1274	0.2271	0.1221	0.8545	-1.4038	-26.4496	-73.9380	59.3646	47.9300	336	474	-174	100846	0.40 
40.117	2015-01-01 00:05:40.880	0.9634	-0.1401	0.2485	0.5493	1.8921	-1.2207	-26.2793	-73.9050	59.0076	47.6400	338	475	-174	100846	0.40 
40.117	2015-01-01 00:05:40.920	0.9683	-0.1426	0.2354	-0.6104	1.2817	-1.4038	-26.2079	-73.8995	58.7549	47.8800	342	472	-175	100846	0.40 
40.164	2015-01-01 00:05:40.960	0.9717	-0.1421	0.2388	-1.5259	-0.9766	0.0000	-26.3397	-73.9105	58.6890	47.5900	343	471	-175	100846	0.40 
40.211	2015-01-01 00:05:41.000	0.9604	-0.1060	0.2476	-0.4883	-1.0986	-5.0049	-25.9277	-73.9490	58.0518	47.5400	342	473	-177	100846	0.40 
40.258	2015-01-01 00:05:41.040	0.8892	-0.1450	0.2705	0.9155	-9.3384	5.9814	-26.2793	-74.1028	58.2990	47.6400	342	473	-181	100846	0.40 
40.367	2015-01-01 00:05:41.080	0.9785	-0.1948	0.1816	1.0986	-6.5918	2.3804	-27.9272	-74.3225	59.8865	47.6400	342	474	-184	100846	0.40 
40.383	2015-01-01 00:05:41.120	0.9316	-0.1602	0.2378	2.0752	-7.9346	0.4272	-28.5260	-74.5313	60.3973	47.5900	343	474	-181	100846	0.40 
40.398	2015-01-01 00:05:41.160	0.9326	-0.1890	0.1982	2.1362	-8.9722	0.3052	-29.5148	-74.7894	61.3312	47.6400	339	474	-176	100846	0.40 
40.414	2015-01-01 00:05:41.200	0.9761	-0.1411	0.2095	2.3804	-8.8501	-7.9346	-29.5752	-75.1794	61.2927	47.8800	339	476	-176	100846	0.40 
40.461	2015-01-01 00:05:41.240	0.8857	-0.1045	0.2729	0.3662	-16.7847	-1.8311	-29.7015	-75.6519	61.3531	47.5400	341	475	-175	100846	0.40 
40.524	2015-01-01 00:05:41.280	0.9463	-0.0845	0.1602	3.9063	-20.5078	7.0190	-31.7340	-76.3440	63.3966	47.7800	340	474	-176	100846	0.40 
40.555	2015-01-01 00:05:41.320	1.1396	-0.1938	0.0825	0.9155	-1.1597	8.1177	-34.0466	-76.5857	65.7092	47.5400	340	474	-177	100846	0.40 
40.586	2015-01-01 00:05:41.360	0.9736	-0.2480	0.0420	3.1738	21.6675	2.9907	-34.6454	-76.1243	66.0883	47.6400	340	472	-178	100845	0.40 
40.633	2015-01-01 00:05:41.400	1.0298	-0.2202	0.1670	3.1128	23.5596	2.9297	-33.3545	-75.2728	64.6271	47.5900	340	476	-176	100845	0.40 
40.695	2015-01-01 00:05:41.440	1.0132	-0.1553	0.1396	7.5073	33.5083	0.1221	-31.3660	-74.3390	62.5726	47.5900	343	477	-176	100845	0.40 
40.758	2015-01-01 00:05:41.480	1.0166	-0.1509	0.1826	8.6670	39.1846	2.1362	-28.8666	-73.1195	60.1117	47.5900	344	475	-175	100845	0.40 
40.773	2015-01-01 00:05:41.520	1.0068	-0.1680	0.2222	7.7515	46.2036	0.3662	-26.3507	-71.6199	57.6288	47.7800	344	475	-175	100846	0.40 
40.820	2015-01-01 00:05:41.560	0.9927	-0.1621	0.2837	9.4604	52.3682	3.4180	-23.9502	-69.8456	55.3107	47.5900	346	475	-182	100845	0.40 
40.851	2015-01-01 00:05:41.600	0.9653	-0.1577	0.3511	10.4370	61.0352	-0.1221	-21.3849	-67.7087	52.8717	47.7400	353	476	-181	100846	0.40 
40.898	2015-01-01 00:05:41.640	0.9619	-0.1528	0.4150	10.4370	66.6504	-2.6245	-18.8086	-65.2863	50.4547	47.4500	356	476	-180	100845	0.40 
40.945	2015-01-01 00:05:41.680	0.8633	-0.1479	0.4458	11.1694	75.0122	-1.7090	-16.5729	-62.5836	48.3893	47.5900	359	477	-188	100846	0.40 
40.976	2015-01-01 00:05:41.720	0.8560	-0.1880	0.4526	10.6812	76.3550	-5.9814	-14.4690	-59.6942	46.4667	47.5900	363	474	-196	100846	0.40 
41.023	2015-01-01 00:05:41.760	0.8149	-0.1714	0.4771	11.7798	83.8623	-11.5967	-12.5409	-56.7279	44.6869	47.5900	367	473	-204	100845	0.40 
41.070	2015-01-01 00:05:41.800	0.8262	-0.1396	0.5435	11.4746	84.9609	-11.2915	-10.4205	-53.5638	42.7148	47.7800	372	473	-210	100845	0.40 
41.133	2015-01-01 00:05:41.840	0.7251	-0.1045	0.6074	10.7422	81.2378	-11.9019	-8.8275	-50.3833	41.3306	47.4500	377	471	-212	100845	0.40 
41.165	2015-01-01 00:05:41.880	0.7715	-0.1279	0.6646	10.8032	77.2705	-12.3901	-7.3663	-47.3566	40.0726	47.5900	378	470	-215	100845	0.40 
41.196	2015-01-01 00:05:41.920	0.6387	-0.0806	0.7095	10.0098	73.8525	-10.9253	-6.2402	-44.4012	39.1937	47.5900	378	469	-216	100845	0.40 
41.227	2015-01-01 00:05:41.960	0.6841	-0.1226	0.7720	9.5825	70.0073	-18.4937	-5.0098	-41.6162	38.0731	47.6400	386	466	-222	100846	0.40 
41.273	2015-01-01 00:05:42.000	0.5444	-0.0596	0.7852	8.6060	72.6318	-12.3901	-4.1199	-38.7817	37.3810	47.4000	394	469	-226	100846	0.40 
41.336	2015-01-01 00:05:42.040	0.4990	-0.0601	0.8481	8.4229	71.5332	-21.1792	-3.1256	-35.8539	36.4801	47.5900	399	472	-227	100846	0.40 
41.368	2015-01-01 00:05:42.080	0.5049	-0.0596	0.8530	6.8970	79.1016	-22.0337	-2.1808	-32.8052	35.5188	47.7400	402	469	-229	100846	0.40 
41.430	2015-01-01 00:05:42.120	0.4326	-0.0347	0.9102	5.6763	84.1064	-20.6299	-1.4008	-29.4763	34.6619	47.5400	410	464	-235	100846	0.40 
41.462	2015-01-01 00:05:42.160	0.3799	-0.0410	0.9209	7.8125	85.2051	-15.1367	-0.7581	-26.0321	34.1125	47.6400	414	460	-240	100846	0.40 
41.508	2015-01-01 00:05:42.200	0.2856	-0.0264	0.9307	7.5073	80.5664	-11.2305	-0.2582	-22.5549	33.8214	47.5900	416	459	-243	100846	0.40 
41.540	2015-01-01 00:05:42.240	0.2300	0.0063	0.9497	6.0425	82.7637	-8.6670	0.1318	-19.1492	33.7061	47.5400	425	458	-238	100846	0.40 
41.571	2015-01-01 00:05:42.280	0.1836	-0.0078	0.9556	5.3101	74.6460	-5.6152	0.4010	-15.9302	33.7500	47.5900	436	461	-236	100846	0.40 
41.602	2015-01-01 00:05:42.320	0.1211	0.0313	0.9658	5.4321	76.2939	-4.0894	0.6647	-12.8101	33.8763	47.6400	444	461	-237	100846	0.40 
41.649	2015-01-01 00:05:42.360	0.0957	-0.0103	0.9746	4.8828	79.0405	-7.0190	0.8789	-9.5911	33.9917	47.5900	452	459	-235	100846	0.40 
41.680	2015-01-01 00:05:42.400	0.0210	0.0039	1.0376	6.2866	72.1436	-11.5967	1.0876	-6.4709	33.9203	47.7800	463	457	-234	100846	0.40 
41.758	2015-01-01 00:05:42.440	-0.0273	0.0381	1.0532	5.6152	56.7627	-10.8032	1.3733	-3.7628	33.7939	47.5900	469	456	-233	100846	0.40 
41.789	2015-01-01 00:05:42.480	-0.0781	0.0303	0.9966	3.4790	53.6499	-11.9019	1.5656	-1.4722	33.6566	47.5900	474	455	-233	100846	0.40 
41.820	2015-01-01 00:05:42.520	-0.1025	0.0254	0.9995	1.2817	47.1802	-11.6577	1.6479	0.6592	33.5083	47.5900	477	456	-229	100845	0.40 
41.868	2015-01-01 00:05:42.560	-0.1475	0.0425	1.0093	0.0000	43.8843	-8.3008	1.6479	2.6367	33.3984	47.5900	474	460	-228	100846	0.40 
41.899	2015-01-01 00:05:42.600	-0.1650	0.0142	1.0103	-0.8545	37.5366	-5.3101	1.6040	4.4000	33.4204	47.6400	479	459	-229	100845	0.40 
41.993	2015-01-01 00:05:42.640	-0.2080	0.0151	1.0068	-2.4414	33.9355	-5.6152	1.4832	5.9326	33.4863	47.5400	486	457	-228	100845	0.40 
41.993	2015-01-01 00:05:42.680	-0.2622	0.0137	1.0239	-3.9063	30.7617	-7.2632	1.2854	7.3608	33.4698	47.7400	492	451	-226	100845	0.40 
42.023	2015-01-01 00:05:42.720	-0.2456	0.0361	1.0371	-2.4414	22.8882	-1.9531	1.1371	8.5693	33.5413	47.4000	495	448	-226	100845	0.40 
42.055	2015-01-01 00:05:42.760	-0.2207	0.0127	1.0015	-2.0142	15.4419	1.4038	1.0602	9.3823	33.8159	47.7800	499	450	-227	100845	0.40 
42.102	2015-01-01 00:05:42.800	-0.2061	-0.0151	1.0059	-1.2817	14.2822	0.1221	0.9723	10.0140	34.1071	47.5900	503	457	-224	100845	0.40 
42.180	2015-01-01 00:05:42.840	-0.2441	-0.0117	1.0132	-1.4648	10.0098	-3.6011	0.8514	10.5524	34.2719	47.8800	503	456	-223	100845	0.40 
42.242	2015-01-01 00:05:42.880	-0.2466	0.0010	0.9980	-2.7466	6.9580	-5.9204	0.6921	10.9424	34.3048	47.7400	505	459	-223	100845	0.40 
42.242	2015-01-01 00:05:42.920	-0.2397	0.0044	0.9741	-2.5024	6.5918	-4.2725	0.5383	11.2390	34.3213	47.6400	506	458	-223	100845	0.40 
42.273	2015-01-01 00:05:42.960	-0.2720	-0.0010	1.0127	-2.5635	1.4648	0.5493	0.4065	11.4972	34.4641	47.8800	506	460	-224	100846	0.40 
42.320	2015-01-01 00:05:43.000	-0.2354	-0.0166	0.9951	-1.7090	-1.8311	0.6104	0.3131	11.4972	34.7278	47.5900	506	460	-223	100846	0.40 
42.383	2015-01-01 00:05:43.040	-0.2339	-0.0254	0.9785	-0.9155	-0.9766	-0.4272	0.2087	11.4697	34.9365	47.6400	505	459	-222	100846	0.40 
42.398	2015-01-01 00:05:43.080	-0.2583	-0.0229	0.9995	-0.8545	-2.0752	-0.6714	0.1154	11.4862	35.1233	47.6400	505	458	-216	100846	0.40 
42.477	2015-01-01 00:05:43.120	-0.2437	-0.0181	0.9883	0.5493	-2.2583	-1.2207	0.0824	11.4423	35.2991	47.5900	503	458	-213	100845	0.40 
42.477	2015-01-01 00:05:43.160	-0.2217	-0.0059	0.9995	0.4272	-2.0142	-0.6104	0.0714	11.3983	35.4639	47.7400	504	457	-214	100845	0.40 
42.523	2015-01-01 00:05:43.200	-0.2261	-0.0078	1.0049	0.7324	-3.8452	-1.2207	0.0769	11.3104	35.6616	47.5900	508	458	-218	100845	0.40 
42.586	2015-01-01 00:05:43.240	-0.2212	-0.0093	0.9990	0.5493	-4.4556	-0.6714	0.0769	11.1731	35.8209	47.7800	510	460	-219	100845	0.40 
42.602	2015-01-01 00:05:43.280	-0.2158	-0.0054	0.9990	0.7324	-3.2349	-0.9766	0.0769	11.0413	35.9967	47.5900	511	460	-220	100845	0.40 
42.648	2015-01-01 00:05:43.320	-0.2202	-0.0039	0.9868	0.3662	-3.8452	-1.0986	0.0769	10.9259	36.1505	47.7800	508	459	-222	100846	0.40 
42.695	2015-01-01 00:05:43.360	-0.2075	-0.0103	0.9995	0.2441	-2.6855	-1.8921	0.0714	10.8215	36.2878	47.7800	505	457	-223	100845	0.40 
42.727	2015-01-01 00:05:43.400	-0.2095	0.0005	1.0054	0.0000	-3.0518	-0.9766	0.0604	10.7336	36.4142	47.7400	504	455	-221	100845	0.40 
42.789	2015-01-01 00:05:43.440	-0.2100	-0.0039	1.0063	0.6104	-3.8452	-0.8545	0.0659	10.6238	36.5790	47.6400	506	455	-224	100845	0.40 
42.805	2015-01-01 00:05:43.480	-0.2026	-0.0078	1.0005	0.4272	-4.9438	-0.2441	0.0659	10.4590	36.7328	47.5900	502	458	-220	100845	0.40 
42.852	2015-01-01 00:05:43.520	-0.2256	-0.0073	1.0166	1.2817	-5.9204	0.9766	0.0879	10.2942	36.9250	47.6400	501	459	-217	100845	0.40 
42.883	2015-01-01 00:05:43.560	-0.2324	-0.0142	0.9902	1.9531	-9.5215	1.7090	0.1428	10.0415	37.1558	47.7800	500	459	-215	100845	0.40 
42.930	2015-01-01 00:05:43.600	-0.2319	-0.0156	1.0054	1.5259	-10.3149	-0.3662	0.1703	9.7229	37.3206	47.6400	500	458	-220	100845	0.40 
42.992	2015-01-01 00:05:43.640	-0.1992	0.0010	1.0059	1.1597	-14.2822	0.3662	0.2142	9.2615	37.4854	47.8800	501	453	-221	100845	0.40 
43.008	2015-01-01 00:05:43.680	-0.2163	0.0176	1.0176	1.5259	-17.7002	0.1831	0.2802	8.6957	37.6447	47.5900	501	450	-220	100846	0.40 
43.055	2015-01-01 00:05:43.720	-0.1992	0.0186	1.0142	1.8921	-22.5220	3.3569	0.3735	7.9651	37.8809	47.7400	500	451	-223	100846	0.40 
43.102	2015-01-01 00:05:43.760	-0.1709	0.0068	1.0054	1.5869	-27.5879	4.7607	0.4669	7.0148	38.2050	47.5900	499	454	-226	100846	0.40 
43.164	2015-01-01 00:05:43.800	-0.1670	0.0015	1.0234	1.4648	-30.9448	4.3335	0.5273	5.9052	38.5400	47.8800	499	457	-225	100846	0.40 
43.196	2015-01-01 00:05:43.840	-0.1416	0.0054	1.0220	0.4272	-37.3535	3.6011	0.5603	4.5978	38.8367	47.7400	500	459	-226	100846	0.40 
43.227	2015-01-01 00:05:43.880	-0.1304	0.0200	1.0244	0.1831	-41.9922	4.4556	0.5768	3.0872	39.1333	47.5900	496	458	-230	100846	0.40 
43.274	2015-01-01 00:05:43.920	-0.0967	0.0151	1.0195	-0.4272	-49.4995	5.3101	0.5878	1.3513	39.4519	47.8800	488	457	-231	100846	0.40 
43.321	2015-01-01 00:05:43.960	-0.0566	0.0190	1.0068	-1.8311	-53.7720	7.6904	0.5493	-0.6152	39.8254	47.5900	483	457	-232	100846	0.40 
43.367	2015-01-01 00:05:44.000	-0.0356	0.0181	1.0161	-3.2349	-58.1055	10.0708	0.4395	-2.7631	40.2979	47.7400	479	458	-235	100845	0.40 
43.414	2015-01-01 00:05:44.040	0.0483	0.0059	1.0635	-3.4180	-66.9556	7.8735	0.2802	-5.2020	40.7648	47.9300	474	456	-236	100845	0.40 
43.430	2015-01-01 00:05:44.080	0.1362	-0.0308	1.0664	-7.3242	-97.2290	19.2261	0.0055	-8.5309	41.3745	47.5400	465	460	-235	100846	0.40 
43.477	2015-01-01 00:05:44.120	0.1143	0.0200	0.9019	-4.3335	-75.2563	12.8784	-0.3186	-11.8268	42.1930	47.5400	460	463	-233	100846	0.40 
43.508	2015-01-01 00:05:44.160	0.2178	-0.0176	0.9478	-4.6387	-83.1299	11.7798	-0.6152	-15.0018	42.7698	47.5900	453	463	-235	100846	0.40 
43.570	2015-01-01 00:05:44.200	0.1699	0.0176	0.9351	-2.3804	-76.1719	9.8877	-0.8844	-17.8308	43.3740	47.8800	447	460	-238	100846	0.40 
43.602	2015-01-01 00:05:44.240	0.3506	-0.0161	0.9243	-5.3101	-78.9185	8.5449	-1.1755	-20.9729	43.9069	47.5400	441	459	-236	100846	0.40 
43.634	2015-01-01 00:05:44.280	0.3159	-0.0122	0.9492	-4.2114	-84.1064	11.9019	-1.5546	-24.0930	44.4946	47.7800	439	460	-235	100846	0.40 
43.696	2015-01-01 00:05:44.320	0.4648	-0.0322	0.9272	-8.3618	-90.2710	8.9722	-2.0764	-27.5647	45.1538	47.7400	432	458	-236	100846	0.40 
43.727	2015-01-01 00:05:44.360	0.5083	-0.0640	0.8706	-9.4604	-92.4683	8.9722	-2.7301	-31.1353	45.8350	47.7400	421	462	-236	100846	0.40 
43.774	2015-01-01 00:05:44.400	0.4849	-0.0459	0.8159	-7.9956	-89.2334	8.4839	-3.4058	-34.7223	46.4282	47.9300	416	465	-238	100846	0.40 
43.806	2015-01-01 00:05:44.440	0.6255	-0.0737	0.7197	-9.8877	-93.2617	6.8970	-4.2352	-38.3203	47.2302	47.8800	413	466	-238	100846	0.40 
43.837	2015-01-01 00:05:44.480	0.7251	-0.0825	0.7109	-10.9253	-81.6650	6.7139	-5.1086	-41.8359	47.9059	47.5900	401	467	-234	100846	0.40 
43.883	2015-01-01 00:05:44.520	0.7139	-0.0864	0.6338	-11.5356	-85.1440	3.0518	-6.1249	-45.1373	48.6639	47.6400	391	465	-227	100846	0.40 
43.930	2015-01-01 00:05:44.560	0.8174	-0.0977	0.5532	-11.2915	-78.3081	5.2490	-7.2180	-48.5156	49.4220	47.5400	382	465	-225	100846	0.40 
43.977	2015-01-01 00:05:44.600	0.8237	-0.0811	0.5317	-10.7422	-78.8574	7.5073	-8.4320	-51.7181	50.3394	47.7400	377	469	-220	100846	0.40 
44.024	2015-01-01 00:05:44.640	0.8086	-0.0947	0.4004	-10.0098	-73.6084	16.3574	-10.3491	-54.7888	52.0807	47.6400	374	471	-218	100846	0.40 
44.071	2015-01-01 00:05:44.680	0.9731	-0.1572	0.4590	-8.4229	-71.2280	13.2446	-12.4915	-57.7002	53.9648	47.5900	368	468	-217	100846	0.40 
44.102	2015-01-01 00:05:44.720	0.8672	-0.1748	0.4058	-6.0425	-61.0352	4.4556	-14.8370	-60.1776	56.1346	47.5900	366	467	-216	100846	0.40 
44.133	2015-01-01 00:05:44.760	1.0303	-0.1592	0.3877	-5.6763	-54.5044	10.1929	-16.4355	-62.4353	57.4475	47.5900	363	472	-208	100846	0.40 
44.211	2015-01-01 00:05:44.800	0.9370	-0.2104	0.3003	-8.1787	-53.4668	-7.9956	-18.7756	-64.5502	59.4305	47.4500	362	472	-203	100846	0.40 
44.242	2015-01-01 00:05:44.840	1.0015	-0.1104	0.2988	-7.2632	-40.5884	0.2441	-19.6985	-66.5057	59.7382	47.6400	361	476	-197	100846	0.40 
44.274	2015-01-01 00:05:44.880	0.9634	-0.1724	0.3115	-7.6904	-39.1846	-11.0474	-21.4124	-68.0328	61.0510	47.5900	361	477	-194	100846	0.40 
44.321	2015-01-01 00:05:44.920	0.7061	-0.0747	0.3042	-5.3101	-39.0015	12.3291	-22.8406	-69.4501	62.0068	47.6400	353	476	-193	100846	0.40 
44.383	2015-01-01 00:05:44.960	1.3491	-0.2109	0.1787	-8.6670	-37.1704	-14.4653	-25.0323	-71.0486	63.7372	47.7400	347	472	-191	100846	0.40 
44.415	2015-01-01 00:05:45.000	0.8931	-0.1431	0.2144	-7.3853	-35.7056	6.2256	-27.3065	-72.3175	65.5060	47.6400	343	471	-188	100846	0.40 
44.446	2015-01-01 00:05:45.040	1.1646	-0.2188	0.0376	-5.9204	-7.1411	-12.3901	-28.6853	-73.4216	66.2256	47.6400	341	474	-185	100846	0.40 
44.508	2015-01-01 00:05:45.080	0.8564	-0.1406	0.3013	-3.3569	-8.0566	-0.5493	-28.7128	-73.6414	65.7916	47.7400	342	474	-181	100846	0.40 
44.539	2015-01-01 00:05:45.120	1.1016	-0.1553	0.0649	-1.2817	5.0659	-6.8359	-28.7897	-74.0039	65.4236	47.5900	344	475	-177	100846	0.40 
44.586	2015-01-01 00:05:45.160	0.8779	-0.1187	0.2852	-1.2207	-0.4883	-0.0610	-28.0811	-73.8666	64.3799	47.6400	345	474	-178	100846	0.40 
44.618	2015-01-01 00:05:45.200	1.0415	-0.1606	0.1221	0.1221	8.7280	-3.5400	-28.0481	-73.8940	64.0063	47.5900	343	474	-179	100846	0.40 
44.664	2015-01-01 00:05:45.240	0.8799	-0.1206	0.2837	-0.8545	10.3760	-1.1597	-27.0703	-73.5150	62.7264	47.8800	340	471	-176	100846	0.40 
44.696	2015-01-01 00:05:45.280	0.9771	-0.1563	0.2080	-0.4272	7.0190	0.4883	-26.8011	-73.2953	62.1661	47.8800	339	470	-174	100846	0.40 
44.742	2015-01-01 00:05:45.320	0.9526	-0.1694	0.2412	1.0986	11.9019	-0.7935	-26.4221	-72.9602	61.5399	47.7800	341	470	-177	100846	0.40 
44.821	2015-01-01 00:05:45.360	0.9287	-0.1733	0.2739	-1.1597	4.7607	-1.9531	-25.9497	-72.6361	60.7928	47.5900	341	474	-182	100846	0.40 
44.821	2015-01-01 00:05:45.400	0.9321	-0.1274	0.2441	-0.1221	2.5024	-3.8452	-25.4059	-72.5427	60.0128	47.7400	339	476	-185	100846	0.40 
44.884	2015-01-01 00:05:45.440	0.9634	-0.1504	0.2480	-0.7324	0.2441	-1.8921	-25.1971	-72.5757	59.5679	47.6400	339	475	-186	100846	0.40 
44.946	2015-01-01 00:05:45.480	0.9248	-0.1602	0.2935	-2.9907	-3.4790	-1.8921	-25.1422	-72.5922	59.2603	47.7400	340	473	-185	100846	0.40 
44.993	2015-01-01 00:05:45.520	0.9639	-0.1641	0.2344	-2.0752	-0.4883	-1.0376	-25.4279	-72.7185	59.2273	47.5900	347	475	-179	100846	0.40 
45.024	2015-01-01 00:05:45.560	0.9688	-0.1357	0.2441	-1.4648	2.6855	-3.2349	-25.4279	-72.7734	58.9417	47.7400	349	475	-177	100846	0.40 
45.039	2015-01-01 00:05:45.600	0.9468	-0.1094	0.2773	-0.9766	-2.3804	-1.1597	-25.0378	-72.7844	58.3374	47.5900	345	475	-177	100846	0.40 
45.086	2015-01-01 00:05:45.640	0.9482	-0.1123	0.2275	-1.5869	-1.0376	-0.6104	-25.1587	-72.9163	58.2385	47.5900	345	476	-179	100846	0.40 
45.133	2015-01-01 00:05:45.680	0.9551	-0.1304	0.2534	-0.6714	0.4272	-0.4272	-25.1367	-72.9382	58.0023	47.5900	344	475	-178	100846	0.40 
45.196	2015-01-01 00:05:45.720	0.9424	-0.1421	0.2471	-1.2207	-1.2817	-1.2207	-25.2411	-72.9712	57.9034	47.5400	343	471	-178	100846	0.40 
45.227	2015-01-01 00:05:45.760	0.9531	-0.1782	0.2207	-0.6104	-2.8687	-0.7935	-25.5048	-73.0920	57.9694	47.7400	345	473	-176	100846	0.40 
45.258	2015-01-01 00:05:45.800	0.9390	-0.1738	0.2720	-0.6714	0.1831	-2.6245	-25.5707	-73.0865	57.8375	47.5900	340	474	-178	100846	0.40 
45.305	2015-01-01 00:05:45.840	0.9624	-0.1494	0.2422	0.0610	-1.2207	-1.7090	-25.5432	-73.1635	57.6343	47.4500	338	474	-179	100846	0.40 
45.368	2015-01-01 00:05:45.880	0.9561	-0.1387	0.2485	-0.0610	-0.5493	-2.3193	-25.4608	-73.2239	57.4036	47.5900	339	474	-178	100846	0.40 
45.414	2015-01-01 00:05:45.920	0.9478	-0.1353	0.2515	-0.1831	-1.5259	-1.8921	-25.3619	-73.3008	57.1509	47.5900	340	473	-179	100846	0.40 
45.446	2015-01-01 00:05:45.960	0.9565	-0.1387	0.2422	-0.3052	-0.9155	-1.5259	-25.3070	-73.3942	56.9257	47.7400	343	473	-179	100846	0.40 
45.493	2015-01-01 00:05:46.000	0.9463	-0.1338	0.2520	-0.4272	-0.8545	-0.9155	-25.3125	-73.4601	56.7883	47.8800	344	473	-179	100846	0.40 
45.524	2015-01-01 00:05:46.040	0.9639	-0.1499	0.2363	-0.6714	-0.4883	-1.3428	-25.4004	-73.4985	56.7169	47.6400	343	469	-180	100846	0.40 
45.571	2015-01-01 00:05:46.080	0.9570	-0.1582	0.2446	-1.0986	-0.4883	-1.0986	-25.4279	-73.5095	56.5851	47.9800	343	473	-180	100847	0.40 
45.618	2015-01-01 00:05:46.120	0.9116	-0.1436	0.2690	-0.1831	-8.1177	-0.0610	-25.5872	-73.5919	56.6071	47.7800	345	473	-180	100846	0.40 
45.681	2015-01-01 00:05:46.160	0.9824	-0.1382	0.2466	1.0986	-9.3994	-2.1973	-26.1639	-73.9984	57.1124	47.4500	347	473	-180	100846	0.40 
45.712	2015-01-01 00:05:46.200	0.8862	-0.1211	0.2207	0.0000	-18.5547	-2.9297	-26.8176	-74.5917	57.6892	47.7400	344	473	-179	100846	0.40 
45.743	2015-01-01 00:05:46.240	0.9844	-0.1597	0.2002	0.1221	-8.3008	0.3662	-27.7844	-75.0586	58.5461	47.8800	341	475	-176	100846	0.40 
45.789	2015-01-01 00:05:46.280	0.9131	-0.1636	0.2197	0.9766	-13.6719	-0.5493	-28.7073	-75.4541	59.3536	47.7400	342	476	-174	100847	0.40 
45.853	2015-01-01 00:05:46.320	0.9224	-0.1577	0.2451	0.7324	-15.0146	-1.5259	-29.6796	-75.8990	60.2325	47.5900	340	476	-174	100847	0.40 
45.884	2015-01-01 00:05:46.360	0.8975	-0.1733	0.2295	1.2207	-10.3760	8.8501	-31.4868	-76.1133	62.0013	47.7400	338	474	-174	100846	0.40 
45.915	2015-01-01 00:05:46.400	1.0332	-0.1914	0.1216	3.8452	-11.7798	8.8501	-34.1071	-76.4484	64.6051	47.6400	340	473	-172	100847	0.40 
45.961	2015-01-01 00:05:46.440	1.0894	-0.2046	0.0029	6.3477	12.1460	1.7090	-35.4694	-76.4923	65.9564	47.9300	341	472	-171	100847	0.40 
45.993	2015-01-01 00:05:46.480	1.0068	-0.1948	0.1235	7.8125	23.9868	0.6104	-34.1785	-75.8771	64.6490	47.6400	341	474	-171	100847	0.40 
46.056	2015-01-01 00:05:46.520	0.9951	-0.1675	0.1411	7.2632	26.7334	-3.3569	-31.7780	-75.1025	62.2760	47.7400	340	474	-177	100847	0.40 
46.118	2015-01-01 00:05:46.560	1.0020	-0.1392	0.1777	7.9346	34.6680	-5.5542	-28.9215	-74.1632	59.4525	47.8800	339	476	-182	100847	0.40 
46.150	2015-01-01 00:05:46.600	1.0381	-0.1338	0.1631	10.6812	41.1987	-3.1738	-25.9113	-72.9987	56.5686	47.8800	343	475	-184	100847	0.40 
46.181	2015-01-01 00:05:46.640	0.9790	-0.1699	0.2378	11.2305	48.7061	-4.6387	-23.0219	-71.4661	53.8440	47.7800	347	474	-185	100847	0.40 
46.258	2015-01-01 00:05:46.680	0.9893	-0.1343	0.2935	13.1226	56.7017	-7.6904	-19.9127	-69.6808	50.9491	47.7800	348	467	-189	100847	0.40 
46.258	2015-01-01 00:05:46.720	0.9478	-0.1416	0.3716	11.1694	60.3027	-8.1787	-16.8915	-67.5439	48.1696	47.7800	348	463	-192	100847	0.40 
46.305	2015-01-01 00:05:46.760	0.8965	-0.1382	0.4399	11.7188	63.2935	-11.3525	-14.0515	-65.1929	45.5713	47.7400	348	463	-194	100847	0.40 
46.352	2015-01-01 00:05:46.800	0.8188	-0.1216	0.4546	10.4370	69.8242	-16.8457	-11.4697	-62.6440	43.1763	47.6400	353	467	-202	100847	0.40 
46.399	2015-01-01 00:05:46.840	0.9663	-0.0728	0.4561	10.3760	70.1904	-19.7754	-8.8440	-60.0787	40.7263	47.7400	357	467	-205	100847	0.40 
46.462	2015-01-01 00:05:46.880	0.7202	-0.0122	0.5410	8.6060	71.5942	-8.4839	-6.8445	-57.1014	38.9355	47.7800	358	469	-210	100847	0.40 
46.493	2015-01-01 00:05:46.920	1.0396	-0.0659	0.5249	8.4229	82.1533	-7.5684	-5.3668	-54.3384	37.6886	47.6400	365	468	-215	100847	0.40 
46.525	2015-01-01 00:05:46.960	0.6289	-0.0596	0.6313	6.4087	68.7866	-2.0142	-4.7571	-51.1633	37.4084	47.7400	369	467	-219	100847	0.40 
46.555	2015-01-01 00:05:47.000	0.9438	-0.0820	0.6475	4.7607	77.0874	5.8594	-4.1968	-48.4332	37.1118	47.7800	370	465	-222	100847	0.40 
46.602	2015-01-01 00:05:47.040	0.5410	-0.0830	0.7129	5.7373	63.6597	-5.8594	-4.1638	-45.4120	37.4579	47.5900	370	463	-223	100848	0.40 
46.665	2015-01-01 00:05:47.080	0.7573	-0.0947	0.7368	4.9438	79.8340	-20.9961	-3.1421	-42.6160	36.4636	47.8800	381	462	-227	100847	0.40 
46.696	2015-01-01 00:05:47.120	0.5156	-0.0078	0.8115	2.6245	83.0688	-13.1226	-2.3511	-39.3146	35.6836	47.5900	390	461	-231	100848	0.40 
46.759	2015-01-01 00:05:47.160	0.6064	-0.0396	0.8130	2.3804	76.9653	-18.9209	-1.6205	-36.1780	34.9200	47.5900	394	459	-231	100847	0.40 
46.790	2015-01-01 00:05:47.200	0.4897	-0.0356	0.8672	1.5259	78.1250	-15.9302	-1.0547	-33.0249	34.2609	47.8800	395	457	-231	100848	0.40 
46.836	2015-01-01 00:05:47.240	0.3892	-0.0371	0.8906	1.7090	73.4863	-18.0664	-0.6042	-29.8993	33.7335	47.7400	404	459	-234	100848	0.40 
46.868	2015-01-01 00:05:47.280	0.3901	-0.0435	0.9082	1.8921	79.1016	-16.8457	-0.2087	-26.7627	33.2117	47.8800	410	460	-236	100848	0.40 
46.900	2015-01-01 00:05:47.320	0.3740	-0.0620	0.9175	3.7842	83.9233	-7.3853	0.0439	-23.5272	33.0634	47.7400	412	460	-234	100848	0.40 
46.962	2015-01-01 00:05:47.360	0.2495	-0.0405	0.9644	2.2583	81.3599	-10.3149	0.2032	-20.0830	33.0194	47.5900	413	460	-234	100848	0.40 
46.978	2015-01-01 00:05:47.400	0.1929	-0.0088	0.9897	2.1973	85.5713	-8.4229	0.3516	-16.6113	32.9535	47.7400	425	460	-235	100848	0.40 
47.055	2015-01-01 00:05:47.440	0.0654	0.0181	0.9819	5.0659	79.1016	-6.4087	0.5438	-13.1122	32.9865	47.8800	440	460	-237	100848	0.40 
47.087	2015-01-01 00:05:47.480	0.0771	0.0063	0.9839	5.9814	70.9839	-4.5776	0.8185	-9.9811	33.0853	47.7400	449	459	-238	100848	0.40 
47.103	2015-01-01 00:05:47.520	0.0254	0.0093	1.0225	3.5400	66.1621	-4.5776	0.9943	-7.0862	33.2776	47.7400	458	456	-235	100848	0.40 
47.165	2015-01-01 00:05:47.560	-0.0308	-0.0054	1.0391	4.2725	54.2603	-6.1035	1.1371	-4.5374	33.3820	47.5400	466	455	-237	100848	0.40 
47.180	2015-01-01 00:05:47.600	-0.0713	0.0181	1.0474	3.1738	42.2363	-4.6387	1.2689	-2.4939	33.4808	47.6400	472	457	-236	100848	0.40 
47.258	2015-01-01 00:05:47.640	-0.0913	0.0356	1.0190	2.4414	36.1328	-5.4321	1.3733	-0.8240	33.5522	47.5400	475	461	-235	100848	0.40 
47.290	2015-01-01 00:05:47.680	-0.1084	0.0283	1.0186	3.1738	27.2827	-3.9063	1.5051	0.5658	33.6511	47.5900	478	460	-233	100848	0.40 
47.322	2015-01-01 00:05:47.720	-0.1221	0.0103	1.0063	3.1128	25.1465	-4.2114	1.5820	1.7303	33.7830	47.7800	482	455	-232	100848	0.40 
47.353	2015-01-01 00:05:47.760	-0.1592	0.0327	1.0225	4.4556	19.7144	-4.3945	1.7303	2.7466	33.8873	47.7800	481	453	-226	100848	0.40 
47.415	2015-01-01 00:05:47.800	-0.1309	0.0117	1.0317	2.1362	13.9771	-2.6855	1.8292	3.5156	34.0027	47.4000	481	453	-223	100848	0.40 
47.462	2015-01-01 00:05:47.840	-0.1528	0.0117	1.0376	0.9155	15.1367	-0.6104	1.8402	4.1638	34.1949	47.5900	485	454	-224	100848	0.40 
47.493	2015-01-01 00:05:47.880	-0.1250	0.0068	1.0181	0.4883	9.4604	2.0142	1.8237	4.7241	34.5190	47.5900	489	456	-228	100848	0.40 
47.524	2015-01-01 00:05:47.920	-0.1299	0.0073	1.0151	1.2207	9.7046	-0.1831	1.8237	5.1361	34.8102	47.7400	492	456	-227	100848	0.40 
47.555	2015-01-01 00:05:47.960	-0.1401	0.0269	0.9951	1.2207	6.1035	-2.1973	1.8512	5.4932	34.9969	47.9300	493	456	-226	100847	0.40 
47.602	2015-01-01 00:05:48.000	-0.1748	0.0269	1.0293	0.6714	1.4648	-1.2817	1.8732	5.7513	35.1563	47.5900	495	454	-228	100847	0.40 
47.665	2015-01-01 00:05:48.040	-0.1367	0.0186	1.0151	1.1597	0.1831	-1.4038	1.8787	5.8008	35.3540	47.6400	495	454	-229	100847	0.40 
47.697	2015-01-01 00:05:48.080	-0.1519	0.0215	1.0044	0.9155	-0.3052	-2.3193	1.8896	5.8667	35.5023	47.9300	497	455	-232	100847	0.40 
47.728	2015-01-01 00:05:48.120	-0.1460	0.0210	1.0195	0.4883	-1.3428	-2.5024	1.8787	5.8887	35.6342	47.5900	497	456	-230	100847	0.40 
47.790	2015-01-01 00:05:48.160	-0.1323	0.0205	1.0034	0.7324	-2.9297	-1.9531	1.8732	5.8337	35.7550	47.5900	494	454	-230	100847	0.40 
47.821	2015-01-01 00:05:48.200	-0.1284	0.0195	1.0117	1.4648	-1.7700	-2.2583	1.8787	5.7678	35.8868	47.5900	494	456	-228	100847	0.40 
47.837	2015-01-01 00:05:48.240	-0.1274	0.0215	1.0063	1.3428	-2.0752	-0.2441	1.9116	5.7239	36.0571	47.7800	495	457	-228	100847	0.40 
47.899	2015-01-01 00:05:48.280	-0.1118	0.0293	1.0166	0.6714	-2.0752	-0.8545	1.9336	5.6525	36.2439	47.6400	495	457	-227	100847	0.40 
47.930	2015-01-01 00:05:48.320	-0.1138	0.0327	1.0259	0.0000	-2.9297	-0.6104	1.9281	5.5536	36.4197	47.8800	495	455	-228	100847	0.40 
47.977	2015-01-01 00:05:48.360	-0.1309	0.0415	1.0166	0.2441	-3.5400	-0.8545	1.9281	5.4657	36.5955	47.6400	497	454	-227	100847	0.40 
48.008	2015-01-01 00:05:48.400	-0.1289	0.0293	1.0073	0.0000	-4.5166	0.0000	1.9281	5.3503	36.7822	47.8800	499	454	-226	100847	0.40 
48.071	2015-01-01 00:05:48.440	-0.1343	0.0249	1.0181	-0.0610	-5.6763	0.4272	1.9116	5.2020	36.9965	47.8800	500	454	-225	100847	0.40 
48.102	2015-01-01 00:05:48.480	-0.1509	0.0327	1.0229	-0.7935	-9.6436	1.0376	1.8842	4.9658	37.1997	47.7400	496	453	-228	100847	0.40 
48.134	2015-01-01 00:05:48.520	-0.1279	0.0283	1.0132	-1.4038	-14.1602	2.1973	1.8347	4.5319	37.4304	47.5900	491	457	-230	100847	0.40 
48.180	2015-01-01 00:05:48.560	-0.1377	0.0244	1.0400	-0.7935	-16.7847	3.5400	1.7798	3.9935	37.7051	47.6400	487	460	-233	100847	0.40 
48.212	2015-01-01 00:05:48.600	-0.1265	0.0190	1.0288	-2.0142	-20.9961	2.9297	1.7029	3.3234	37.9523	47.6400	487	459	-233	100847	0.40 
48.274	2015-01-01 00:05:48.640	-0.0840	0.0200	1.0161	-1.2817	-25.2075	3.0518	1.6205	2.4335	38.2214	47.9300	489	455	-232	100847	0.40 
48.306	2015-01-01 00:05:48.680	-0.0938	0.0273	1.0210	-1.8311	-29.4800	3.1738	1.5436	1.4227	38.4796	47.6400	487	455	-230	100846	0.40 
48.352	2015-01-01 00:05:48.720	-0.0718	0.0083	1.0181	-0.6714	-35.8887	2.6245	1.4832	0.1868	38.7378	47.5900	485	456	-230	100847	0.40 
48.384	2015-01-01 00:05:48.760	-0.0542	0.0195	1.0386	-1.0986	-40.2832	2.9907	1.4227	-1.2469	38.9575	47.5900	483	455	-231	100847	0.40 
48.415	2015-01-01 00:05:48.800	-0.0278	0.0293	1.0259	-0.6714	-47.5464	5.7983	1.3733	-2.9279	39.2596	47.6400	480	456	-233	100847	0.40 
48.477	2015-01-01 00:05:48.840	0.0132	0.0195	1.0566	-2.8687	-55.6030	8.3008	1.2909	-4.8669	39.6442	47.9800	479	456	-236	100847	0.40 
48.509	2015-01-01 00:05:48.880	0.0190	0.0317	1.0044	-4.6997	-63.0493	8.8501	1.0986	-7.2015	40.1221	47.7800	479	456	-237	100847	0.40 
48.540	2015-01-01 00:05:48.920	0.1162	0.0303	1.0225	-8.6670	-82.0313	12.6953	0.7745	-10.0031	40.6549	47.5900	471	458	-237	100847	0.40 
48.603	2015-01-01 00:05:48.960	0.1211	0.0107	0.9727	-7.5073	-90.6372	11.4746	0.3625	-13.4143	41.2482	47.9300	462	456	-241	100847	0.40 
48.634	2015-01-01 00:05:49.000	0.2280	0.0283	0.9424	-7.2021	-96.7407	16.9067	-0.0439	-17.0673	41.9897	47.9300	455	457	-241	100847	0.40 
48.680	2015-01-01 00:05:49.040	0.3130	-0.0513	0.9067	-7.0190	-90.2710	10.1318	-0.5383	-20.7422	42.6874	47.9800	450	457	-241	100847	0.40 
48.712	2015-01-01 00:05:49.080	0.3408	-0.0356	0.8867	-5.4932	-78.1250	7.0801	-0.9723	-24.0106	43.2202	47.5900	439	456	-240	100847	0.40 
48.743	2015-01-01 00:05:49.120	0.4248	-0.0469	0.8745	-8.1787	-79.1626	4.2725	-1.4557	-27.1307	43.7201	47.5900	429	460	-241	100846	0.40 
48.790	2015-01-01 00:05:49.160	0.4814	-0.0210	0.9067	-10.3149	-80.5664	4.3945	-1.9336	-30.2014	44.0387	47.8800	424	463	-241	100847	0.40 
48.853	2015-01-01 00:05:49.200	0.5708	-0.0596	0.7861	-10.7422	-83.3740	9.0942	-2.6587	-33.6072	44.6320	47.8800	421	465	-241	100847	0.40 
48.899	2015-01-01 00:05:49.240	0.5894	-0.0078	0.8657	-8.3618	-86.9751	10.4980	-3.3453	-36.8262	45.3241	47.8800	410	461	-237	100847	0.40 
48.946	2015-01-01 00:05:49.280	0.6460	-0.0654	0.6953	-8.4229	-82.0923	12.8174	-4.3286	-40.2539	46.3458	47.7400	403	464	-234	100847	0.40 
48.994	2015-01-01 00:05:49.320	0.6787	-0.0830	0.7192	-10.2539	-86.0596	12.3291	-5.3943	-43.5223	47.3730	47.7800	398	464	-231	100847	0.40 
49.024	2015-01-01 00:05:49.360	0.6787	-0.1055	0.6152	-12.8174	-86.9751	7.6294	-6.6962	-46.9501	48.4882	47.6400	390	464	-226	100847	0.40 
49.055	2015-01-01 00:05:49.400	0.8208	-0.1221	0.4570	-10.0708	-82.7637	10.7422	-8.1519	-50.5042	49.6582	47.7800	382	466	-225	100847	0.40 
49.102	2015-01-01 00:05:49.440	0.8711	-0.0776	0.5381	-10.7422	-80.8105	8.9722	-9.6954	-53.7067	51.0040	47.5900	379	472	-221	100848	0.40 
49.134	2015-01-01 00:05:49.480	0.8604	-0.1733	0.3604	-8.4839	-70.1904	15.4419	-11.8542	-56.7773	52.9596	47.7400	378	474	-219	100848	0.40 
49.197	2015-01-01 00:05:49.520	1.0225	-0.1499	0.4395	-8.5449	-64.0259	7.8125	-14.0076	-59.4745	54.8547	47.7800	372	473	-211	100848	0.40 
49.228	2015-01-01 00:05:49.560	0.8472	-0.1582	0.3804	-7.3242	-56.3354	10.8032	-16.2543	-61.6718	56.8652	47.5400	368	470	-209	100847	0.40 
49.259	2015-01-01 00:05:49.600	1.1396	-0.1875	0.3252	-8.7280	-46.3867	-1.5259	-18.0011	-63.7537	58.1946	47.8800	366	467	-209	100847	0.40 
49.353	2015-01-01 00:05:49.640	0.8765	-0.1890	0.3374	-10.4370	-46.2036	-3.0518	-20.0830	-65.3961	59.8645	47.5900	365	465	-209	100847	0.40 
49.353	2015-01-01 00:05:49.680	1.0107	-0.1357	0.2739	-6.7749	-32.6538	-2.8076	-20.8466	-67.0660	60.0293	47.7400	359	470	-204	100847	0.40 
49.384	2015-01-01 00:05:49.720	0.9780	-0.2144	0.2681	-7.0190	-36.8652	-10.8032	-22.7362	-68.4283	61.5399	47.7800	356	473	-199	100848	0.40 
49.447	2015-01-01 00:05:49.760	0.7856	-0.1040	0.2563	-1.4648	-31.2500	8.9111	-23.3240	-69.8401	61.6663	47.8800	354	474	-196	100848	0.40 
49.478	2015-01-01 00:05:49.800	1.2729	-0.2373	0.1284	-6.4697	-39.6729	-18.6768	-25.5927	-71.4001	63.5944	47.8800	352	474	-193	100848	0.40 
49.572	2015-01-01 00:05:49.840	0.8184	-0.1563	0.2144	-6.8970	-28.8086	3.0518	-27.0099	-72.6361	64.4733	47.5900	346	475	-189	100847	0.40 
49.572	2015-01-01 00:05:49.880	1.1934	-0.1494	0.1108	-3.9673	-6.7749	-12.6343	-27.7844	-73.6688	64.6930	47.7800	345	475	-184	100847	0.40 
49.634	2015-01-01 00:05:49.920	0.8838	-0.1079	0.2461	-3.7231	-7.9346	1.6479	-27.8833	-73.9655	64.4293	47.5900	343	471	-184	100847	0.40 
49.666	2015-01-01 00:05:49.960	1.0361	-0.1685	0.1460	-0.9155	0.1221	-6.1646	-27.9712	-74.2896	64.1437	47.5400	342	473	-178	100847	0.40 
49.697	2015-01-01 00:05:50.000	0.8628	-0.1201	0.2578	-1.5869	-2.5635	0.6104	-27.6251	-74.3335	63.4625	47.7400	341	474	-179	100847	0.40 
49.774	2015-01-01 00:05:50.040	1.0444	-0.2173	0.1284	-0.4272	0.8545	-1.5259	-28.4271	-74.4379	63.9514	47.7400	340	476	-181	100847	0.40 
49.774	2015-01-01 00:05:50.080	0.9092	-0.1362	0.2256	0.6714	10.8032	-5.3101	-27.6031	-74.2566	62.7924	47.5900	339	477	-182	100847	0.40 
49.821	2015-01-01 00:05:50.120	0.9805	-0.1289	0.1987	-0.0610	3.2959	-1.8311	-27.0538	-74.1467	62.0068	47.7400	341	477	-177	100847	0.40 
49.868	2015-01-01 00:05:50.160	0.9619	-0.1816	0.2305	2.2583	13.4888	-2.6855	-26.4276	-73.8611	61.1609	47.7800	342	474	-178	100846	0.40 
49.916	2015-01-01 00:05:50.200	0.9507	-0.1191	0.2666	0.7324	2.6855	-4.7607	-25.5322	-73.6084	60.0623	47.8800	341	472	-178	100847	0.40 
49.994	2015-01-01 00:05:50.240	0.9375	-0.1514	0.2378	0.4272	6.8970	-6.3477	-24.6423	-73.5315	58.9526	47.6400	340	469	-180	100847	0.40 
50.025	2015-01-01 00:05:50.280	0.9595	-0.0996	0.2354	0.9766	7.5684	-4.6387	-23.6096	-73.4216	57.7002	47.5900	340	472	-181	100847	0.40 
50.056	2015-01-01 00:05:50.320	0.9575	-0.1045	0.2295	1.7700	6.5308	-0.7935	-22.8186	-73.2678	56.7664	47.7800	340	473	-181	100847	0.40 
50.087	2015-01-01 00:05:50.360	0.9404	-0.1338	0.2612	1.4648	6.5308	0.1831	-22.5275	-72.9987	56.3379	47.5900	340	473	-181	100847	0.40 
50.134	2015-01-01 00:05:50.400	0.9390	-0.1304	0.2549	0.8545	1.5259	0.4883	-22.3737	-72.8558	56.0413	47.8800	340	474	-182	100847	0.40 
50.212	2015-01-01 00:05:50.440	0.9346	-0.1377	0.2769	-0.9155	0.6714	-0.8545	-22.3242	-72.8009	55.8325	47.5900	343	473	-182	100847	0.40 
50.212	2015-01-01 00:05:50.480	0.9580	-0.1733	0.2534	-1.1597	-3.1128	-1.0986	-22.7197	-72.8998	56.0138	47.4000	339	474	-184	100847	0.40 
50.275	2015-01-01 00:05:50.520	0.9629	-0.1436	0.2607	-0.7935	-3.0518	-5.1880	-22.6154	-73.0701	55.7062	47.8800	340	472	-184	100847	0.40 
50.306	2015-01-01 00:05:50.560	0.9526	-0.1147	0.2495	-1.0986	-1.5259	-4.8828	-22.3407	-73.2568	55.2338	47.7800	342	475	-183	100847	0.40 
50.337	2015-01-01 00:05:50.600	0.9600	-0.0996	0.2607	-0.9766	-3.2349	-3.7231	-21.9012	-73.4326	54.5856	47.5900	339	472	-181	100847	0.40 
50.384	2015-01-01 00:05:50.640	0.9668	-0.0928	0.2319	-1.5869	-1.2817	0.4883	-21.9946	-73.5919	54.4922	47.7400	338	470	-180	100847	0.40 
50.431	2015-01-01 00:05:50.680	0.9448	-0.1235	0.2437	-1.6479	-0.7935	0.2441	-22.2308	-73.6359	54.5361	47.7400	337	470	-182	100847	0.40 
50.462	2015-01-01 00:05:50.720	0.9390	-0.1392	0.2510	-1.8921	-1.3428	-1.4038	-22.3792	-73.6853	54.4647	47.6400	340	470	-180	100847	0.40 
50.509	2015-01-01 00:05:50.760	0.9507	-0.1548	0.2393	-1.3428	-0.8545	-0.4883	-22.6703	-73.7292	54.5526	47.6400	337	471	-180	100848	0.40 
50.556	2015-01-01 00:05:50.800	0.9580	-0.1450	0.2476	-0.3662	2.2583	-1.7090	-22.6868	-73.7073	54.3933	47.7400	336	472	-180	100847	0.40 
50.618	2015-01-01 00:05:50.840	0.9521	-0.1396	0.2573	-1.0376	1.5259	-1.3428	-22.6318	-73.6523	54.1681	47.7800	337	471	-181	100848	0.40 
50.650	2015-01-01 00:05:50.880	0.9570	-0.1240	0.2432	-0.3662	2.5024	-2.1362	-22.4506	-73.6084	53.8220	47.7400	339	470	-183	100848	0.40 
50.696	2015-01-01 00:05:50.920	0.9585	-0.1216	0.2427	0.0610	2.6855	-1.2207	-22.1704	-73.5425	53.4100	47.5400	341	472	-185	100848	0.40 
50.727	2015-01-01 00:05:50.960	0.9575	-0.1294	0.2583	0.2441	2.6855	-1.5869	-21.9781	-73.4546	53.1079	47.5900	342	472	-186	100848	0.40 
50.790	2015-01-01 00:05:51.000	0.9619	-0.1206	0.2480	0.0610	0.3052	-1.3428	-21.8408	-73.4271	52.8882	47.9800	344	474	-184	100848	0.40 
50.822	2015-01-01 00:05:51.040	0.9341	-0.1270	0.2788	-0.6104	-0.2441	-1.3428	-21.6376	-73.3612	52.5696	47.6400	343	473	-184	100848	0.40 
50.868	2015-01-01 00:05:51.080	0.9893	-0.1152	0.2720	-1.0376	1.6479	-2.8076	-21.5002	-73.4052	52.2839	47.5400	341	474	-182	100848	0.40 
50.916	2015-01-01 00:05:51.120	0.9131	-0.1128	0.2915	-1.7090	-11.4746	4.8828	-21.8958	-73.5315	52.5751	47.6400	341	474	-182	100848	0.40 
50.947	2015-01-01 00:05:51.160	0.9517	-0.1777	0.2334	1.0376	7.8735	-1.2817	-22.4231	-73.5535	52.9761	47.7800	342	474	-183	100848	0.40 
50.993	2015-01-01 00:05:51.200	0.8579	-0.1172	0.2983	2.3193	-12.4512	0.2441	-22.5989	-73.6084	53.1573	47.7800	343	472	-184	100847	0.40 
51.025	2015-01-01 00:05:51.240	1.0044	-0.1274	0.2134	-0.4883	-6.4697	-3.1128	-22.9779	-74.0149	53.4869	47.6400	339	472	-184	100847	0.40 
51.071	2015-01-01 00:05:51.280	0.9160	-0.1206	0.2671	-1.0376	-11.3525	-0.4883	-23.2196	-74.3115	53.6133	47.9300	338	472	-184	100847	0.40 
51.118	2015-01-01 00:05:51.320	0.9429	-0.0986	0.2397	-1.2817	-14.9536	-4.1504	-23.6426	-74.8004	53.9209	47.9800	340	474	-180	100847	0.40 
51.150	2015-01-01 00:05:51.360	0.9590	-0.1304	0.2251	-1.8311	-21.8506	4.8218	-24.9664	-75.4871	55.1239	47.8800	335	474	-181	100847	0.40 
51.243	2015-01-01 00:05:51.400	0.9238	-0.1475	0.2026	-0.9155	-18.0054	4.8828	-27.4274	-76.0748	57.4915	47.6400	329	473	-183	100847	0.40 
51.274	2015-01-01 00:05:51.440	0.9263	-0.1372	0.2197	-3.4790	-22.2778	2.2583	-29.3170	-76.6351	59.1943	47.7400	331	472	-178	100847	0.40 
51.306	2015-01-01 00:05:51.480	1.1060	-0.1499	0.0337	-2.9907	-10.1318	4.2725	-32.1735	-77.3163	61.8256	47.5900	335	474	-177	100847	0.40 
51.338	2015-01-01 00:05:51.520	1.0083	-0.1367	0.0693	2.5635	22.7051	4.2114	-32.3657	-77.1295	61.7761	47.9300	338	469	-177	100847	0.40 
51.415	2015-01-01 00:05:51.560	1.0508	-0.1973	0.1318	3.7231	26.5503	-0.9155	-30.8002	-76.2671	60.1282	47.7800	339	466	-177	100847	0.40 
51.447	2015-01-01 00:05:51.600	1.0186	-0.1831	0.1553	4.2114	30.5176	-3.4180	-28.4601	-75.3003	57.7222	47.5400	339	470	-177	100847	0.40 
51.478	2015-01-01 00:05:51.640	0.9902	-0.1841	0.1914	3.3569	36.6211	-5.1270	-26.0541	-74.2236	55.2228	47.7800	339	473	-178	100847	0.40 
51.509	2015-01-01 00:05:51.680	1.0127	-0.1411	0.2393	4.7607	38.7573	-7.9346	-23.1592	-73.0096	52.2455	47.7400	340	475	-179	100847	0.40 
51.540	2015-01-01 00:05:51.720	1.0122	-0.1567	0.2988	6.7139	43.1519	-7.6294	-20.2148	-71.6034	49.3341	47.8800	345	472	-183	100846	0.40 
51.587	2015-01-01 00:05:51.760	0.9697	-0.1880	0.3345	8.4839	49.6216	-10.1929	-17.6331	-69.9280	46.8622	47.8800	344	474	-187	100846	0.40 
51.650	2015-01-01 00:05:51.800	0.8926	-0.0874	0.4238	10.6812	54.5654	-14.1602	-14.4196	-67.9504	43.8684	47.7400	346	474	-189	100846	0.40 
51.666	2015-01-01 00:05:51.840	0.9102	-0.0464	0.3940	8.1177	60.7910	-11.1084	-11.5082	-65.8356	41.2042	47.5900	350	473	-190	100847	0.40 
51.728	2015-01-01 00:05:51.880	0.8633	-0.0400	0.4072	5.4321	60.7910	-4.8218	-9.6295	-63.4515	39.4958	47.7800	351	472	-192	100847	0.40 
51.767	2015-01-01 00:05:51.920	0.9463	-0.1074	0.3984	8.1787	70.8618	4.0283	-8.4869	-61.0181	38.5785	47.9300	354	468	-199	100847	0.40 
51.798	2015-01-01 00:05:51.960	0.8193	-0.1221	0.4697	12.0850	61.5845	-5.3711	-7.7069	-58.4253	38.2104	47.6400	359	467	-202	100847	0.40 
51.892	2015-01-01 00:05:52.000	0.8115	-0.1196	0.5493	10.8643	73.3643	-2.1362	-6.5753	-55.8105	37.4469	47.8800	363	466	-203	100847	0.40 
51.892	2015-01-01 00:05:52.040	0.8042	-0.0605	0.5708	9.6436	62.2559	-9.5215	-5.5261	-53.1354	36.7877	47.7800	365	465	-205	100847	0.40 
51.923	2015-01-01 00:05:52.080	0.6978	-0.0601	0.6187	8.1177	70.9229	7.0190	-4.7351	-50.4602	36.3867	47.7800	369	465	-214	100847	0.40 
51.970	2015-01-01 00:05:52.120	0.8062	-0.0630	0.6929	6.7139	65.6128	-12.1460	-4.1034	-47.7356	36.1230	47.8800	377	463	-220	100847	0.40 
52.017	2015-01-01 00:05:52.160	0.6733	-0.0640	0.7041	7.8125	70.4346	2.1973	-3.4607	-45.1044	35.8209	47.8800	382	463	-224	100847	0.40 
52.079	2015-01-01 00:05:52.200	0.5981	-0.0815	0.7910	10.4980	62.3779	-10.5591	-2.8290	-42.3029	35.5902	47.7800	385	462	-225	100847	0.40 
52.095	2015-01-01 00:05:52.240	0.6533	-0.0903	0.7705	7.6904	64.8193	-7.0190	-2.1259	-39.8035	35.2441	47.7400	393	462	-228	100847	0.40 
52.157	2015-01-01 00:05:52.280	0.5435	-0.0396	0.7983	7.5073	64.5752	-11.2915	-1.5765	-37.1393	35.0244	47.7400	398	462	-233	100847	0.40 
52.266	2015-01-01 00:05:52.320	0.5488	-0.0537	0.8418	7.5684	62.1948	-12.0239	-0.9009	-34.6069	34.5850	47.6400	400	460	-234	100847	0.40 
52.298	2015-01-01 00:05:52.360	0.4326	-0.0244	0.8911	6.7139	60.9131	-11.5356	-0.3735	-32.0032	34.3542	47.7800	405	461	-238	100847	0.40 
52.329	2015-01-01 00:05:52.400	0.3994	-0.0498	0.8823	5.9204	66.8945	-20.6299	0.2362	-29.3555	33.8269	47.8800	411	462	-239	100848	0.40 
52.360	2015-01-01 00:05:52.440	0.3599	-0.0020	0.9053	4.0894	67.4438	-17.7612	0.7526	-26.5649	33.3270	47.5400	414	461	-240	100848	0.40 
52.407	2015-01-01 00:05:52.480	0.4087	0.0098	0.9238	5.0659	74.8901	-16.7847	1.2305	-23.6591	32.8711	47.5900	415	461	-241	100848	0.40 
52.423	2015-01-01 00:05:52.520	0.2827	0.0454	1.0195	6.5918	79.4067	-10.3149	1.6534	-20.4236	32.6953	47.7400	419	462	-241	100848	0.40 
52.486	2015-01-01 00:05:52.560	0.2437	0.0737	0.9941	6.1646	72.1436	-0.9766	1.9720	-17.2980	32.8546	47.5900	429	460	-242	100847	0.40 
52.532	2015-01-01 00:05:52.600	0.1514	0.0239	0.9316	4.4556	59.1431	-0.3052	2.1313	-14.6393	33.2501	47.7800	434	456	-242	100847	0.40 
52.532	2015-01-01 00:05:52.640	0.0913	0.0493	0.9258	5.6763	65.1855	1.5259	2.2906	-12.0190	33.6292	47.8800	437	454	-242	100847	0.40 
52.563	2015-01-01 00:05:52.680	0.0562	0.0420	1.0020	5.2490	57.3730	4.8828	2.4719	-9.3823	34.1675	47.7400	444	452	-242	100847	0.40 
52.595	2015-01-01 00:05:52.720	0.0547	0.0342	1.0024	1.3428	54.6265	-4.6387	2.5378	-7.1027	34.5026	47.5900	456	452	-242	100847	0.40 
52.657	2015-01-01 00:05:52.760	-0.0488	0.0137	1.0889	0.3662	48.8281	-11.9629	2.5378	-4.8065	34.5081	47.5900	463	450	-240	100847	0.40 
52.689	2015-01-01 00:05:52.800	-0.0220	0.0298	1.0078	1.8311	43.4570	-14.4653	2.5598	-2.8949	34.3103	47.8800	465	450	-239	100847	0.40 
52.720	2015-01-01 00:05:52.840	-0.0952	0.0088	1.0034	2.8076	46.9971	-18.0054	2.6422	-0.8954	33.9862	47.7800	471	449	-237	100847	0.40 
52.751	2015-01-01 00:05:52.880	-0.0830	0.0464	0.9829	0.6714	44.7388	-15.3809	2.7026	1.0767	33.6841	47.9800	480	451	-238	100847	0.40 
52.798	2015-01-01 00:05:52.920	-0.1260	0.0513	1.0229	-0.3052	43.2739	-11.7798	2.6752	2.9388	33.4808	47.7400	487	452	-234	100847	0.40 
52.892	2015-01-01 00:05:52.960	-0.1602	0.0410	1.0356	-0.2441	35.7056	1.2207	2.6532	4.6252	33.6237	47.6400	488	453	-230	100847	0.40 
52.892	2015-01-01 00:05:53.000	-0.1670	-0.0044	1.0195	1.7700	27.2827	6.6528	2.6642	5.9052	34.1455	47.9300	491	453	-231	100848	0.40 
52.923	2015-01-01 00:05:53.040	-0.1987	-0.0049	1.0161	2.9907	22.5830	1.7090	2.7026	6.9708	34.6014	47.8800	494	458	-233	100847	0.40 
52.970	2015-01-01 00:05:53.080	-0.2251	0.0220	0.9907	4.2725	20.6909	-3.6011	2.7905	7.9266	34.7827	47.7400	495	461	-234	100847	0.40 
53.017	2015-01-01 00:05:53.120	-0.2593	0.0498	0.9839	3.4180	17.5171	-3.1738	2.9169	8.8220	34.8706	47.7800	501	453	-231	100848	0.40 
53.063	2015-01-01 00:05:53.160	-0.2539	0.0659	1.0078	0.7935	17.7612	-4.4556	2.9773	9.6680	34.9585	47.5400	504	453	-230	100848	0.40 
53.095	2015-01-01 00:05:53.200	-0.2090	0.0488	0.9883	4.1504	9.6436	-3.6011	3.0762	10.2448	35.0299	47.8800	506	454	-229	100848	0.40 
53.127	2015-01-01 00:05:53.240	-0.2383	0.0601	1.0264	3.4180	10.4370	-2.5024	3.2080	10.7117	35.1453	47.5900	508	454	-228	100848	0.40 
53.189	2015-01-01 00:05:53.280	-0.2495	0.0586	1.0181	1.0376	-0.7935	0.5493	3.2794	10.9479	35.3156	47.8800	508	453	-228	100848	0.40 
53.220	2015-01-01 00:05:53.320	-0.2295	0.0352	0.9922	0.9766	0.0000	-0.4272	3.2959	10.9424	35.5353	47.5400	512	456	-223	100848	0.40 
53.267	2015-01-01 00:05:53.360	-0.2368	0.0464	0.9873	0.6104	-1.7090	-0.1221	3.2959	10.9753	35.7275	47.9800	514	457	-221	100848	0.40 
53.298	2015-01-01 00:05:53.400	-0.2471	0.0498	0.9917	1.4648	-2.6245	-1.6479	3.3179	10.9589	35.8813	47.5900	514	456	-224	100848	0.40 
53.361	2015-01-01 00:05:53.440	-0.2217	0.0557	0.9795	0.6104	-2.2583	-1.6479	3.3398	10.9149	36.0022	47.5900	508	450	-225	100848	0.40 
53.392	2015-01-01 00:05:53.480	-0.2109	0.0557	0.9902	1.5869	-1.5869	-1.4648	3.3673	10.8820	36.1121	47.9800	507	451	-227	100848	0.40 
53.423	2015-01-01 00:05:53.520	-0.2290	0.0581	1.0176	0.4272	-2.3193	0.3052	3.3948	10.8105	36.2878	48.0700	507	453	-227	100848	0.40 
53.470	2015-01-01 00:05:53.560	-0.1943	0.0498	1.0054	-0.4883	-3.6621	0.1221	3.3728	10.6842	36.4856	47.7400	507	451	-231	100848	0.40 
53.517	2015-01-01 00:05:53.600	-0.2163	0.0498	1.0122	-0.3662	-3.7842	0.0000	3.3289	10.5688	36.6559	47.6400	505	448	-232	100848	0.40 
53.548	2015-01-01 00:05:53.640	-0.1987	0.0537	1.0112	0.1221	-5.0659	-0.3662	3.3234	10.4150	36.8481	47.7800	502	445	-233	100848	0.40 
53.595	2015-01-01 00:05:53.680	-0.1948	0.0400	0.9858	0.2441	-2.3193	-1.8311	3.2959	10.2832	36.9800	47.7400	502	444	-232	100848	0.40 
53.627	2015-01-01 00:05:53.720	-0.1978	0.0479	0.9990	-0.0610	-1.8921	-1.7090	3.2794	10.2283	37.0953	47.5400	504	447	-229	100849	0.40 
53.720	2015-01-01 00:05:53.760	-0.1978	0.0542	1.0107	0.4272	-2.5024	-1.8311	3.2684	10.1788	37.1887	47.6400	502	451	-229	100849	0.40 
53.720	2015-01-01 00:05:53.800	-0.1890	0.0483	0.9873	0.4272	-1.7090	-0.7324	3.2629	10.1019	37.3096	47.7400	501	454	-229	100849	0.40 
53.751	2015-01-01 00:05:53.840	-0.1978	0.0493	1.0088	0.5493	-1.3428	-1.1597	3.2574	10.0800	37.4249	47.6400	500	456	-228	100848	0.40 
53.798	2015-01-01 00:05:53.880	-0.1978	0.0474	1.0034	0.3662	-1.6479	-0.7324	3.2574	10.0470	37.5403	47.7400	504	451	-228	100848	0.40 
53.829	2015-01-01 00:05:53.920	-0.1880	0.0479	0.9976	0.9766	-1.2207	-0.4883	3.2629	10.0085	37.6831	47.9300	505	451	-229	100848	0.40 
53.907	2015-01-01 00:05:53.960	-0.1987	0.0522	1.0059	1.0376	-0.9766	0.5493	3.2849	9.9921	37.8479	47.7400	504	450	-230	100848	0.40 
53.939	2015-01-01 00:05:54.000	-0.1934	0.0596	1.0015	0.3662	-1.2817	0.3052	3.3014	9.9646	38.0237	47.5400	504	450	-231	100848	0.40 
53.970	2015-01-01 00:05:54.040	-0.1831	0.0522	1.0083	0.6104	-2.2583	-0.3052	3.3069	9.9042	38.1775	47.8800	504	448	-230	100849	0.40 
54.002	2015-01-01 00:05:54.080	-0.1860	0.0542	1.0015	0.8545	-2.7466	-0.3052	3.3234	9.8273	38.3093	47.5900	506	447	-232	100848	0.40 
54.033	2015-01-01 00:05:54.120	-0.1899	0.0571	0.9937	0.0000	-1.0986	-0.9766	3.3234	9.7888	38.4357	47.6400	506	447	-232	100848	0.40 
54.111	2015-01-01 00:05:54.160	-0.1948	0.0557	0.9971	0.1831	-1.5869	-1.4648	3.3069	9.7668	38.5291	47.8800	505	449	-229	100849	0.40 
54.126	2015-01-01 00:05:54.200	-0.1919	0.0542	0.9995	0.5493	-1.5869	-1.4038	3.3069	9.7394	38.6224	47.9300	507	448	-229	100848	0.40 
54.157	2015-01-01 00:05:54.240	-0.1831	0.0566	0.9946	0.4883	-1.7700	-1.0986	3.3289	9.6954	38.7323	47.8800	504	450	-228	100848	0.40 
54.220	2015-01-01 00:05:54.280	-0.2056	0.0542	1.0122	0.3052	-2.8687	-1.4038	3.3179	9.6570	38.8092	47.6400	503	452	-226	100848	0.40 
54.251	2015-01-01 00:05:54.320	-0.1797	0.0596	1.0063	0.7324	-3.2349	-0.5493	3.3234	9.5471	38.9136	47.7400	502	451	-225	100848	0.40 
54.314	2015-01-01 00:05:54.360	-0.1855	0.0522	1.0015	0.6714	-1.9531	-1.4648	3.3289	9.4647	39.0070	47.6400	503	451	-231	100849	0.40 
54.345	2015-01-01 00:05:54.400	-0.1885	0.0552	1.0059	0.7324	-2.5635	-0.6104	3.3453	9.4043	39.0948	47.8800	504	449	-231	100848	0.40 
54.376	2015-01-01 00:05:54.440	-0.1851	0.0508	1.0083	0.9766	-1.8311	-0.3052	3.3618	9.3439	39.2047	47.5900	504	449	-231	100848	0.40 
54.423	2015-01-01 00:05:54.480	-0.1816	0.0596	1.0049	0.8545	-1.8921	-1.4038	3.3893	9.2999	39.2981	47.6400	504	449	-231	100848	0.40 
54.454	2015-01-01 00:05:54.520	-0.1895	0.0605	1.0059	1.7090	-2.6855	-0.5493	3.4167	9.2395	39.3860	47.9300	503	450	-231	100848	0.40 
54.517	2015-01-01 00:05:54.560	-0.1694	0.0640	1.0015	0.6714	-3.3569	-0.7324	3.4497	9.1241	39.4849	47.8800	503	452	-232	100848	0.40 
54.532	2015-01-01 00:05:54.600	-0.1719	0.0625	0.9951	0.1831	-2.2583	-1.2817	3.4552	9.0198	39.5563	47.5900	501	454	-233	100847	0.40 
54.579	2015-01-01 00:05:54.640	-0.1714	0.0635	0.9966	0.1831	-1.8921	-1.5259	3.4552	8.9703	39.6167	47.7400	501	455	-233	100847	0.40 
54.626	2015-01-01 00:05:54.680	-0.1812	0.0586	1.0093	-0.0610	-1.8311	-1.4648	3.4442	8.9264	39.6661	47.6400	502	450	-232	100847	0.40 
54.657	2015-01-01 00:05:54.720	-0.1729	0.0562	1.0005	0.1831	-2.2583	-1.5259	3.4332	8.8605	39.7266	47.7800	502	448	-232	100847	0.40 
54.720	2015-01-01 00:05:54.760	-0.1729	0.0591	1.0083	0.0000	-1.5259	-1.2207	3.4167	8.8110	39.7925	48.0700	501	446	-233	100847	0.40 
54.752	2015-01-01 00:05:54.800	-0.1655	0.0625	1.0049	0.0000	-1.5869	-1.7090	3.4003	8.7671	39.8529	47.7400	501	449	-234	100847	0.40 
54.783	2015-01-01 00:05:54.840	-0.1724	0.0620	1.0059	0.1221	-1.6479	-0.9155	3.3948	8.7286	39.9133	47.9800	500	446	-234	100847	0.40 
54.829	2015-01-01 00:05:54.880	-0.1504	0.0596	0.9902	-0.3662	-0.7935	-0.8545	3.4003	8.6682	40.0012	47.7400	498	451	-232	100847	0.40 
54.892	2015-01-01 00:05:54.920	-0.1816	0.0610	1.0161	0.0000	-2.4414	-1.0986	3.3838	8.6462	40.0507	47.8800	496	452	-230	100847	0.40 
54.923	2015-01-01 00:05:54.960	-0.1567	0.0605	1.0088	-0.9766	-1.7700	-1.5259	3.3563	8.5693	40.1001	47.5900	495	453	-229	100847	0.40 
54.955	2015-01-01 00:05:55.000	-0.1685	0.0562	1.0015	-0.4883	-1.8311	-2.0142	3.3234	8.5199	40.1385	47.8800	499	448	-233	100847	0.40 
54.986	2015-01-01 00:05:55.040	-0.1650	0.0571	1.0024	-0.1221	-1.7700	-1.0376	3.3014	8.4814	40.1825	47.8800	500	446	-231	100847	0.40 
55.048	2015-01-01 00:05:55.080	-0.1602	0.0522	0.9956	-0.2441	-1.5869	-0.9766	3.2849	8.4265	40.2759	47.8800	500	441	-227	100847	0.40 
55.095	2015-01-01 00:05:55.120	-0.1616	0.0537	1.0068	-0.1831	-1.4038	-1.3428	3.2739	8.3771	40.3583	47.7400	500	438	-226	100847	0.40 
55.126	2015-01-01 00:05:55.160	-0.1616	0.0557	1.0068	0.7324	-1.1597	-0.7324	3.2739	8.3606	40.4352	47.9300	500	445	-226	100846	0.40 
55.157	2015-01-01 00:05:55.200	-0.1558	0.0596	1.0073	0.5493	-1.1597	-0.4272	3.2849	8.3331	40.5176	47.7800	500	449	-228	100847	0.40 
55.204	2015-01-01 00:05:55.240	-0.1597	0.0591	1.0059	0.5493	-0.9766	-1.2207	3.2904	8.3112	40.5835	47.9300	499	447	-230	100846	0.40 
55.251	2015-01-01 00:05:55.280	-0.1558	0.0571	1.0020	0.6104	-0.6104	-0.9155	3.3014	8.2837	40.6494	47.8800	499	446	-230	100847	0.40 
55.298	2015-01-01 00:05:55.320	-0.1606	0.0596	1.0068	0.3052	-1.2207	-0.7324	3.3179	8.2727	40.7208	47.9300	500	446	-231	100847	0.40 
55.330	2015-01-01 00:05:55.360	-0.1558	0.0615	1.0029	0.3052	-0.6714	-1.0376	3.3289	8.2507	40.7867	47.7400	500	448	-232	100847	0.40 
55.361	2015-01-01 00:05:55.400	-0.1582	0.0571	1.0093	0.7324	-0.4272	-1.0376	3.3453	8.2452	40.8417	47.9300	499	448	-231	100847	0.40 
55.392	2015-01-01 00:05:55.440	-0.1548	0.0601	1.0132	0.7935	-0.1831	-0.6714	3.3618	8.2452	40.9131	47.8800	501	449	-232	100847	0.40 
55.439	2015-01-01 00:05:55.480	-0.1641	0.0576	1.0112	0.8545	-0.3052	-0.6714	3.3838	8.2562	40.9735	47.9300	499	449	-231	100847	0.40 
55.533	2015-01-01 00:05:55.520	-0.1523	0.0566	0.9946	0.1831	0.9155	-1.4648	3.4003	8.2617	41.0339	47.7400	499	450	-232	100847	0.40 
55.533	2015-01-01 00:05:55.560	-0.1660	0.0684	1.0278	0.2441	-2.0142	-1.0376	3.4113	8.2727	41.0779	47.8800	501	448	-233	100847	0.40 
55.579	2015-01-01 00:05:55.600	-0.1519	0.0620	1.0068	0.0000	-0.9155	-0.7935	3.4113	8.2343	41.1273	47.7800	504	447	-234	100847	0.40 
55.611	2015-01-01 00:05:55.640	-0.1597	0.0620	1.0063	0.1221	-1.0376	-0.6104	3.4167	8.2233	41.2042	47.7400	505	446	-235	100847	0.40 
55.657	2015-01-01 00:05:55.680	-0.1475	0.0601	1.0112	-0.2441	-1.0986	-1.9531	3.4058	8.1903	41.2592	48.0700	503	445	-232	100847	0.40 
55.704	2015-01-01 00:05:55.720	-0.1577	0.0566	1.0068	0.0610	0.0610	-1.7090	3.3838	8.1903	41.2756	48.0700	500	448	-232	100848	0.40 
55.736	2015-01-01 00:05:55.760	-0.1563	0.0615	1.0063	-0.1831	0.0000	-1.3428	3.3783	8.2068	41.3141	47.9300	498	450	-231	100848	0.40 
55.782	2015-01-01 00:05:55.800	-0.1606	0.0615	1.0083	-0.1831	-0.0610	-1.9531	3.3673	8.2288	41.3306	48.0700	497	452	-231	100847	0.40 
55.830	2015-01-01 00:05:55.840	-0.1563	0.0596	1.0098	-0.3662	-0.1831	-0.7324	3.3563	8.2452	41.3580	47.9300	500	451	-235	100848	0.40 
55.861	2015-01-01 00:05:55.880	-0.1582	0.0620	1.0020	-0.6714	0.9766	-1.4648	3.3289	8.2727	41.4020	47.9800	497	449	-236	100848	0.40 
55.939	2015-01-01 00:05:55.920	-0.1523	0.0591	1.0088	-0.1221	0.6714	-1.5259	3.3069	8.3112	41.4294	47.9800	503	445	-239	100847	0.40 
55.939	2015-01-01 00:05:55.960	-0.1636	0.0562	1.0122	-0.4272	0.0610	-1.0376	3.2904	8.3441	41.4789	47.6400	507	443	-241	100848	0.40 
56.002	2015-01-01 00:05:56.000	-0.1563	0.0581	1.0078	-0.3662	0.1221	-1.1597	3.2739	8.3661	41.5338	47.9300	506	443	-241	100848	0.40 
56.017	2015-01-01 00:05:56.040	-0.1616	0.0576	1.0073	-0.4883	0.3052	-1.5869	3.2520	8.3881	41.5723	47.9300	502	446	-236	100848	0.40