StartTime: 2017-07-21 14:57:18.641
Time(s)	ChipTime	ax(g)	ay(g)	az(g)	wx(deg/s)	wy(deg/s)	wz(deg/s)	AngleX(deg)	AngleY(deg)	AngleZ(deg)	T(°)	hx	hy	hz	Pressure(Pa)	Altitude(m) 
285.093	2015-01-01 00:14:48.240	0.0713	0.0864	1.0093	-0.1831	1.2207	-1.8921	4.4055	0.5328	60.1831	45.8700	366	169	-189	100797	0.44 
285.156	2015-01-01 00:14:48.280	0.0791	0.1064	1.0078	-0.4272	3.1738	-2.2583	4.4275	0.5109	60.1996	46.0100	367	169	-191	100797	0.44 
285.171	2015-01-01 00:14:48.320	0.0674	0.0918	1.0059	0.0000	3.6011	-0.4272	4.4385	0.5438	60.2435	45.9600	366	171	-194	100797	0.44 
285.218	2015-01-01 00:14:48.360	0.0635	0.0923	1.0137	0.7324	4.2725	-0.1221	4.4769	0.6097	60.3314	45.9600	365	169	-195	100797	0.44 
285.249	2015-01-01 00:14:48.400	0.0781	0.1177	0.9922	2.7466	7.5684	1.8921	4.5703	0.7086	60.4633	46.0600	367	168	-191	100797	0.44 
285.296	2015-01-01 00:14:48.440	0.0566	0.1333	1.0063	4.0283	13.2446	3.6621	4.8065	1.0327	60.6885	45.8200	368	168	-190	100797	0.44 
285.343	2015-01-01 00:14:48.480	0.0132	0.0850	0.9966	3.2349	11.2305	-0.0610	4.9658	1.4502	60.8698	45.8700	363	170	-193	100797	0.44 
285.374	2015-01-01 00:14:48.520	0.0186	0.0981	1.0405	1.0376	15.6250	-4.9438	5.0482	1.9336	60.8423	45.6800	360	171	-196	100797	0.44 
285.422	2015-01-01 00:14:48.560	0.0137	0.1362	1.0215	3.9673	13.4277	0.1221	5.1746	2.4390	60.8148	45.9600	365	171	-192	100797	0.44 
285.452	2015-01-01 00:14:48.600	0.0225	0.1147	0.9492	3.1128	19.7144	-0.3052	5.3668	2.9718	60.9192	45.8700	362	172	-191	100798	0.44 
285.531	2015-01-01 00:14:48.640	-0.0107	0.1196	0.9736	5.1270	29.4800	-0.9766	5.5975	3.9221	61.0291	45.8200	365	169	-190	100797	0.44 
285.562	2015-01-01 00:14:48.680	-0.0254	0.1025	1.0015	4.2114	34.3018	-2.8687	5.8063	5.1581	61.1334	45.9600	369	167	-191	100797	0.44 
285.593	2015-01-01 00:14:48.720	-0.0571	0.0835	0.8755	5.6763	44.6167	-7.2021	5.9601	6.6028	61.1334	45.6800	370	165	-191	100798	0.44 
285.624	2015-01-01 00:14:48.760	-0.1406	0.1411	0.9297	8.6060	72.5708	-12.2681	6.2842	9.0527	61.0071	46.0100	373	167	-192	100797	0.44 
285.656	2015-01-01 00:14:48.800	-0.2090	0.1460	0.8970	9.9487	75.6836	-12.2681	6.7017	12.0905	60.8258	46.0100	376	169	-193	100797	0.44 
285.703	2015-01-01 00:14:48.840	-0.2397	0.1479	0.8633	15.1367	90.4541	-6.7139	7.2894	15.4797	60.8258	45.8200	385	168	-190	100797	0.44 
285.749	2015-01-01 00:14:48.880	-0.3257	0.1074	0.7964	17.7002	97.0459	-8.0566	8.0530	19.2755	61.0016	45.7700	394	168	-186	100797	0.44 
285.781	2015-01-01 00:14:48.920	-0.3604	0.1406	0.7466	21.7285	116.9434	-8.1787	8.9594	23.6591	61.2213	46.1500	400	167	-182	100797	0.44 
285.843	2015-01-01 00:14:48.960	-0.4375	0.1460	0.7744	27.6489	119.0796	-3.4180	10.2887	28.4766	61.7651	45.8200	405	163	-176	100797	0.44 
285.906	2015-01-01 00:14:49.000	-0.3823	0.1738	0.5942	38.2080	131.5308	0.1221	12.1619	33.2776	62.5781	45.9600	406	160	-172	100797	0.44 
285.953	2015-01-01 00:14:49.040	-0.6245	0.4902	0.8711	45.1050	139.6484	41.8701	15.8313	38.4741	65.1599	45.9600	423	157	-166	100797	0.44 
285.968	2015-01-01 00:14:49.080	-0.5674	0.3125	0.8960	29.7241	93.3838	46.5698	20.0610	41.9183	69.0216	46.0100	433	153	-156	100797	0.44 
285.999	2015-01-01 00:14:49.120	-0.3794	-0.0015	0.5859	28.9307	102.4170	44.7388	23.7909	44.3848	73.0975	46.1500	433	149	-149	100797	0.44 
286.062	2015-01-01 00:14:49.160	-0.4590	0.2778	0.8716	11.8408	99.6704	29.6631	27.5702	47.4280	77.3053	45.8700	433	146	-144	100798	0.44 
286.109	2015-01-01 00:14:49.200	-0.3052	-0.0073	0.5190	2.1362	37.6587	4.8828	29.0918	48.7408	79.2609	45.8700	432	143	-140	100798	0.44 
286.140	2015-01-01 00:14:49.240	-0.8647	0.4341	0.9014	1.2817	62.0728	-0.0610	29.5972	50.6415	80.3210	45.8200	431	140	-136	100798	0.44 
286.218	2015-01-01 00:14:49.280	-0.4258	0.3691	0.4351	-7.7515	-26.7944	4.0283	29.4159	50.0977	79.5575	46.1500	432	139	-134	100798	0.44 
286.218	2015-01-01 00:14:49.320	-0.7700	0.2002	0.7031	-15.8691	2.8687	-7.4463	28.6853	49.9438	79.1785	46.1500	434	140	-129	100798	0.44 
286.265	2015-01-01 00:14:49.360	-0.3955	0.2695	0.5308	-13.7939	-26.6724	-16.8457	26.8835	49.2352	77.1350	46.1500	438	142	-126	100799	0.44 
286.312	2015-01-01 00:14:49.400	-0.7769	0.3755	0.6865	-17.5781	-18.7378	-4.1504	25.6476	48.5321	75.8496	45.9600	434	142	-128	100799	0.44 
286.343	2015-01-01 00:14:49.440	-0.5522	0.3584	0.6646	-18.5547	-41.8091	-18.1885	23.6151	47.3291	73.6139	46.0100	430	139	-132	100799	0.44 
286.390	2015-01-01 00:14:49.480	-0.8672	0.4487	0.7886	-7.8735	-26.4282	10.8032	22.6813	46.0602	72.4823	45.6800	427	136	-135	100799	0.44 
286.422	2015-01-01 00:14:49.520	-0.7705	0.2827	0.8174	-17.5781	-58.1055	-14.7705	21.3794	44.3848	71.0651	46.0600	429	136	-139	100799	0.44 
286.484	2015-01-01 00:14:49.560	-0.6294	0.4297	0.7817	-7.2632	-43.3350	3.1738	19.9567	42.3853	69.2853	45.6800	426	135	-142	100800	0.44 
286.531	2015-01-01 00:14:49.600	-0.9092	0.3101	0.9473	-16.1743	-40.3442	-20.0806	19.1437	41.0175	68.1976	46.1500	418	133	-143	100800	0.44 
286.562	2015-01-01 00:14:49.640	-0.6567	0.3877	0.8325	-30.2734	-18.4326	-16.1743	17.1661	39.7375	66.2750	45.8700	416	133	-143	100800	0.44 
286.609	2015-01-01 00:14:49.680	-0.7324	0.3311	0.9712	-20.7520	-21.4233	-13.7939	15.2710	38.9795	64.7974	46.0600	412	132	-145	100800	0.44 
286.640	2015-01-01 00:14:49.720	-0.8096	0.2817	1.1182	-14.5874	-34.7290	4.1504	14.4800	37.8149	64.2920	46.0100	409	131	-149	100801	0.44 
286.687	2015-01-01 00:14:49.760	-0.7480	0.3687	0.9429	-8.3618	-14.8315	-7.5073	13.6945	36.7548	63.5175	45.8200	408	129	-152	100801	0.44 
286.734	2015-01-01 00:14:49.800	-0.7290	0.2593	0.9722	-2.6245	-17.5171	-7.5073	13.3594	36.1670	62.9242	45.8700	408	130	-152	100801	0.44 
286.797	2015-01-01 00:14:49.840	-0.6079	0.2974	0.8901	9.3384	-0.7935	-2.9297	13.3594	35.8154	62.4133	45.8200	406	127	-153	100802	0.44 
286.828	2015-01-01 00:14:49.880	-0.5986	0.2461	0.9443	5.4321	-10.8032	-1.2817	13.7823	35.6177	62.3804	46.0100	410	127	-154	100802	0.44 
286.859	2015-01-01 00:14:49.920	-0.4883	0.2422	0.7944	1.2207	-11.8408	-2.0142	13.6890	35.0299	61.9464	45.9600	410	128	-156	100802	0.44 
286.906	2015-01-01 00:14:49.960	-0.4912	0.1992	0.8252	-4.5776	-16.3574	4.5776	13.6945	34.3982	61.9574	45.8700	408	127	-156	100803	0.44 
286.969	2015-01-01 00:14:50.000	-0.4604	0.2192	0.7998	-3.9673	-12.1460	6.1646	13.5242	33.6566	61.9629	45.8200	405	128	-157	100802	0.44 
287.000	2015-01-01 00:14:50.040	-0.4771	0.2139	0.8145	-5.6152	-16.1743	6.8359	13.5132	32.9150	62.1387	46.1500	405	129	-153	100803	0.44 
287.031	2015-01-01 00:14:50.080	-0.5073	0.2603	0.8530	-3.4790	-7.0801	6.6528	13.4528	32.3767	62.2540	46.1500	403	129	-152	100803	0.44 
287.078	2015-01-01 00:14:50.120	-0.4917	0.2422	0.8452	-3.1738	-5.2490	4.9438	13.5352	31.9812	62.4518	45.8200	397	130	-156	100803	0.44 
287.109	2015-01-01 00:14:50.160	-0.4839	0.2798	0.8711	0.0000	2.8076	0.9766	13.6011	31.8713	62.4902	46.0100	393	130	-155	100803	0.44 
287.172	2015-01-01 00:14:50.200	-0.5000	0.2847	0.8867	0.5493	4.5776	1.0376	13.7988	31.9208	62.5397	45.8200	391	130	-157	100803	0.43 
287.203	2015-01-01 00:14:50.240	-0.4688	0.2607	0.8936	0.4272	4.6997	-4.5776	13.8538	32.0306	62.4353	45.9600	389	132	-156	100803	0.43 
287.235	2015-01-01 00:14:50.280	-0.4570	0.2769	0.8784	-0.7935	1.9531	-2.5635	13.8757	32.0636	62.2540	45.8200	390	131	-157	100803	0.43 
287.297	2015-01-01 00:14:50.320	-0.4839	0.2544	0.8916	-0.3662	-3.1128	-3.5400	13.8043	31.9373	62.0453	45.8200	395	132	-157	100804	0.43 
287.343	2015-01-01 00:14:50.360	-0.4004	0.2612	0.8340	-0.0610	-1.2817	-1.5869	13.8483	31.6516	61.9299	45.9600	392	133	-156	100804	0.43 
287.375	2015-01-01 00:14:50.400	-0.4424	0.2720	0.8823	-1.4648	-7.4463	-2.4414	13.7988	31.3989	61.7267	45.8200	391	130	-155	100804	0.43 
287.421	2015-01-01 00:14:50.440	-0.3862	0.2183	0.8564	-1.5259	-11.5967	-6.1035	13.6230	30.8551	61.4520	46.0600	390	130	-157	100804	0.43 
287.469	2015-01-01 00:14:50.480	-0.4482	0.2539	0.8813	0.6714	-6.1035	-5.4932	13.4967	30.4706	61.0785	45.8200	389	128	-157	100804	0.43 
287.500	2015-01-01 00:14:50.520	-0.4370	0.2310	0.8755	-0.4272	-5.6763	-8.0566	13.3594	30.1740	60.7214	45.8700	390	129	-155	100804	0.43 
287.578	2015-01-01 00:14:50.560	-0.4512	0.2388	0.9160	1.3428	-2.7466	-3.9063	13.2550	30.0366	60.3754	45.8200	391	128	-156	100804	0.43 
287.609	2015-01-01 00:14:50.600	-0.4321	0.2954	0.8901	-0.7935	-3.0518	-4.0894	13.2440	29.8169	60.2216	45.8200	391	128	-157	100804	0.43 
287.625	2015-01-01 00:14:50.640	-0.3857	0.1978	0.8696	-0.3662	-7.3242	-5.3711	13.1506	29.4983	60.0238	46.0100	391	129	-157	100804	0.43 
287.671	2015-01-01 00:14:50.680	-0.4170	0.2700	0.8833	0.7935	-1.4648	-4.0894	13.0737	29.2621	59.7931	45.8200	392	129	-158	100805	0.43 
287.718	2015-01-01 00:14:50.720	-0.4033	0.2300	0.8940	-0.1831	-3.9063	-3.4180	13.0737	29.0588	59.6777	45.8200	392	129	-157	100804	0.43 
287.750	2015-01-01 00:14:50.760	-0.4082	0.2412	0.8838	1.3428	-1.4038	-3.6011	13.0188	28.8776	59.5184	46.0100	391	130	-159	100804	0.43 
287.796	2015-01-01 00:14:50.800	-0.4141	0.2397	0.8931	0.3662	-0.1221	-1.7090	13.0847	28.7677	59.4745	46.1500	391	131	-160	100804	0.43 
287.828	2015-01-01 00:14:50.840	-0.4102	0.2427	0.9009	0.9766	0.8545	-1.5869	13.1177	28.6963	59.4525	45.9600	390	130	-159	100804	0.43 
287.875	2015-01-01 00:14:50.880	-0.4150	0.2368	0.9019	-0.4272	-0.3662	-2.1973	13.1342	28.6194	59.4415	45.8200	390	130	-157	100804	0.43 
287.906	2015-01-01 00:14:50.920	-0.4238	0.2554	0.9136	0.0000	-0.6104	-1.3428	13.1342	28.5260	59.3921	45.7700	388	130	-154	100805	0.43 
288.000	2015-01-01 00:14:50.960	-0.4229	0.2642	0.9370	1.2207	-13.5498	2.0142	13.1836	28.1140	59.3866	46.0100	388	126	-154	100805	0.43 
288.000	2015-01-01 00:14:51.000	-0.3770	0.2515	0.9023	9.7046	-9.0332	3.4180	13.4857	27.4988	59.4910	46.0100	387	125	-153	100805	0.43 
288.046	2015-01-01 00:14:51.040	-0.3833	0.2749	0.8926	9.9487	-2.8076	-0.3052	14.0295	27.1857	59.6063	45.8700	385	126	-155	100805	0.43 
288.078	2015-01-01 00:14:51.080	-0.3389	0.2910	0.8892	4.8828	1.9531	-3.5400	14.3317	27.0538	59.5569	46.0100	386	128	-155	100805	0.43 
288.125	2015-01-01 00:14:51.120	-0.3843	0.2520	0.8931	1.4038	-2.1362	-6.2256	14.4470	26.9659	59.4580	45.9600	387	129	-154	100805	0.43 
288.188	2015-01-01 00:14:51.160	-0.3481	0.2759	0.8608	0.7324	2.4414	-9.1553	14.3427	26.9055	59.1284	46.2000	385	129	-150	100805	0.43 
288.219	2015-01-01 00:14:51.200	-0.3779	0.2808	0.8921	0.9155	6.0425	-6.8970	14.3591	27.0593	58.9417	46.1500	384	128	-151	100805	0.43 
288.250	2015-01-01 00:14:51.240	-0.3813	0.2607	0.8818	0.4272	5.1880	-13.1226	14.2657	27.2406	58.6340	46.0100	386	128	-151	100804	0.43 
288.313	2015-01-01 00:14:51.280	-0.3896	0.2915	0.9150	0.1831	3.4180	-7.8125	14.1833	27.3834	58.3429	45.8700	387	129	-148	100805	0.43 
288.359	2015-01-01 00:14:51.320	-0.3677	0.2603	0.8911	-0.9766	1.3428	-9.5215	14.0790	27.3889	58.1012	46.0100	389	127	-150	100805	0.43 
288.406	2015-01-01 00:14:51.360	-0.4048	0.2734	0.9106	0.7324	1.4648	-7.5684	13.9636	27.4438	57.8650	46.1500	391	127	-150	100805	0.43 
288.422	2015-01-01 00:14:51.400	-0.3853	0.2788	0.8984	-0.3662	0.2441	-7.2021	13.9087	27.3999	57.6727	46.0100	390	125	-148	100805	0.43 
288.453	2015-01-01 00:14:51.440	-0.3999	0.2524	0.8989	-0.4272	2.1362	-7.0801	13.8208	27.4054	57.5354	46.0100	390	125	-145	100804	0.43 
288.500	2015-01-01 00:14:51.480	-0.3911	0.2681	0.9053	-1.2817	1.2207	-4.8828	13.7384	27.4274	57.4310	46.0600	389	126	-147	100805	0.43 
288.532	2015-01-01 00:14:51.520	-0.3691	0.2500	0.8940	-1.1597	2.7466	-3.8452	13.6835	27.4164	57.4255	45.9600	391	124	-150	100805	0.43 
288.625	2015-01-01 00:14:51.560	-0.3936	0.2554	0.9106	-0.7324	2.8076	-3.2349	13.6395	27.4713	57.4475	45.7700	392	124	-151	100805	0.43 
288.625	2015-01-01 00:14:51.600	-0.3911	0.2334	0.8838	-2.2583	0.7324	-3.2349	13.5901	27.4109	57.4695	46.1500	393	125	-150	100805	0.43 
288.656	2015-01-01 00:14:51.640	-0.3799	0.2642	0.9126	-4.0894	0.3052	-3.7231	13.4143	27.3560	57.4365	45.9600	392	124	-148	100805	0.43 
288.703	2015-01-01 00:14:51.680	-0.3848	0.2310	0.9189	-5.4321	1.5259	-2.8687	13.2495	27.3010	57.5299	45.9600	394	126	-149	100805	0.43 
288.750	2015-01-01 00:14:51.720	-0.3799	0.2617	0.9175	-4.5776	0.4883	-3.9063	13.0133	27.2406	57.4695	46.0100	391	128	-155	100805	0.43 
288.812	2015-01-01 00:14:51.760	-0.3794	0.2383	0.9102	-3.1738	0.9155	-4.0894	12.8485	27.1637	57.4640	45.8700	391	128	-156	100805	0.43 
288.890	2015-01-01 00:14:51.800	-0.3955	0.2710	0.9141	-1.6479	2.2583	-3.2349	12.7881	27.1582	57.4475	46.0100	391	130	-155	100805	0.43 
288.890	2015-01-01 00:14:51.840	-0.4033	0.2456	0.8726	-0.2441	7.8125	-5.2490	12.7496	27.3175	57.4091	46.0100	389	130	-152	100805	0.43 
288.922	2015-01-01 00:14:51.880	-0.3687	0.2417	0.9189	0.1221	8.4839	-4.5776	12.7551	27.5867	57.4255	45.8700	392	128	-152	100805	0.43 
288.953	2015-01-01 00:14:51.920	-0.3960	0.2578	0.9189	0.1831	4.8828	-0.7935	12.8101	27.7405	57.5134	46.1500	396	128	-152	100805	0.43 
289.032	2015-01-01 00:14:51.960	-0.3716	0.2407	0.9014	-0.6104	3.3569	-0.4883	12.8650	27.7515	57.6782	45.7700	396	128	-152	100805	0.43 
289.032	2015-01-01 00:14:52.000	-0.3926	0.2554	0.8984	-2.3193	2.5024	-0.3052	12.8815	27.7405	57.8485	46.1500	396	128	-151	100805	0.43 
289.094	2015-01-01 00:14:52.040	-0.3877	0.2383	0.9028	-1.7700	0.3662	-0.3662	12.8485	27.6636	57.9694	45.9600	396	127	-152	100805	0.43 
289.125	2015-01-01 00:14:52.080	-0.3979	0.2510	0.9194	-1.4038	1.5259	-1.1597	12.8540	27.6031	58.1012	46.1500	394	125	-150	100805	0.43 
289.156	2015-01-01 00:14:52.120	-0.3931	0.2485	0.9341	-1.1597	-0.6714	-1.8311	12.8375	27.4933	58.1726	46.0100	388	120	-152	100805	0.43 
289.203	2015-01-01 00:14:52.160	-0.3984	0.2446	0.9038	-1.0986	-1.4038	-1.5259	12.8101	27.3505	58.2111	46.0100	389	124	-154	100805	0.43 
289.234	2015-01-01 00:14:52.200	-0.3130	0.2515	0.8877	-5.0659	6.1646	-3.6011	12.7441	27.2955	58.2770	46.1500	390	124	-155	100805	0.43 
289.281	2015-01-01 00:14:52.240	-0.4429	0.2148	0.9541	-6.8970	6.1035	-6.5308	12.4640	27.5262	58.2550	46.1500	389	123	-155	100805	0.43 
289.312	2015-01-01 00:14:52.280	-0.3950	0.2456	0.9341	-5.9204	2.4414	-7.2021	12.0795	27.6196	58.0682	45.9600	392	125	-155	100805	0.43 
289.359	2015-01-01 00:14:52.320	-0.3960	0.2222	0.9224	-2.1973	0.1831	-5.2490	11.8982	27.5812	57.9694	46.0100	393	128	-159	100805	0.43 
289.437	2015-01-01 00:14:52.360	-0.3735	0.2236	0.9146	-1.5869	-2.6855	-8.3618	11.7169	27.4603	57.7716	45.9600	393	129	-157	100805	0.43 
289.469	2015-01-01 00:14:52.400	-0.3550	0.2290	0.9009	-0.7935	-5.3711	-6.3477	11.5796	27.1857	57.5354	46.1500	393	130	-158	100806	0.43 
289.500	2015-01-01 00:14:52.440	-0.3706	0.2339	0.9077	-2.1362	-3.8452	-6.5308	11.4587	26.9275	57.3761	46.1500	393	127	-155	100806	0.43 
289.531	2015-01-01 00:14:52.480	-0.3662	0.2432	0.9194	-2.5635	-7.8735	-4.7607	11.3049	26.6309	57.2003	46.1500	392	127	-151	100806	0.43 
289.578	2015-01-01 00:14:52.520	-0.3623	0.2373	0.9185	0.4272	-4.3945	-0.3052	11.2885	26.2903	57.2443	46.2000	391	127	-148	100806	0.43 
289.640	2015-01-01 00:14:52.560	-0.3682	0.2202	0.9043	2.8076	-0.4883	1.5869	11.4423	26.0870	57.4200	46.1500	393	129	-152	100806	0.43 
289.672	2015-01-01 00:14:52.600	-0.3691	0.2437	0.9219	3.4180	4.7607	2.4414	11.7224	26.0706	57.7002	46.0100	398	127	-156	100806	0.43 
289.750	2015-01-01 00:14:52.640	-0.3726	0.2202	0.9355	2.0142	0.9155	-0.7324	11.9147	26.0541	57.8925	46.1500	398	129	-156	100806	0.43 
289.750	2015-01-01 00:14:52.680	-0.3506	0.2451	0.9097	1.8311	2.1362	0.4883	12.0465	25.9827	58.0408	46.1500	397	127	-154	100806	0.43 
289.781	2015-01-01 00:14:52.720	-0.3540	0.2314	0.9141	2.1973	0.5493	0.4883	12.2223	25.9058	58.2330	46.2000	398	126	-153	100806	0.43 
289.844	2015-01-01 00:14:52.760	-0.3491	0.2412	0.8931	3.2959	4.3335	-1.2817	12.3871	25.8838	58.3484	45.8200	395	127	-156	100806	0.43 
289.859	2015-01-01 00:14:52.800	-0.3774	0.2510	0.9463	1.8921	3.9673	-1.8921	12.5739	25.9717	58.4637	46.0600	392	126	-153	100806	0.43 
289.906	2015-01-01 00:14:52.840	-0.3623	0.2412	0.9038	1.2207	2.9297	-4.4556	12.6233	25.9937	58.4583	46.3000	392	125	-151	100806	0.43 
289.954	2015-01-01 00:14:52.880	-0.3628	0.2583	0.9155	0.2441	3.8452	-4.0894	12.6727	26.0651	58.4637	46.2000	391	127	-152	100806	0.43 
290.015	2015-01-01 00:14:52.920	-0.3530	0.2310	0.9067	-0.4883	2.8687	-6.9580	12.6398	26.0925	58.3813	46.0100	389	127	-151	100806	0.43 
290.047	2015-01-01 00:14:52.960	-0.3638	0.2534	0.9126	-0.4883	3.4180	-7.6904	12.5574	26.1639	58.2166	45.9600	392	125	-151	100806	0.43 
290.079	2015-01-01 00:14:53.000	-0.3574	0.2397	0.9102	-0.7324	2.6855	-8.6060	12.4475	26.2189	58.0243	46.0600	393	125	-151	100806	0.43 
290.109	2015-01-01 00:14:53.040	-0.3491	0.2490	0.9116	-1.3428	1.6479	-8.4229	12.3102	26.2354	57.8210	46.1500	393	126	-151	100806	0.43 
290.156	2015-01-01 00:14:53.080	-0.3682	0.2368	0.9141	-3.9063	3.8452	-9.5215	12.1234	26.2958	57.6068	46.0600	395	130	-151	100807	0.43 
290.187	2015-01-01 00:14:53.120	-0.3774	0.2305	0.9150	-4.3335	2.0752	-10.2539	11.8433	26.3892	57.3651	46.0600	395	128	-153	100806	0.43 
290.250	2015-01-01 00:14:53.160	-0.3872	0.2388	0.9321	-1.4648	4.8828	-8.1787	11.6400	26.4935	57.1509	45.9600	399	127	-152	100806	0.43 
290.281	2015-01-01 00:14:53.200	-0.3979	0.2383	0.9316	0.0000	3.4180	-6.9580	11.5851	26.6199	57.0190	46.3500	398	127	-153	100806	0.43 
290.313	2015-01-01 00:14:53.240	-0.3809	0.2466	0.9160	1.1597	5.3101	-6.2866	11.5741	26.7462	56.9202	46.0100	396	126	-154	100806	0.43 
290.359	2015-01-01 00:14:53.280	-0.3730	0.2275	0.9082	0.5493	3.9063	-5.8594	11.6180	26.8616	56.8927	45.8700	394	124	-158	100806	0.43 
290.422	2015-01-01 00:14:53.320	-0.3999	0.2397	0.9277	0.3052	-0.3052	-6.0425	11.5686	26.8561	56.7883	46.1500	394	123	-156	100806	0.43 
290.500	2015-01-01 00:14:53.360	-0.4385	0.2153	0.9316	2.8687	-12.8784	-3.1128	11.5466	26.5869	56.6455	46.2000	392	127	-156	100806	0.43 
290.531	2015-01-01 00:14:53.400	-0.3691	0.2607	0.9087	-1.7700	-9.2773	-5.5542	11.5686	26.0925	56.5906	46.1500	393	127	-155	100807	0.43 
290.531	2015-01-01 00:14:53.440	-0.3599	0.2002	0.8921	-0.1221	-3.2959	-7.3242	11.3654	25.8234	56.3324	46.1500	395	126	-151	100807	0.43 
290.578	2015-01-01 00:14:53.480	-0.3789	0.2207	1.0176	-2.2583	-1.6479	-3.5400	11.3269	25.6586	56.3763	46.1500	395	127	-150	100807	0.43 
290.625	2015-01-01 00:14:53.520	-0.4692	0.2686	1.0928	-0.5493	6.7139	-10.0708	11.1237	25.6970	56.2061	45.8200	397	127	-149	100807	0.43 
290.656	2015-01-01 00:14:53.560	-0.6270	0.3110	1.2822	3.3569	20.7520	-8.1177	11.2335	26.3892	56.2170	46.3500	400	127	-149	100807	0.43 
290.687	2015-01-01 00:14:53.600	-0.6025	0.3271	1.3369	4.0283	24.3530	-9.0942	11.3544	27.3285	56.1951	46.2000	401	127	-150	100807	0.43 
290.750	2015-01-01 00:14:53.640	-0.6216	0.2900	1.3179	5.3101	29.8462	-4.9438	11.5796	28.4326	56.3049	46.0100	399	129	-149	100807	0.43 
290.781	2015-01-01 00:14:53.680	-0.5225	0.2964	1.1807	1.8921	25.8179	-12.3291	11.6620	29.3939	56.3269	46.0600	400	129	-151	100807	0.43 
290.844	2015-01-01 00:14:53.720	-0.4478	0.2417	1.0352	3.5400	30.5176	-6.1035	11.7773	30.3827	56.2994	45.8200	403	131	-152	100807	0.43 
290.875	2015-01-01 00:14:53.760	-0.5713	0.3218	1.1084	2.8687	33.8135	-0.3052	12.0795	31.6132	56.6949	45.8200	405	132	-153	100807	0.43 
290.922	2015-01-01 00:14:53.800	-0.5449	0.2710	1.0835	-2.0752	18.6768	-2.0142	12.3706	32.4371	57.0740	46.1500	411	135	-150	100807	0.43 
290.953	2015-01-01 00:14:53.840	-0.5894	0.2773	1.1167	-4.3335	24.1089	-4.0894	12.2278	33.1403	57.2168	45.8700	413	138	-150	100807	0.43 
291.000	2015-01-01 00:14:53.880	-0.5952	0.3286	1.1543	-10.2539	0.8545	-2.6855	12.0465	33.5522	57.3706	46.1500	413	139	-152	100807	0.43 
291.063	2015-01-01 00:14:53.920	-0.4448	0.2153	1.0708	-14.3433	-4.6997	-5.6763	11.3928	33.1018	57.1783	46.0100	413	142	-154	100807	0.43 
291.094	2015-01-01 00:14:53.960	-0.3643	0.2090	0.9878	-18.6157	-26.5503	-8.0566	10.5029	32.3053	56.9147	46.1500	416	145	-160	100807	0.43 
291.125	2015-01-01 00:14:54.000	-0.1377	0.1133	0.6899	-14.1602	-34.4849	-5.2490	9.5471	30.6189	56.4917	46.1500	417	147	-160	100806	0.43 
291.172	2015-01-01 00:14:54.040	-0.0396	0.0190	0.5376	-12.4512	-40.8936	-0.3052	8.8550	28.6029	56.4093	46.0100	417	149	-160	100806	0.43 
291.203	2015-01-01 00:14:54.080	-0.0557	0.0059	0.4917	-20.2637	-57.1289	-9.1553	7.8058	26.0980	56.1401	46.0100	411	156	-165	100805	0.43 
291.266	2015-01-01 00:14:54.120	-0.1021	0.0972	0.4927	-21.6675	-78.9185	-7.5073	6.6687	23.0658	55.5908	46.0100	409	158	-167	100805	0.43 
291.297	2015-01-01 00:14:54.160	-0.0879	0.0718	0.3589	-21.9727	-92.5293	-6.2866	5.6799	19.4073	55.0964	45.9600	406	160	-174	100805	0.43 
291.329	2015-01-01 00:14:54.200	-0.1406	0.0405	0.4116	-15.4419	-76.8433	-7.0190	4.7845	15.9906	54.6790	46.0600	400	160	-174	100805	0.43 
291.375	2015-01-01 00:14:54.240	-0.2183	0.1030	0.7183	-2.6245	-45.2881	-0.7324	4.3890	13.6066	54.4922	46.2000	395	160	-176	100804	0.43 
291.437	2015-01-01 00:14:54.280	-0.3481	0.2295	1.1582	-1.2207	-56.2744	-2.0142	4.4879	11.9202	54.4757	46.2000	391	162	-180	100804	0.43 
291.469	2015-01-01 00:14:54.320	-0.2026	0.1470	0.9673	-10.6812	-56.8848	-12.4512	4.2462	9.7119	54.0857	45.9600	387	166	-185	100804	0.43 
291.501	2015-01-01 00:14:54.360	-0.0864	0.0986	0.9531	-4.8828	-50.4761	-11.2305	3.9001	7.6025	53.6682	46.1500	382	165	-185	100804	0.43 
291.532	2015-01-01 00:14:54.400	0.0054	0.0645	0.9268	-10.0708	-44.3115	-15.4419	3.5760	5.6195	53.2562	46.0600	379	169	-183	100804	0.43 
291.594	2015-01-01 00:14:54.440	-0.0103	0.1152	1.0044	-6.8359	-33.2642	-18.3716	3.2245	4.1199	52.7124	46.0600	378	169	-182	100804	0.43 
291.641	2015-01-01 00:14:54.480	-0.0010	0.0908	1.0347	-5.3711	-35.0952	-15.0757	3.0377	2.7191	52.2675	46.0600	372	169	-180	100804	0.43 
291.673	2015-01-01 00:14:54.520	0.0435	0.0791	0.9482	-8.8501	-27.1606	-17.8833	2.7191	1.3348	51.8225	46.0600	370	170	-179	100803	0.43 
291.704	2015-01-01 00:14:54.560	0.0361	0.1245	0.9863	-3.4790	-12.5122	-8.9111	2.5928	0.6097	51.5533	45.9600	368	169	-183	100803	0.44 
291.735	2015-01-01 00:14:54.600	0.0737	0.0723	0.9463	-2.9297	-2.6855	-6.3477	2.5323	0.2252	51.5533	45.8700	367	172	-184	100803	0.44 
291.797	2015-01-01 00:14:54.640	0.0161	0.1367	1.0029	-2.6855	4.3945	-3.9063	2.5378	0.2692	51.6357	46.1500	368	172	-187	100803	0.44 
291.844	2015-01-01 00:14:54.680	0.0806	0.1050	1.0640	-4.3335	-4.6997	5.1270	2.4829	0.2032	51.9379	46.1500	368	173	-190	100803	0.44 
291.875	2015-01-01 00:14:54.720	0.0776	0.0659	0.9761	-0.6714	-3.7231	6.7139	2.4500	-0.0989	52.4652	46.1500	369	173	-191	100803	0.44 
291.907	2015-01-01 00:14:54.760	0.0850	0.0615	1.0161	0.6714	-3.0518	8.3618	2.5049	-0.3516	53.0695	46.1500	368	170	-193	100803	0.44 
291.938	2015-01-01 00:14:54.800	0.0967	0.0698	1.0337	2.1973	-2.3193	8.1787	2.6093	-0.5658	53.6407	46.0100	366	169	-193	100802	0.44 
291.984	2015-01-01 00:14:54.840	0.0864	0.0762	0.9790	3.2349	2.6245	7.2021	2.7631	-0.7196	54.2120	46.0600	364	168	-191	100802	0.44 
292.016	2015-01-01 00:14:54.880	0.0933	0.0918	1.0132	4.0894	6.2866	6.1035	2.9718	-0.6427	54.7229	46.1500	363	167	-191	100802	0.44 
292.078	2015-01-01 00:14:54.920	0.0640	0.0649	1.0327	2.5024	2.6855	2.8687	3.1366	-0.5219	55.1294	46.2000	361	168	-192	100802	0.44 
292.125	2015-01-01 00:14:54.960	0.0894	0.0859	0.9814	3.2959	4.4556	1.8311	3.2794	-0.5328	55.4480	46.3500	358	167	-193	100802	0.44 
292.157	2015-01-01 00:14:55.000	0.0786	0.1143	1.0205	2.1973	3.0518	2.7466	3.4607	-0.4504	55.7281	46.2000	360	167	-194	100802	0.44 
292.203	2015-01-01 00:14:55.040	0.0854	0.0972	1.0083	2.3804	4.2114	2.9297	3.6200	-0.4175	56.0413	46.3000	360	168	-191	100801	0.44 
292.250	2015-01-01 00:14:55.080	0.1152	0.0918	1.0112	2.3804	3.8452	2.8076	3.7683	-0.3955	56.3489	46.1500	359	170	-188	100801	0.44 
292.297	2015-01-01 00:14:55.120	0.0869	0.0874	1.0200	2.0752	5.4321	-1.0376	3.8727	-0.3076	56.5796	46.3500	357	168	-188	100801	0.44 
292.344	2015-01-01 00:14:55.160	0.1152	0.0996	1.0142	1.8311	4.4556	-0.0610	3.9990	-0.2911	56.7389	46.0600	355	167	-187	100801	0.44 
292.376	2015-01-01 00:14:55.200	0.0952	0.0986	0.9990	1.7090	3.6011	-1.0376	4.1089	-0.2582	56.8927	46.1500	355	167	-188	100801	0.44 
292.407	2015-01-01 00:14:55.240	0.0918	0.1069	1.0098	1.2207	4.8828	-1.3428	4.2297	-0.1978	57.0190	46.2000	355	164	-185	100801	0.44 
292.453	2015-01-01 00:14:55.280	0.0825	0.1074	1.0332	0.6104	2.3193	-1.5869	4.3066	-0.1373	57.1344	46.0100	355	164	-184	100801	0.44 
292.485	2015-01-01 00:14:55.320	0.1006	0.0913	0.9946	-0.1221	1.4038	-2.3804	4.3451	-0.2307	57.2168	46.1500	356	168	-187	100801	0.44 
292.548	2015-01-01 00:14:55.360	0.0923	0.1064	1.0078	0.1221	1.4648	-1.9531	4.3890	-0.2692	57.2827	46.2000	357	170	-190	100801	0.44 
292.579	2015-01-01 00:14:55.400	0.0908	0.1030	1.0195	-0.6104	-0.4272	-1.3428	4.4330	-0.3351	57.3541	46.3500	358	168	-189	100801	0.44 
292.610	2015-01-01 00:14:55.440	0.0991	0.0991	0.9829	-0.1221	2.4414	-2.1362	4.4550	-0.4395	57.4475	46.0100	356	168	-189	100801	0.44 
292.656	2015-01-01 00:14:55.480	0.0840	0.1016	1.0283	-0.0610	1.9531	-2.5635	4.4989	-0.4230	57.4915	46.0100	356	170	-186	100801	0.44 
292.703	2015-01-01 00:14:55.520	0.0859	0.1064	0.9907	-0.1221	2.1362	-2.6245	4.5264	-0.4559	57.5244	46.1500	358	168	-187	100801	0.44 
292.751	2015-01-01 00:14:55.560	0.0830	0.1045	1.0132	0.0000	0.7935	-2.8687	4.5648	-0.4779	57.5574	46.1500	359	167	-187	100800	0.44 
292.782	2015-01-01 00:14:55.600	0.1084	0.0972	1.0039	-0.3052	1.5259	-3.7231	4.5923	-0.5493	57.5739	46.2000	358	170	-189	100800	0.44 
292.860	2015-01-01 00:14:55.640	0.0996	0.0986	1.0142	0.3052	1.2817	-4.3945	4.6307	-0.5988	57.5629	46.2000	358	169	-187	100800	0.44 
292.891	2015-01-01 00:14:55.680	0.1191	0.1089	1.0039	-0.0610	0.0000	-3.6011	4.6747	-0.7031	57.5409	46.2000	358	169	-187	100800	0.44 
292.906	2015-01-01 00:14:55.720	0.1240	0.1143	0.9961	0.5493	4.3335	-3.2959	4.7406	-0.7526	57.5629	46.3000	359	170	-189	100800	0.44 
292.953	2015-01-01 00:14:55.760	0.1050	0.1191	1.0010	0.8545	5.4932	-1.2817	4.8230	-0.6702	57.6233	45.8700	359	171	-190	100800	0.44 
292.985	2015-01-01 00:14:55.800	0.1055	0.1133	0.9883	2.0142	7.5073	-0.8545	4.9329	-0.5493	57.7496	46.3900	359	169	-190	100800	0.44 
293.032	2015-01-01 00:14:55.840	0.0830	0.1118	1.0093	2.5024	11.5967	-1.2817	5.0647	-0.2637	57.8760	46.2000	359	170	-188	100800	0.44 
293.095	2015-01-01 00:14:55.880	0.0654	0.0923	1.0093	1.7090	9.3384	-6.1035	5.1581	0.0824	57.9034	46.0100	360	170	-186	100800	0.44 
293.126	2015-01-01 00:14:55.920	0.0913	0.1270	0.9800	3.3569	16.1133	-7.5684	5.2734	0.4944	57.7771	46.2000	358	169	-182	100800	0.44 
293.157	2015-01-01 00:14:55.960	0.0234	0.1172	0.9937	3.1128	19.2871	-6.9580	5.4547	1.1481	57.6892	46.2000	359	169	-182	100800	0.44 
293.188	2015-01-01 00:14:56.000	0.0303	0.1528	0.9736	5.1880	25.7568	-5.3711	5.6525	2.0380	57.6013	46.3500	359	169	-184	100800	0.44 
293.266	2015-01-01 00:14:56.040	-0.0234	0.1572	0.9829	6.7139	35.3394	-2.2583	5.9875	3.2300	57.6837	46.1500	359	170	-186	100800	0.44 
293.313	2015-01-01 00:14:56.080	-0.0264	0.1284	0.9600	6.7749	36.6211	-1.0376	6.3336	4.5978	57.8925	46.1500	363	165	-186	100800	0.44 
293.313	2015-01-01 00:14:56.120	-0.0508	0.1250	0.9497	8.0566	48.3398	-2.3804	6.6742	6.2787	58.1122	46.2000	368	160	-189	100800	0.44 
293.391	2015-01-01 00:14:56.160	-0.0981	0.1372	0.9521	4.7607	56.0303	-4.6997	6.9818	8.2837	58.3429	46.2000	372	161	-188	100800	0.44 
293.480	2015-01-01 00:14:56.200	-0.1426	0.1465	0.9297	0.2441	56.1523	-1.7090	7.1191	10.5139	58.5516	46.3000	375	162	-187	100800	0.44 
293.507	2015-01-01 00:14:56.240	-0.1514	0.0962	0.8535	-6.3477	59.2651	-11.5356	7.0093	12.7551	58.6505	46.1500	378	163	-185	100800	0.44 
293.538	2015-01-01 00:14:56.280	-0.1733	0.0186	0.7930	-5.8594	62.7441	-21.3013	6.5424	15.2380	58.3594	46.1500	382	162	-185	100800	0.44 
293.569	2015-01-01 00:14:56.320	-0.1313	0.0737	0.6729	0.1831	50.2319	-24.2310	6.1084	17.4957	57.7222	46.0100	386	163	-187	100800	0.44 
293.585	2015-01-01 00:14:56.360	-0.0781	0.1675	0.4727	5.4932	47.2412	-11.4746	6.2952	19.1986	57.2882	46.3000	395	164	-185	100800	0.44 
293.616	2015-01-01 00:14:56.400	-0.2397	0.2705	0.7925	11.9019	56.7627	16.9067	7.2565	21.1322	57.8595	46.0600	400	164	-183	100800	0.44 
293.678	2015-01-01 00:14:56.440	-0.2271	-0.0278	0.5151	7.5684	34.6680	11.9019	8.0035	22.5494	58.9636	46.3000	404	163	-182	100800	0.44 
293.710	2015-01-01 00:14:56.480	-0.2627	0.1533	0.5986	13.4888	73.2422	-4.0283	8.4265	24.8346	59.3756	46.2000	406	160	-180	100800	0.44 
293.725	2015-01-01 00:14:56.520	-0.4473	0.2373	0.7764	10.0708	51.8188	17.8223	9.4208	27.3010	59.9799	46.3900	408	158	-177	100800	0.44 
293.772	2015-01-01 00:14:56.560	-0.3486	0.0903	0.8447	17.2119	75.3784	23.6816	10.7831	29.4104	61.5179	46.2000	411	154	-170	100800	0.44 
293.835	2015-01-01 00:14:56.600	-0.3887	0.1855	0.7988	6.0425	33.0811	9.5825	11.9696	31.3660	62.9077	46.3000	411	152	-169	100800	0.44 
293.882	2015-01-01 00:14:56.640	-0.3594	0.1563	0.7725	13.4888	54.9927	13.4277	12.7167	32.7063	63.5120	46.3500	414	151	-165	100800	0.44 
293.913	2015-01-01 00:14:56.680	-0.5249	0.2334	0.9746	2.2583	48.2788	-14.0381	13.2660	34.8376	64.0833	46.3000	412	150	-159	100800	0.44 
293.944	2015-01-01 00:14:56.720	-0.4390	0.2954	0.8691	16.5405	25.9399	9.5825	14.0460	35.8594	64.2535	46.2000	413	148	-158	100801	0.44 
293.991	2015-01-01 00:14:56.760	-0.6299	0.2500	1.2104	-11.2915	28.9307	-18.1274	14.1229	37.1503	64.3524	46.1500	416	142	-157	100801	0.44 
294.022	2015-01-01 00:14:56.800	-0.2852	0.2300	0.7627	2.0752	-15.5640	17.2729	14.0131	36.4856	64.2865	46.0600	418	138	-157	100802	0.44 
294.085	2015-01-01 00:14:56.840	-0.7144	0.2295	1.3350	-20.6909	-14.6484	-15.5640	13.7274	35.9802	64.3689	46.0100	419	136	-156	100803	0.44 
294.117	2015-01-01 00:14:56.880	-0.5430	0.2788	1.0386	-21.3623	-51.6357	9.3384	12.3376	34.0741	63.4845	46.2000	417	134	-154	100803	0.44 
294.148	2015-01-01 00:14:56.920	-0.7861	0.2979	1.3135	-23.3765	-59.0820	0.1221	11.5851	31.9647	63.4515	46.3000	414	132	-156	100803	0.44 
294.210	2015-01-01 00:14:56.960	-0.8608	0.3833	1.5132	-8.2397	-38.3911	-3.2349	10.5029	29.9103	62.6495	45.9600	409	130	-156	100803	0.43 
294.241	2015-01-01 00:14:57.000	-1.0127	0.3398	1.4092	-1.3428	-3.5400	-6.2256	10.3217	29.3829	62.2540	46.2000	404	130	-160	100804	0.43 
294.288	2015-01-01 00:14:57.040	-0.6792	0.2441	1.2930	-0.3052	21.3623	-26.3672	9.9646	30.1080	61.5125	46.3000	404	130	-159	100804	0.43 
294.335	2015-01-01 00:14:57.080	-0.3940	0.1494	0.8979	-0.6104	37.5977	-34.4238	9.3823	31.2726	60.4028	46.1500	400	129	-158	100804	0.43 
294.382	2015-01-01 00:14:57.120	-0.3462	0.1387	0.7168	-0.1831	40.4663	-41.4429	8.4869	32.9700	58.9581	46.3000	408	128	-157	100804	0.43 
294.413	2015-01-01 00:14:57.160	-0.3145	0.0679	0.6875	10.3149	27.4658	-38.2080	7.9486	34.3378	57.5299	46.2000	412	130	-155	100804	0.43 
294.460	2015-01-01 00:14:57.200	-0.3354	0.1597	0.6338	11.9629	17.3950	-28.3203	7.4927	35.0629	56.1621	46.1500	418	130	-155	100804	0.43 
294.538	2015-01-01 00:14:57.240	-0.5371	0.1060	0.7734	9.8267	14.6484	-10.4370	7.8113	35.7715	55.7172	46.1500	432	134	-152	100805	0.43 
294.538	2015-01-01 00:14:57.280	-0.5200	0.1748	0.8560	9.0942	-2.5635	-0.8545	7.9651	35.8759	55.5524	46.0600	439	136	-151	100805	0.43 
294.601	2015-01-01 00:14:57.320	-0.5542	0.1235	0.8940	-2.9297	-28.7476	-5.9814	7.9816	35.0629	55.5029	46.1500	438	131	-152	100805	0.43 
294.632	2015-01-01 00:14:57.360	-0.5337	0.1528	0.9072	-6.8970	-21.8506	0.7935	7.6190	33.9752	55.3711	46.2000	438	130	-148	100805	0.43 
294.664	2015-01-01 00:14:57.400	-0.5762	0.1250	0.9194	-2.8076	-13.9160	5.0659	7.4652	33.1897	55.6897	46.1500	438	131	-149	100805	0.43 
294.741	2015-01-01 00:14:57.440	-0.5332	0.1528	0.9341	1.0986	-6.7139	7.7515	7.6520	32.7338	56.1346	46.2000	438	130	-152	100805	0.43 
294.757	2015-01-01 00:14:57.480	-0.5327	0.1294	0.8994	0.0610	-2.8687	6.5918	7.8607	32.4316	56.6345	46.2000	438	130	-151	100806	0.43 
294.788	2015-01-01 00:14:57.520	-0.4771	0.1489	0.8042	3.2349	11.4746	3.7842	8.1079	32.4481	57.1344	46.0600	434	129	-150	100806	0.43 
294.835	2015-01-01 00:14:57.560	-0.4336	0.1753	0.7778	6.7139	46.3867	-15.5029	8.3606	33.8654	56.9641	46.3500	431	129	-151	100805	0.43 
294.866	2015-01-01 00:14:57.600	-0.4844	0.1357	0.9297	1.7090	32.7148	1.8311	8.5364	35.4144	57.2278	46.3500	433	128	-148	100806	0.43 
294.945	2015-01-01 00:14:57.640	-0.5459	0.1699	0.8574	-2.5024	4.8218	6.7139	8.7451	35.9198	57.7277	46.3500	433	127	-145	100805	0.43 
294.976	2015-01-01 00:14:57.680	-0.5190	0.1567	0.8364	-2.5024	2.4414	5.3711	8.9374	35.9253	58.2275	46.2000	434	126	-147	100806	0.43 
295.007	2015-01-01 00:14:57.720	-0.5337	0.1621	0.8379	-3.2349	5.1270	0.3662	8.9264	35.9583	58.5132	46.2000	434	126	-148	100806	0.43 
295.038	2015-01-01 00:14:57.760	-0.5332	0.1650	0.8457	-2.3193	0.2441	1.9531	8.9209	35.9198	58.7000	46.2000	431	127	-150	100806	0.43 
295.116	2015-01-01 00:14:57.800	-0.5464	0.1812	0.8545	-0.9766	2.0142	-0.3052	8.9429	35.8923	58.8483	46.1500	432	126	-147	100805	0.43 
295.147	2015-01-01 00:14:57.840	-0.5449	0.1807	0.8394	-0.2441	-1.1597	0.1221	8.9868	35.7990	58.9252	46.3500	433	126	-146	100805	0.43 
295.179	2015-01-01 00:14:57.880	-0.5376	0.1875	0.8496	0.7935	-0.3052	-1.1597	9.0527	35.6781	58.9911	46.2000	431	128	-146	100805	0.43 
295.226	2015-01-01 00:14:57.920	-0.5493	0.1982	0.8608	0.0000	0.3662	0.7324	9.1736	35.6177	59.1010	46.3500	429	124	-146	100806	0.43 
295.272	2015-01-01 00:14:57.960	-0.5181	0.1704	0.8560	-0.6714	-3.6011	0.6104	9.2505	35.4254	59.2383	46.2000	428	121	-147	100805	0.43 
295.319	2015-01-01 00:14:58.000	-0.5137	0.1743	0.8423	-0.7324	-2.6245	-1.5869	9.2285	35.2002	59.2767	46.3000	427	123	-149	100805	0.43 
295.351	2015-01-01 00:14:58.040	-0.5283	0.1782	0.8584	-0.2441	-4.4556	0.2441	9.2615	34.9805	59.3317	46.1500	427	124	-150	100805	0.43 
295.414	2015-01-01 00:14:58.080	-0.5044	0.1675	0.8452	1.7090	-5.0659	-0.6714	9.3219	34.6783	59.3866	46.2000	427	127	-150	100805	0.43 
295.445	2015-01-01 00:14:58.120	-0.5283	0.1826	0.8813	4.6387	-8.9722	3.5400	9.4867	34.3103	59.4635	46.2000	427	128	-150	100805	0.43 
295.476	2015-01-01 00:14:58.160	-0.5146	0.2026	0.8564	2.3193	-18.9819	7.1411	9.8328	33.5962	59.7601	46.3500	426	128	-149	100805	0.43 
295.554	2015-01-01 00:14:58.200	-0.4678	0.1914	0.8345	-0.4272	-12.9395	3.4180	10.0140	32.8052	59.9414	46.2000	425	127	-153	100805	0.43 
295.554	2015-01-01 00:14:58.240	-0.4829	0.1899	0.8726	-1.2817	-7.5073	0.0610	9.9921	32.3383	60.0018	46.3900	422	127	-152	100806	0.43 
295.601	2015-01-01 00:14:58.280	-0.4697	0.2012	0.8701	-1.1597	-7.7515	0.4272	10.0031	31.9318	60.0458	46.3000	421	127	-152	100805	0.43 
295.647	2015-01-01 00:14:58.320	-0.4980	0.1987	0.8882	1.4648	-8.4839	0.9766	10.0745	31.5857	60.1117	46.3000	421	129	-156	100806	0.43 
295.679	2015-01-01 00:14:58.360	-0.4756	0.2046	0.9448	-0.4272	-15.1367	-0.9155	10.0854	31.0638	60.0677	46.3000	417	129	-154	100806	0.43 
295.757	2015-01-01 00:14:58.400	-0.5186	0.2930	0.9395	-1.0376	-14.8926	3.1738	10.1678	30.3113	60.0732	45.8200	412	126	-154	100805	0.43 
295.772	2015-01-01 00:14:58.440	-0.5605	0.2588	1.0425	3.2959	-5.4321	5.9814	10.4150	29.8224	60.3040	46.2000	412	128	-154	100805	0.43 
295.819	2015-01-01 00:14:58.480	-0.6240	0.2915	1.1523	16.1743	12.2070	3.8452	11.0742	29.8938	60.6610	46.0600	410	128	-153	100805	0.43 
295.866	2015-01-01 00:14:58.520	-0.7441	0.3662	1.2236	16.6016	29.4189	-6.1035	11.9806	30.8716	60.8258	46.2000	410	127	-152	100805	0.43 
295.897	2015-01-01 00:14:58.560	-0.6680	0.3208	1.1563	11.9019	43.2129	-12.3901	12.4915	32.2943	60.6995	46.3900	410	127	-148	100805	0.43 
295.960	2015-01-01 00:14:58.600	-0.6084	0.2832	1.0845	8.9722	46.9971	-12.0239	12.9749	34.1016	60.7104	46.2000	412	129	-143	100806	0.43 
295.991	2015-01-01 00:14:58.640	-0.5420	0.2661	0.8115	-10.1318	59.8755	-17.6392	12.8210	36.0736	60.5347	46.0600	416	129	-144	100805	0.43 
296.069	2015-01-01 00:14:58.680	-0.6650	0.3179	0.9170	-11.0474	86.4258	-5.9204	12.7441	39.2706	60.8313	46.1500	418	134	-141	100805	0.43 
296.069	2015-01-01 00:14:58.720	-0.7568	0.1504	0.9746	-3.4790	74.2188	8.8501	13.1726	42.1545	61.9629	45.8700	423	135	-142	100805	0.43 
296.132	2015-01-01 00:14:58.760	-0.8154	0.3345	1.1035	-2.2583	36.0718	3.5400	13.7823	44.1541	62.9517	46.2000	428	134	-146	100805	0.43 
296.163	2015-01-01 00:14:58.800	-0.6953	0.1694	0.9873	1.6479	19.1650	4.1504	14.1998	44.7803	63.4406	46.3900	431	134	-148	100806	0.43 
296.194	2015-01-01 00:14:58.840	-0.6592	0.2744	0.9775	-1.4038	5.2490	0.7324	14.2383	45.0055	63.5559	46.3000	433	138	-148	100805	0.43 
296.241	2015-01-01 00:14:58.880	-0.5391	0.2217	0.8706	-9.0942	-16.9067	4.2114	14.2493	44.3683	63.6438	46.2000	434	143	-147	100805	0.43 
296.288	2015-01-01 00:14:58.920	-0.3325	0.1396	0.7061	-16.5405	-17.3950	0.0610	13.3978	43.2037	63.3472	46.3000	434	146	-148	100805	0.43 
296.335	2015-01-01 00:14:58.960	-0.4097	0.1763	0.8418	-11.5356	-38.2080	10.4370	12.8760	41.7590	63.3197	46.2000	433	147	-156	100805	0.43 
296.444	2015-01-01 00:14:59.000	-0.3042	0.1064	0.7246	-17.7612	-74.2798	1.8311	11.9641	38.8916	62.9407	46.2000	429	148	-156	100805	0.43 
296.444	2015-01-01 00:14:59.040	-0.3188	0.1909	0.8911	-15.5640	-106.0791	15.1367	11.0358	34.9969	62.5287	46.2000	428	153	-158	100804	0.43 
296.460	2015-01-01 00:14:59.080	-0.1152	-0.0259	0.4307	-30.5176	-146.1182	-10.5591	9.4427	29.1962	61.5894	46.4900	428	155	-158	100804	0.43 
296.507	2015-01-01 00:14:59.120	0.0088	-0.1104	0.2056	-26.6113	-102.1729	-27.5879	6.8225	23.8184	60.0623	46.3500	415	156	-168	100804	0.43 
296.538	2015-01-01 00:14:59.160	-0.1621	0.0005	0.2598	-24.9023	-68.4204	-29.7241	4.6307	20.3687	58.7384	46.3000	407	154	-173	100804	0.43 
296.585	2015-01-01 00:14:59.200	-0.3833	0.2417	0.5352	2.9907	-19.1040	-2.4414	4.3121	19.2920	57.6837	46.2000	403	156	-178	100804	0.43 
296.616	2015-01-01 00:14:59.240	-0.5176	0.2510	1.2598	11.3525	-51.3916	1.7700	5.1361	18.2153	57.8540	46.0600	398	161	-180	100803	0.43 
296.663	2015-01-01 00:14:59.280	-0.5215	0.1519	1.0752	-13.7329	-45.5933	-31.0669	4.6582	16.3147	56.7883	46.2000	393	163	-180	100803	0.44 
296.710	2015-01-01 00:14:59.320	-0.2451	0.0615	1.0415	-13.5498	-68.9697	-26.5503	3.8452	14.3701	55.5579	46.1500	391	165	-182	100803	0.44 
296.773	2015-01-01 00:14:59.360	0.0454	0.0273	0.7114	-17.0898	-52.5513	-33.9355	2.8729	11.5192	54.4263	46.1500	388	167	-180	100803	0.44 
296.804	2015-01-01 00:14:59.400	-0.1309	0.1499	0.9019	-6.8359	-14.0381	-29.6021	2.2412	10.3381	53.2507	46.0600	387	168	-178	100802	0.44 
296.836	2015-01-01 00:14:59.440	-0.2861	0.1465	1.0923	-7.7515	-29.7241	-21.8506	1.9556	9.5801	52.3993	46.1500	387	167	-182	100802	0.44 
296.867	2015-01-01 00:14:59.480	-0.1846	0.1895	1.0049	-5.3101	-31.1279	-6.1035	1.7688	8.4705	52.0313	46.2000	386	167	-185	100802	0.44 
296.944	2015-01-01 00:14:59.520	-0.0786	0.0923	0.9844	-4.1504	-26.0010	-0.6104	1.7413	7.3169	52.1960	46.2000	385	166	-187	100802	0.44 
296.976	2015-01-01 00:14:59.560	-0.0317	0.0825	0.9131	-6.4087	-12.9395	-6.1035	1.5601	6.4215	52.2949	46.3500	385	168	-190	100802	0.44 
296.991	2015-01-01 00:14:59.600	-0.0498	0.1387	1.0342	-1.8921	-4.5166	3.5400	1.5491	6.0919	52.4927	46.1500	384	169	-191	100802	0.44 
297.038	2015-01-01 00:14:59.640	-0.0439	0.0542	1.0010	-1.2207	-8.7280	6.1035	1.6040	5.7074	53.0255	46.3900	385	168	-188	100802	0.44 
297.085	2015-01-01 00:14:59.680	-0.0010	0.0869	0.9580	-0.7935	-0.9155	4.3335	1.6479	5.3998	53.4595	46.2000	383	169	-188	100802	0.44 
297.148	2015-01-01 00:14:59.720	-0.0459	0.1563	1.0161	-1.8921	13.8550	14.4043	1.8127	5.5811	54.1022	46.3900	379	168	-189	100801	0.44 
297.179	2015-01-01 00:14:59.760	-0.0952	0.0811	1.0229	-3.9063	4.1504	19.9585	1.8457	5.9271	55.0250	46.2000	380	167	-189	100801	0.44 
297.211	2015-01-01 00:14:59.800	-0.0386	0.0522	1.0342	-2.2583	0.2441	16.8457	1.8457	5.9271	55.9753	46.1500	383	167	-193	100801	0.44 
297.242	2015-01-01 00:14:59.840	0.0166	0.0283	1.0215	-0.8545	-3.0518	12.5732	1.8512	5.6525	56.7993	46.3000	380	168	-192	100801	0.44 
297.288	2015-01-01 00:14:59.880	0.0254	0.0479	1.0522	-1.2817	-4.2725	5.8594	1.8512	5.3943	57.3431	46.2000	373	169	-192	100801	0.44 
297.320	2015-01-01 00:14:59.920	0.0420	0.0386	0.9980	-0.4883	-4.7607	0.4883	1.8347	4.9823	57.6233	46.2000	369	169	-192	100801	0.44 
297.382	2015-01-01 00:14:59.960	0.0142	0.0825	1.0098	1.7700	-4.6387	0.7935	1.9116	4.6417	57.7826	46.1500	368	172	-191	100801	0.44 
297.413	2015-01-01 00:15:0.000	-0.0005	0.0894	1.0176	0.3052	-6.5308	-0.9155	2.0544	4.3506	57.9089	46.1500	361	169	-199	100801	0.44 
297.445	2015-01-01 00:15:0.040	0.0029	0.0664	0.9990	-0.1831	-4.1504	-3.2349	2.0929	4.0265	57.9254	46.2000	360	170	-197	100801	0.44 
297.508	2015-01-01 00:15:0.080	0.0249	0.0688	1.0059	0.1221	-1.4648	-1.4648	2.1204	3.8013	57.9529	46.3500	362	170	-193	100800	0.44 
297.554	2015-01-01 00:15:0.120	0.0249	0.0635	1.0171	0.0610	1.0376	-2.8687	2.1753	3.7134	58.0133	46.1500	361	171	-192	100800	0.44 
297.601	2015-01-01 00:15:0.160	0.0410	0.0742	1.0034	-0.0610	2.6855	-4.6997	2.2083	3.6420	57.9858	46.2000	363	171	-191	100800	0.44 
297.633	2015-01-01 00:15:0.200	0.0244	0.0674	1.0073	0.1221	3.0518	-3.6621	2.2577	3.6639	57.9584	46.3500	365	169	-191	100800	0.44 
297.664	2015-01-01 00:15:0.240	0.0210	0.0688	1.0273	0.7935	5.6152	-4.3335	2.3071	3.7354	57.9639	46.2000	365	170	-191	100800	0.44 
297.695	2015-01-01 00:15:0.280	-0.0112	0.0864	1.0190	0.1221	2.3193	-4.0283	2.3730	3.8123	57.9309	46.4900	366	172	-189	100800	0.44 
297.726	2015-01-01 00:15:0.320	0.0479	0.0923	1.0166	-0.9766	3.2349	-2.2583	2.4060	3.8123	57.9199	46.3500	366	173	-187	100800	0.44 
297.789	2015-01-01 00:15:0.360	0.0454	0.0742	0.9941	0.6714	4.9438	1.7090	2.4609	3.7903	58.0737	46.3500	367	173	-191	100800	0.44 
297.820	2015-01-01 00:15:0.400	0.0244	0.0732	1.0176	0.6714	8.1787	0.7324	2.5488	3.9331	58.2605	46.0600	364	178	-188	100800	0.44 
297.883	2015-01-01 00:15:0.440	-0.0024	0.0684	1.0244	-0.6104	4.2114	-1.8311	2.5873	4.0814	58.3539	46.1500	364	177	-189	100800	0.44 
297.914	2015-01-01 00:15:0.480	0.0176	0.0698	1.0210	-0.6104	3.3569	-3.5400	2.5818	4.1089	58.3374	46.1500	363	173	-190	100800	0.44 
297.960	2015-01-01 00:15:0.520	0.0205	0.0698	1.0034	0.2441	3.6011	-2.5635	2.6038	4.1199	58.3594	46.2000	362	171	-188	100801	0.44 
297.992	2015-01-01 00:15:0.560	0.0156	0.0840	1.0176	-0.4883	5.9204	-4.0283	2.6202	4.2133	58.3319	46.3500	363	170	-188	100800	0.44 
298.038	2015-01-01 00:15:0.600	0.0137	0.0820	1.0063	-0.5493	7.0190	-0.9155	2.6697	4.3341	58.3704	46.2000	363	169	-189	100801	0.44 
298.070	2015-01-01 00:15:0.640	0.0137	0.0811	0.9932	1.0986	9.1553	0.0000	2.7356	4.5374	58.5077	46.3500	363	171	-189	100800	0.44 
298.101	2015-01-01 00:15:0.680	-0.0225	0.0532	1.0146	2.7466	15.0757	-3.6621	2.8455	4.9658	58.5681	46.2000	363	169	-192	100801	0.44 
298.163	2015-01-01 00:15:0.720	-0.0249	0.0781	1.0234	2.7466	11.5356	-7.2632	2.9883	5.4382	58.4912	46.3500	363	168	-193	100800	0.44 
298.226	2015-01-01 00:15:0.760	-0.0210	0.0854	0.9917	3.3569	12.8784	-9.8877	3.1091	5.8063	58.2770	46.3000	365	170	-192	100801	0.44 
298.258	2015-01-01 00:15:0.800	0.0068	0.1143	1.0195	4.0894	15.8081	-7.6904	3.2794	6.3171	58.0353	46.2000	364	174	-194	100801	0.44 
298.289	2015-01-01 00:15:0.840	0.0186	0.1597	0.8940	0.0610	26.9165	-1.9531	3.4827	6.9104	57.9639	46.2000	366	170	-194	100801	0.44 
298.320	2015-01-01 00:15:0.880	-0.1089	0.1377	0.9331	4.7607	34.7290	14.5264	3.7848	8.2123	58.4418	46.0100	369	172	-192	100801	0.44 
298.398	2015-01-01 00:15:0.920	-0.1855	0.0229	1.0107	-3.8452	36.0107	1.0986	3.8507	9.6460	58.9307	46.2000	370	171	-191	100801	0.44 
298.413	2015-01-01 00:15:0.960	-0.1782	0.1211	0.8623	-4.9438	38.9404	-5.9204	3.6749	11.0852	58.9526	46.3000	373	171	-187	100801	0.44 
298.461	2015-01-01 00:15:1.000	-0.2192	0.0767	0.8174	-1.0376	55.4199	-9.3384	3.5760	13.0408	58.7604	46.3500	375	172	-186	100801	0.44 
298.492	2015-01-01 00:15:1.040	-0.2651	0.0947	0.7227	10.6812	63.9648	-8.6670	3.7793	15.5621	58.5516	46.1500	379	168	-190	100801	0.44 
298.523	2015-01-01 00:15:1.080	-0.1367	0.2144	0.6665	13.0615	62.9272	3.1738	4.5978	18.1219	58.6395	46.2000	379	165	-192	100801	0.44 
298.617	2015-01-01 00:15:1.120	-0.2305	0.1318	0.6230	5.3711	75.8667	5.6763	5.3174	20.5994	59.1174	46.3500	382	164	-192	100801	0.44 
298.617	2015-01-01 00:15:1.160	-0.3652	-0.1055	0.6714	6.7139	87.5244	-16.2354	5.3998	24.0875	59.1504	46.1500	389	167	-188	100801	0.44 
298.648	2015-01-01 00:15:1.200	-0.3447	0.0176	0.9658	24.2920	85.5103	-17.1509	5.6415	27.6416	58.7769	46.3000	390	168	-187	100800	0.44 
298.711	2015-01-01 00:15:1.240	-0.3892	0.1523	0.6133	4.6997	26.0620	-10.7422	6.0974	29.5203	58.3704	46.3500	404	164	-183	100801	0.44 
298.742	2015-01-01 00:15:1.280	-0.4224	0.1743	0.4351	19.9585	90.0879	-3.8452	6.8994	32.0251	58.0463	46.3900	413	162	-180	100801	0.44 
298.820	2015-01-01 00:15:1.320	-0.5903	0.1270	1.2026	8.7280	63.1714	0.5493	7.9980	35.4309	58.5132	46.3900	424	159	-174	100801	0.44 
298.820	2015-01-01 00:15:1.360	-0.4258	0.0293	0.6802	7.5073	32.6538	-4.8828	8.2507	36.4911	58.8208	46.1500	426	157	-173	100801	0.44 
298.883	2015-01-01 00:15:1.400	-0.3804	0.3057	0.7188	5.1270	26.0620	5.8594	8.8660	37.5952	59.0076	46.4900	427	156	-172	100801	0.44 
298.914	2015-01-01 00:15:1.440	-0.5771	0.0649	0.9561	11.0474	55.1147	6.5308	9.7064	38.9740	59.7876	46.3500	428	154	-168	100801	0.44 
298.945	2015-01-01 00:15:1.480	-0.6245	0.3770	0.9424	-8.9722	-3.9673	8.3618	10.1898	39.7211	60.2655	46.3500	428	155	-168	100801	0.44 
299.023	2015-01-01 00:15:1.520	-0.3774	0.1450	0.7412	5.7373	46.6309	27.3438	10.9314	39.9683	61.2982	46.1500	430	152	-163	100802	0.44 
299.023	2015-01-01 00:15:1.560	-0.7803	0.2900	1.1211	-10.9863	13.9160	7.3853	11.8762	40.8362	62.6605	46.3000	432	147	-159	100802	0.44 
299.070	2015-01-01 00:15:1.600	-0.6475	0.1294	0.9111	-4.2725	10.3760	4.8828	11.5796	41.0010	62.7704	46.2000	432	144	-157	100802	0.44 
299.132	2015-01-01 00:15:1.640	-0.7515	0.1748	0.9482	1.1597	15.1367	-7.5684	11.5906	41.4679	62.8693	46.3900	431	140	-159	100802	0.44 
299.164	2015-01-01 00:15:1.680	-0.7720	0.2188	0.8325	9.7656	25.6958	-27.8931	11.3379	42.2644	61.8805	46.3000	431	139	-156	100803	0.44 
299.242	2015-01-01 00:15:1.720	-0.8208	0.1914	0.9912	9.2163	4.2114	-30.6396	10.7446	43.0115	60.3534	46.0600	433	136	-155	100803	0.44 
299.257	2015-01-01 00:15:1.760	-0.7607	0.3027	0.9541	8.3618	-0.7935	-11.9629	10.3986	43.2312	59.1614	46.3000	439	133	-154	100803	0.43 
299.288	2015-01-01 00:15:1.800	-0.7803	0.2729	0.8833	8.2397	-28.2593	12.9395	11.1621	42.2534	59.1669	46.3000	441	131	-153	100804	0.43 
299.335	2015-01-01 00:15:1.840	-0.7334	0.3008	1.1211	4.5166	-19.8364	-1.5259	11.1841	41.4569	58.9252	46.2000	439	132	-154	100804	0.43 
299.382	2015-01-01 00:15:1.880	-0.6626	0.2520	0.8726	-3.9063	-33.8135	1.5869	11.2335	39.9738	58.8098	46.3500	438	133	-156	100804	0.43 
299.445	2015-01-01 00:15:1.920	-0.7798	0.2114	1.1094	-6.7749	-5.0659	-4.8828	10.8051	39.2706	58.5352	46.1500	439	133	-155	100805	0.43 
299.477	2015-01-01 00:15:1.960	-0.5664	0.1138	0.8843	-6.1646	-3.8452	-18.7988	10.0745	38.9795	57.9694	46.3900	437	137	-153	100805	0.43 
299.508	2015-01-01 00:15:2.000	-0.6426	0.2158	0.8809	-8.1177	2.6245	-4.2114	9.4812	38.9575	57.4530	46.1500	435	134	-156	100805	0.43 
299.554	2015-01-01 00:15:2.040	-0.5283	0.0537	0.8589	0.2441	10.8643	-4.8218	9.2889	39.0619	57.5409	46.3900	436	134	-156	100805	0.43 
299.585	2015-01-01 00:15:2.080	-0.5962	0.2764	0.8384	0.4883	10.4370	-6.8359	9.1077	39.4299	57.1783	46.3500	435	130	-158	100806	0.43 
299.648	2015-01-01 00:15:2.120	-0.5513	0.0483	0.8276	-0.7324	2.8076	-3.6011	9.1351	39.5618	57.3431	46.3500	437	128	-153	100806	0.43 
299.680	2015-01-01 00:15:2.160	-0.5737	0.2773	0.8271	-1.5869	12.7563	-0.7935	8.9703	39.7540	57.1179	46.2000	437	127	-150	100806	0.43 
299.711	2015-01-01 00:15:2.200	-0.5498	0.0142	0.7754	-3.1128	0.8545	-1.7090	8.9813	39.8969	57.5409	46.3500	435	127	-150	100806	0.43 
299.757	2015-01-01 00:15:2.240	-0.5537	0.2305	0.7603	-5.6763	3.6621	5.2490	8.8165	39.8584	57.5079	46.2000	435	128	-149	100806	0.43 
299.820	2015-01-01 00:15:2.280	-0.5859	0.0615	0.7734	-5.7983	0.3662	-0.1221	8.7396	39.8364	57.9364	46.2000	435	130	-147	100807	0.43 
299.851	2015-01-01 00:15:2.320	-0.6104	0.1880	0.8047	-6.5918	4.8828	10.9253	8.6407	39.8090	58.1561	46.2000	435	127	-151	100807	0.43 
299.882	2015-01-01 00:15:2.360	-0.5811	0.1069	0.7729	-2.2583	3.5400	1.8311	8.7396	39.8199	58.6945	46.2000	433	126	-154	100807	0.43 
299.929	2015-01-01 00:15:2.400	-0.6143	0.1978	0.8140	-3.6621	7.0190	5.4321	8.8385	39.9408	58.9142	46.0100	433	127	-152	100807	0.43 
299.992	2015-01-01 00:15:2.440	-0.6230	0.1548	0.8130	0.0610	8.4229	3.3569	9.0198	40.1825	59.2383	46.3500	431	128	-153	100807	0.43 
300.055	2015-01-01 00:15:2.480	-0.5859	0.2319	0.7759	-4.5166	6.8970	10.0708	9.3384	40.2869	59.6832	46.3000	430	129	-154	100807	0.43 
300.086	2015-01-01 00:15:2.520	-0.6245	0.1538	0.8892	1.4648	10.8643	10.9253	9.7559	40.5066	60.3314	46.2000	430	128	-157	100807	0.43 
300.352	2015-01-01 00:15:2.560	-0.6074	0.2090	0.8320	2.8076	-4.0283	7.6294	10.2448	40.3198	60.8478	46.3500	432	128	-155	100807	0.43 
300.429	2015-01-01 00:15:2.600	-0.5996	0.2480	0.8306	1.4038	-10.4370	-1.3428	10.4590	39.8914	60.8203	46.0600	429	129	-155	100807	0.43 
300.429	2015-01-01 00:15:2.640	-0.5635	0.2090	0.7842	5.9204	1.7700	3.9673	10.7996	39.5618	60.8698	46.3000	427	126	-158	100807	0.43 
300.461	2015-01-01 00:15:2.680	-0.5762	0.2246	0.7979	7.6294	2.1362	0.0000	11.2665	39.5563	60.9796	46.2000	427	125	-160	100807	0.43 
300.492	2015-01-01 00:15:2.720	-0.5752	0.2153	0.8022	4.5166	2.1362	1.8311	11.6565	39.5288	61.0291	46.3500	426	126	-158	100807	0.43 
300.523	2015-01-01 00:15:2.840	-0.6011	0.2700	0.7402	4.3945	12.6953	-24.7192	11.7114	39.1663	59.9084	46.3500	419	125	-156	100807	0.43 
300.555	2015-01-01 00:15:2.880	-0.5332	0.0981	0.7944	8.9111	20.0806	-6.1035	11.6620	39.8584	59.4965	46.0600	422	125	-155	100807	0.43 
300.585	2015-01-01 00:15:2.920	-0.5601	0.2266	0.8096	10.8032	8.9111	-2.4414	11.9147	40.5066	59.3042	46.3000	426	124	-154	100807	0.43 
300.632	2015-01-01 00:15:2.960	-0.6274	0.1880	0.8174	11.1084	10.4370	-15.1978	12.1729	40.8746	59.0460	46.3500	426	125	-152	100807	0.43 
300.664	2015-01-01 00:15:3.000	-0.6611	0.2778	0.7627	-3.3569	10.2539	3.4790	12.4036	41.2482	58.8538	46.1500	426	125	-151	100807	0.43 
300.679	2015-01-01 00:15:3.040	-0.5952	0.2007	0.7559	-6.4087	9.2163	5.4321	12.4310	41.4899	59.2108	46.3500	428	123	-150	100807	0.43 
300.727	2015-01-01 00:15:3.080	-0.5957	0.1699	0.7959	-3.6011	7.0801	9.8877	12.7606	41.6821	59.9030	46.3500	430	122	-152	100807	0.43 
300.773	2015-01-01 00:15:3.120	-0.5913	0.2549	0.8174	-3.9063	-9.0332	1.1597	12.7386	41.4349	60.0348	46.2000	428	125	-150	100807	0.43 
300.804	2015-01-01 00:15:3.160	-0.5723	0.1802	0.8140	-0.8545	-11.1084	-1.4038	12.6068	40.8582	59.9799	46.2000	428	126	-151	100807	0.43 
300.867	2015-01-01 00:15:3.200	-0.6221	0.2793	0.8354	-2.8687	-13.0005	1.8921	12.4860	40.2045	59.7711	46.3500	426	125	-153	100807	0.43 
300.867	2015-01-01 00:15:3.240	-0.6709	0.2207	0.8838	1.4648	-14.2822	-7.6904	12.3596	39.6167	59.5294	46.3900	424	121	-152	100807	0.43 
300.899	2015-01-01 00:15:3.280	-0.7114	0.3760	1.0337	4.0283	-24.5361	-10.9863	12.1509	38.9301	58.8757	46.2000	421	123	-155	100807	0.43 
300.930	2015-01-01 00:15:3.320	-0.5776	0.1680	0.8232	7.2021	-18.1885	-20.6299	11.7664	38.2104	57.9529	46.1500	419	125	-154	100808	0.43 
300.992	2015-01-01 00:15:3.360	-0.5635	0.2407	0.8213	8.3008	-3.2349	-20.8740	11.4587	37.9028	56.8927	46.3900	422	125	-151	100808	0.43 
301.039	2015-01-01 00:15:3.400	-0.7646	0.2583	1.0112	15.0146	3.6011	-23.0103	11.3434	38.0841	55.8765	46.3900	423	125	-150	100808	0.43 
301.086	2015-01-01 00:15:3.440	-0.8291	0.3662	1.1328	16.1743	12.4512	-15.8081	11.5027	38.5181	55.1074	46.3900	427	124	-150	100808	0.43 
301.086	2015-01-01 00:15:3.480	-0.9443	0.3594	1.2188	20.8130	21.1792	-8.9111	12.1289	39.2322	54.8053	46.2000	429	126	-151	100808	0.43 
301.132	2015-01-01 00:15:3.520	-0.7959	0.3560	1.2095	13.6108	2.9907	-3.7231	12.8925	39.5508	54.8492	46.3500	434	125	-148	100807	0.43 
301.164	2015-01-01 00:15:3.560	-0.7676	0.3965	1.0425	4.5776	6.4697	-2.1362	13.2056	39.5563	54.8547	46.5400	437	126	-144	100808	0.43 
301.211	2015-01-01 00:15:3.600	-0.7568	0.3315	1.1304	1.0376	11.9629	1.8311	13.6945	39.8584	55.2942	46.1500	439	126	-142	100808	0.43 
301.273	2015-01-01 00:15:3.640	-0.6963	0.1860	0.9233	-12.3291	6.5918	-26.3672	13.1012	40.0616	55.0031	46.6800	440	129	-144	100808	0.43 
301.289	2015-01-01 00:15:3.680	-0.4194	0.2295	0.6621	-9.4604	8.7280	-21.6675	11.8323	40.4517	53.8879	46.6800	443	134	-146	100807	0.43 
301.336	2015-01-01 00:15:3.720	-0.4761	0.2090	0.5781	3.6011	36.9263	-22.1558	11.4313	41.2921	53.2397	46.2000	446	139	-147	100807	0.43 
301.398	2015-01-01 00:15:3.760	-0.6558	0.2451	1.0737	4.8218	9.2163	-14.9536	11.4587	42.6215	52.9596	46.3900	451	142	-148	100807	0.43 
301.445	2015-01-01 00:15:3.800	-0.3906	0.2358	0.7554	-8.3008	-17.6392	-19.6533	10.6677	41.8414	52.0038	46.3500	456	144	-149	100807	0.43 
301.492	2015-01-01 00:15:3.840	-0.4312	0.1533	0.8887	-4.8828	-21.2402	-6.5308	9.9921	40.8966	51.5643	46.3000	458	145	-152	100806	0.43 
301.523	2015-01-01 00:15:3.880	-0.3506	0.1592	0.7988	-12.9395	-66.9556	9.3384	9.5087	38.7158	51.5643	46.2000	452	148	-150	100806	0.43 
301.554	2015-01-01 00:15:3.920	-0.1465	0.0928	0.4688	-22.4609	-78.7964	6.4697	8.7781	35.1398	51.7346	46.3500	450	150	-151	100806	0.43 
301.601	2015-01-01 00:15:3.960	-0.2368	0.0981	0.4014	-12.5122	-67.6880	15.3809	8.2617	32.0087	52.1246	46.3500	450	150	-159	100805	0.43 
301.680	2015-01-01 00:15:4.000	-0.2896	0.0103	0.4419	-19.5313	-46.6919	-12.5732	7.6190	30.0806	52.0697	46.1500	449	149	-165	100805	0.43 
301.680	2015-01-01 00:15:4.040	-0.2124	-0.0474	0.4531	-17.5781	-51.7578	-9.9487	6.1029	27.9108	51.4435	46.3000	441	153	-170	100805	0.43 
301.742	2015-01-01 00:15:4.080	-0.3823	0.1733	0.5459	1.6479	-18.4937	12.6953	5.7513	26.8835	51.5094	46.3000	435	155	-172	100805	0.43 
301.774	2015-01-01 00:15:4.120	-0.4668	0.2295	0.8945	-4.4556	-24.5361	6.4087	6.3226	26.0870	52.0917	46.3500	430	160	-174	100805	0.43 
301.805	2015-01-01 00:15:4.160	-0.4243	0.1470	1.1484	-18.4326	-58.4717	2.9907	5.8502	24.4336	52.2290	46.2000	428	161	-177	100804	0.43 
301.883	2015-01-01 00:15:4.200	-0.3027	0.0674	0.6675	-14.5874	-38.8184	2.7466	5.1306	22.2253	52.4213	46.3500	431	163	-179	100804	0.43 
301.883	2015-01-01 00:15:4.240	-0.5322	0.1616	1.0640	13.5498	16.2354	0.9155	5.2240	22.0935	52.5421	46.4900	426	163	-181	100804	0.43 
301.946	2015-01-01 00:15:4.280	-0.3765	0.0659	1.1470	2.3804	-57.7393	-16.0522	5.5206	21.0553	52.4597	46.0600	422	162	-183	100803	0.43 
301.977	2015-01-01 00:15:4.320	-0.1382	0.0479	0.8008	1.4648	-40.5884	-42.6636	4.8834	18.9185	51.1633	46.5400	420	162	-184	100803	0.43 
302.008	2015-01-01 00:15:4.360	-0.2690	0.2090	0.9224	6.0425	-29.4800	-37.6587	4.6582	17.7924	49.6033	46.1500	419	164	-183	100803	0.43 
302.086	2015-01-01 00:15:4.400	-0.2563	0.1421	1.0288	5.7983	-25.3296	-26.3062	4.6252	16.7432	48.5046	46.2000	421	164	-185	100803	0.43 
302.086	2015-01-01 00:15:4.440	-0.1943	0.1587	0.9404	6.2256	-23.4375	-17.8223	4.7021	15.6830	47.9663	46.3900	422	163	-185	100803	0.43 
302.149	2015-01-01 00:15:4.480	-0.1377	0.2085	0.9497	-0.4272	-13.3667	-22.5830	4.7955	14.9799	47.4500	46.3500	422	163	-184	100803	0.43 
302.180	2015-01-01 00:15:4.520	-0.1934	0.1162	1.0005	-0.9766	-7.3242	-17.8833	4.6033	14.5679	46.9556	46.2000	423	163	-182	100803	0.43 
302.258	2015-01-01 00:15:4.560	-0.1567	0.1504	0.9663	0.7935	-8.3008	-8.6060	4.5923	14.1779	46.8732	46.3900	423	163	-181	100802	0.44 
302.305	2015-01-01 00:15:4.600	-0.1611	0.2207	0.9863	-0.1221	-8.4229	-5.0049	4.7241	13.7988	46.9885	46.3500	423	163	-181	100803	0.44 
302.305	2015-01-01 00:15:4.640	-0.1489	0.1387	0.9595	0.0000	-3.2349	-1.3428	4.8065	13.4528	47.2522	46.0600	422	163	-181	100802	0.44 
302.351	2015-01-01 00:15:4.680	-0.1621	0.1445	0.9902	-0.3662	0.7324	-0.6714	4.8944	13.3484	47.6587	46.3000	422	162	-178	100802	0.44 
302.383	2015-01-01 00:15:4.720	-0.1904	0.1504	1.0381	-0.4272	-1.5259	-0.1831	4.9548	13.3154	48.0212	46.1500	419	160	-177	100802	0.44 
302.430	2015-01-01 00:15:4.760	-0.1372	0.1196	0.9678	-0.9155	-1.8921	0.7324	5.0153	13.0847	48.4442	46.3500	419	162	-178	100802	0.44 
302.493	2015-01-01 00:15:4.800	-0.1270	0.1353	0.9941	-0.5493	0.6104	0.6104	5.0702	12.9474	48.8837	46.3500	421	162	-180	100802	0.44 
302.524	2015-01-01 00:15:4.840	-0.1489	0.1421	1.0020	-2.0752	1.9531	0.0610	5.0977	12.8925	49.2682	46.1500	421	161	-179	100802	0.44 
302.555	2015-01-01 00:15:4.880	-0.1372	0.1216	1.0005	-2.5024	-0.7935	2.1973	5.0867	12.7661	49.7186	46.2000	421	162	-180	100801	0.44 
302.586	2015-01-01 00:15:4.920	-0.1182	0.1255	0.9795	-2.7466	2.6245	3.0518	5.0647	12.6617	50.2020	46.3000	421	163	-182	100801	0.44 
302.633	2015-01-01 00:15:4.960	-0.1475	0.1357	1.0298	-2.0142	0.6104	2.5635	5.0757	12.6782	50.6580	46.3000	419	164	-184	100801	0.44 
302.695	2015-01-01 00:15:5.000	-0.1304	0.1211	1.0024	-4.5776	-2.5635	1.3428	5.0208	12.4585	51.0809	46.3000	416	163	-185	100801	0.44 
302.711	2015-01-01 00:15:5.040	-0.1304	0.1167	0.9902	-1.7700	0.9155	0.7324	4.9438	12.2827	51.4490	46.3500	414	161	-187	100801	0.44 
302.758	2015-01-01 00:15:5.080	-0.1196	0.1216	1.0103	-1.2817	-1.8311	0.4272	4.9713	12.1509	51.8060	46.3900	413	159	-188	100800	0.44 
302.805	2015-01-01 00:15:5.120	-0.1177	0.1187	1.0049	-1.2817	-1.2207	-2.1362	4.9658	11.9696	52.0862	46.3000	413	158	-187	100800	0.44 
302.867	2015-01-01 00:15:5.160	-0.1187	0.1206	1.0068	-1.1597	-0.1831	-3.0518	4.9548	11.8268	52.2675	46.0600	413	163	-184	100800	0.44 
302.899	2015-01-01 00:15:5.200	-0.1230	0.1289	1.0005	-1.0376	-1.3428	-1.0986	4.9603	11.6949	52.4927	46.3500	413	164	-184	100800	0.44 
302.930	2015-01-01 00:15:5.240	-0.1216	0.1333	1.0068	-0.6104	-0.1221	-0.3662	4.9933	11.5631	52.7618	46.2000	413	163	-183	100800	0.44 
302.993	2015-01-01 00:15:5.280	-0.1021	0.1084	1.0103	-1.3428	-1.7090	-0.7324	4.9988	11.4038	53.0255	46.3000	413	163	-183	100800	0.44 
303.024	2015-01-01 00:15:5.320	-0.0996	0.1245	0.9883	-0.7935	0.4272	-2.0142	4.9878	11.2390	53.2507	46.3900	411	165	-185	100800	0.44 
303.070	2015-01-01 00:15:5.360	-0.1147	0.1196	1.0151	-0.4272	-0.1831	-2.5024	5.0153	11.1511	53.4430	46.3000	410	165	-187	100800	0.44 
303.102	2015-01-01 00:15:5.400	-0.1113	0.1235	1.0166	-0.6104	-1.0986	-2.3193	5.0317	11.0248	53.5968	46.3000	409	164	-188	100800	0.44 
303.133	2015-01-01 00:15:5.440	-0.0898	0.1143	0.9995	-0.2441	-0.1221	-2.6855	5.0482	10.8435	53.7671	46.3500	409	164	-187	100800	0.44 
303.164	2015-01-01 00:15:5.480	-0.0977	0.1284	1.0015	0.0000	1.1597	-1.3428	5.1086	10.7666	53.9648	46.2000	410	161	-187	100800	0.44 
303.227	2015-01-01 00:15:5.520	-0.0942	0.1147	0.9990	-0.7935	-0.9766	-2.7466	5.1251	10.6732	54.1406	46.3500	412	163	-188	100800	0.44 
303.273	2015-01-01 00:15:5.560	-0.0879	0.1289	1.0063	-0.2441	1.6479	-1.8311	5.1581	10.5688	54.3219	46.3900	412	163	-191	100800	0.44 
303.305	2015-01-01 00:15:5.600	-0.1084	0.1279	1.0112	-0.5493	1.8311	-2.1362	5.1855	10.5139	54.4922	46.3500	412	164	-193	100800	0.44 
303.336	2015-01-01 00:15:5.640	-0.0981	0.1147	0.9888	-0.9766	2.0142	-1.4648	5.1965	10.4645	54.6680	46.3000	411	164	-188	100800	0.44 
303.367	2015-01-01 00:15:5.680	-0.1055	0.1367	1.0112	0.0000	2.6855	-1.4648	5.2460	10.4865	54.8712	46.2000	413	161	-187	100800	0.44 
303.414	2015-01-01 00:15:5.720	-0.0889	0.1216	1.0117	-0.0610	2.1973	-2.7466	5.2789	10.4590	55.0250	46.3000	412	161	-186	100800	0.44 
303.476	2015-01-01 00:15:5.760	-0.0869	0.1250	1.0005	0.5493	1.8921	-1.7700	5.3229	10.4205	55.1953	46.3000	410	161	-185	100800	0.44 
303.508	2015-01-01 00:15:5.800	-0.0903	0.1187	1.0083	0.7324	1.4648	-2.1362	5.3943	10.3766	55.3656	46.2000	410	161	-188	100800	0.44 
303.539	2015-01-01 00:15:5.840	-0.0908	0.1362	1.0024	1.0986	2.3804	-2.1973	5.4712	10.3491	55.5139	46.4900	409	162	-187	100801	0.44 
303.586	2015-01-01 00:15:5.880	-0.0952	0.1318	1.0063	0.6104	3.2349	-0.9155	5.5371	10.3326	55.6787	46.3500	408	164	-187	100801	0.44 
303.617	2015-01-01 00:15:5.920	-0.0581	0.1489	0.9917	0.8545	5.5542	0.2441	5.6470	10.3491	55.9149	46.3500	407	164	-187	100800	0.44 
303.680	2015-01-01 00:15:5.960	-0.1187	0.1240	1.0293	0.3662	4.4556	0.6104	5.7294	10.4645	56.1621	46.3000	408	161	-185	100800	0.44 
303.711	2015-01-01 00:15:6.000	-0.1030	0.1270	1.0107	0.5493	2.7466	-0.4883	5.7898	10.4535	56.3928	46.2000	408	161	-184	100800	0.44 
303.742	2015-01-01 00:15:6.040	-0.1084	0.1196	1.0078	0.3662	1.7090	-2.0142	5.8447	10.4150	56.5521	46.2000	409	160	-186	100800	0.44 
303.805	2015-01-01 00:15:6.080	-0.0654	0.1387	0.9917	0.3052	-0.6714	-2.6245	5.8887	10.3162	56.6510	46.3500	407	159	-183	100800	0.44 
303.836	2015-01-01 00:15:6.120	-0.1011	0.1362	1.0078	0.3662	0.7935	-2.8687	5.9381	10.2338	56.7499	46.3900	406	160	-184	100800	0.44 
303.915	2015-01-01 00:15:6.160	-0.0869	0.1416	0.9956	0.9766	0.9155	-2.3193	6.0040	10.1459	56.8378	46.4900	408	161	-185	100800	0.44 
303.961	2015-01-01 00:15:6.200	-0.0928	0.1401	1.0034	0.1831	1.4648	-1.4648	6.0645	10.0854	56.9586	46.5900	406	163	-183	100800	0.44 
303.961	2015-01-01 00:15:6.240	-0.0986	0.1440	1.0005	-0.1831	2.4414	-0.5493	6.1249	10.0580	57.1069	46.1500	406	163	-185	100800	0.44 
304.024	2015-01-01 00:15:6.280	-0.0879	0.1406	1.0083	0.0000	0.0610	1.5869	6.1798	9.9976	57.2992	46.5400	403	165	-187	100800	0.44 
304.055	2015-01-01 00:15:6.320	-0.0771	0.1372	0.9854	0.0000	1.8921	2.5024	6.2567	9.8932	57.5574	46.3000	406	165	-187	100801	0.44 
304.118	2015-01-01 00:15:6.360	-0.0830	0.1445	1.0005	-0.4272	3.5400	1.3428	6.3116	9.8767	57.8156	46.3900	406	160	-183	100801	0.44 
304.149	2015-01-01 00:15:6.400	-0.0928	0.1362	1.0054	-0.1221	5.0659	0.3052	6.3611	9.9316	58.0353	46.3000	406	156	-179	100801	0.44 
304.180	2015-01-01 00:15:6.440	-0.1006	0.1406	1.0044	-0.0610	3.6621	-1.7090	6.4160	9.9976	58.2056	46.3900	404	156	-182	100801	0.44 
304.211	2015-01-01 00:15:6.480	-0.0928	0.1460	1.0269	-0.1831	1.5869	-4.0894	6.4325	10.0250	58.2495	46.3900	404	160	-187	100801	0.44 
304.289	2015-01-01 00:15:6.520	-0.0791	0.1396	0.9956	0.0000	1.0986	-3.6011	6.4380	9.9481	58.2495	46.3500	405	161	-188	100801	0.44 
304.320	2015-01-01 00:15:6.560	-0.0679	0.1519	1.0049	-0.0610	1.8311	-2.9907	6.4764	9.9042	58.2825	46.3500	406	161	-186	100801	0.44 
304.336	2015-01-01 00:15:6.600	-0.0977	0.1289	1.0142	0.1221	4.7607	-3.4790	6.4984	9.9261	58.3319	46.3900	405	160	-186	100801	0.44 
304.367	2015-01-01 00:15:6.640	-0.0820	0.1431	0.9966	-0.2441	3.3569	-3.1738	6.5259	9.9426	58.3539	46.3500	404	162	-185	100801	0.44 
304.414	2015-01-01 00:15:6.680	-0.0806	0.1538	1.0171	-0.5493	0.7935	-7.3853	6.5204	9.9426	58.2440	46.3500	394	162	-186	100801	0.44 
304.461	2015-01-01 00:15:6.720	-0.0864	0.1445	1.0083	1.3428	3.4790	-5.1270	6.5533	9.9152	58.1726	46.5900	394	162	-185	100801	0.44 
304.524	2015-01-01 00:15:6.760	-0.0859	0.1440	1.0039	0.7935	-0.0610	-4.1504	6.6083	9.8822	58.1287	46.2000	400	161	-185	100801	0.44 
304.555	2015-01-01 00:15:6.800	-0.0752	0.1436	1.0054	1.7700	2.5024	-3.7231	6.6797	9.8218	58.1287	46.3900	401	161	-185	100801	0.44 
304.570	2015-01-01 00:15:6.840	-0.0967	0.1460	0.9980	1.0376	1.3428	-3.0518	6.7511	9.8053	58.1506	46.3900	403	161	-185	100801	0.44 
304.617	2015-01-01 00:15:6.880	-0.0918	0.1494	1.0063	0.7935	3.2349	-2.0752	6.8170	9.8108	58.2166	46.3500	405	162	-187	100801	0.44 
304.664	2015-01-01 00:15:6.920	-0.0796	0.1367	0.9976	0.0000	2.3804	-2.1362	6.8500	9.7998	58.2990	46.3500	405	161	-186	100800	0.44 
304.695	2015-01-01 00:15:6.960	-0.0898	0.1348	1.0029	0.0000	3.9063	-2.2583	6.8665	9.8218	58.3868	46.5400	406	162	-185	100801	0.44 
304.758	2015-01-01 00:15:7.000	-0.1001	0.1309	1.0083	-0.3662	3.9063	-0.9155	6.8719	9.8822	58.4967	46.4900	406	161	-183	100801	0.44 
304.790	2015-01-01 00:15:7.040	-0.0869	0.1177	1.0034	-0.8545	2.4414	-3.8452	6.8445	9.8767	58.5681	46.3900	406	162	-184	100801	0.44 
304.852	2015-01-01 00:15:7.080	-0.0767	0.1304	1.0010	-1.4648	3.2349	-7.3242	6.7456	9.9042	58.4528	46.5400	402	164	-183	100801	0.44 
304.898	2015-01-01 00:15:7.120	-0.0962	0.1421	1.0190	-0.3662	4.1504	-3.2959	6.7291	9.9756	58.4143	46.4900	402	160	-182	100801	0.44 
304.930	2015-01-01 00:15:7.160	-0.0850	0.1255	0.9902	-0.9155	4.1504	-2.9907	6.6962	9.9701	58.4692	46.4900	405	161	-182	100801	0.44 
304.961	2015-01-01 00:15:7.200	-0.0811	0.1489	1.0117	-1.4648	2.7466	-2.6245	6.6797	10.0195	58.5022	46.3900	405	160	-182	100801	0.44 
304.992	2015-01-01 00:15:7.240	-0.1045	0.1416	1.0107	-0.4883	2.9907	-0.4883	6.6687	10.0470	58.6121	46.3500	404	159	-186	100801	0.44 
305.039	2015-01-01 00:15:7.280	-0.0952	0.1504	1.0088	-0.9155	0.9766	0.0000	6.6907	10.0085	58.7549	46.4900	402	157	-190	100801	0.44 
305.070	2015-01-01 00:15:7.320	-0.0801	0.1362	0.9927	-0.9766	1.8311	-1.0376	6.6852	9.9426	58.8812	46.3500	403	158	-189	100801	0.44 
305.133	2015-01-01 00:15:7.360	-0.0913	0.1372	0.9980	0.3662	3.2349	-2.0752	6.7072	9.9536	58.9746	46.3900	404	160	-189	100801	0.44 
305.165	2015-01-01 00:15:7.400	-0.0859	0.1470	1.0005	0.3052	4.0894	-3.1128	6.7401	9.9811	59.0131	46.3900	406	160	-184	100801	0.44 
305.196	2015-01-01 00:15:7.440	-0.0820	0.1372	1.0068	0.0000	4.2725	-5.5542	6.7621	10.0470	59.0076	46.3900	405	159	-185	100801	0.44 
305.258	2015-01-01 00:15:7.480	-0.0845	0.1455	0.9937	1.4038	8.8501	-5.4932	6.7786	10.1788	58.9197	46.3000	405	160	-189	100801	0.44 
305.273	2015-01-01 00:15:7.520	-0.1133	0.1748	1.0103	1.7090	5.3711	-1.0986	6.9159	10.3711	58.9581	46.3000	406	161	-187	100800	0.44 
305.336	2015-01-01 00:15:7.560	-0.0854	0.1445	0.9907	-0.3052	4.9438	-0.7935	6.9818	10.4205	59.0790	46.4900	406	163	-185	100800	0.44 
305.367	2015-01-01 00:15:7.600	-0.1006	0.1616	1.0171	-1.4648	2.8076	0.0000	6.9928	10.4974	59.1998	46.4900	404	164	-186	100801	0.44 
305.414	2015-01-01 00:15:7.640	-0.0918	0.1431	0.9897	-0.5493	4.6997	1.5259	6.9873	10.4919	59.3646	46.3500	404	164	-185	100800	0.44 
305.445