StartTime: 2017-07-21 14:23:19.802
Time(s)	ChipTime	ax(g)	ay(g)	az(g)	wx(deg/s)	wy(deg/s)	wz(deg/s)	AngleX(deg)	AngleY(deg)	AngleZ(deg)	T(°)	hx	hy	hz	Pressure(Pa)	Altitude(m) 
163.724	2015-01-01 00:03:40.960	-0.1592	0.0225	1.0176	-0.3052	2.0752	-3.7231	0.4340	7.2400	56.2335	46.0600	465	468	-227	100820	0.42 
163.755	2015-01-01 00:03:41.000	-0.1553	0.0161	1.0020	-0.2441	3.4180	-2.4414	0.4230	7.3608	55.7886	45.9600	462	467	-230	100820	0.42 
163.802	2015-01-01 00:03:41.040	-0.1333	0.0186	1.0005	-1.3428	3.1128	0.0610	0.4065	7.4927	55.4315	46.1500	456	467	-228	100820	0.42 
163.833	2015-01-01 00:03:41.080	-0.1445	0.0010	0.9868	-3.6621	5.0049	2.2583	0.3021	7.6685	55.1569	45.9600	457	468	-228	100820	0.42 
163.896	2015-01-01 00:03:41.120	-0.1138	0.0010	0.9395	-6.2866	14.4653	6.8359	0.1154	8.0585	55.0250	46.3000	458	467	-227	100820	0.42 
163.927	2015-01-01 00:03:41.160	-0.1904	-0.0957	1.0352	-1.2817	22.9492	8.7891	-0.0714	8.8879	55.1129	46.1500	459	465	-224	100819	0.42 
163.974	2015-01-01 00:03:41.200	-0.1812	-0.0298	1.0547	0.3052	15.3198	8.7280	-0.0714	9.7174	55.1074	46.2000	461	465	-224	100820	0.42 
164.005	2015-01-01 00:03:41.240	-0.1191	-0.0454	0.9531	1.6479	14.0991	13.2446	-0.0055	10.1843	55.2997	46.2000	466	466	-222	100820	0.42 
164.037	2015-01-01 00:03:41.280	-0.1265	-0.0767	1.0029	3.0518	13.3667	10.3149	0.0934	10.6842	55.4974	46.1500	468	467	-226	100819	0.42 
164.099	2015-01-01 00:03:41.320	-0.1421	-0.0815	0.9961	5.7983	11.9629	4.0283	0.1978	11.1346	55.4919	46.1500	469	467	-228	100819	0.42 
164.131	2015-01-01 00:03:41.360	-0.1470	-0.0703	0.9932	9.7656	12.6953	-1.2817	0.3845	11.5631	55.2338	46.2000	472	466	-224	100819	0.42 
164.162	2015-01-01 00:03:41.400	-0.1533	-0.0283	0.9927	15.3198	13.6108	-4.0283	0.7855	12.0026	54.8383	46.2000	472	463	-222	100819	0.42 
164.208	2015-01-01 00:03:41.440	-0.1782	0.0342	0.9585	19.3481	19.2871	-0.0610	1.4502	12.6123	54.4647	46.3000	473	461	-221	100819	0.42 
164.240	2015-01-01 00:03:41.480	-0.1431	0.2051	0.8096	12.5122	25.7568	8.6670	2.3401	13.4692	54.3823	46.2000	480	460	-226	100819	0.42 
164.302	2015-01-01 00:03:41.520	-0.0581	0.1768	0.9346	-3.7231	34.2407	10.6201	2.8455	14.4196	54.6570	46.3000	484	459	-228	100819	0.42 
164.333	2015-01-01 00:03:41.560	-0.1787	0.0039	1.2046	4.2725	31.3721	-12.5732	2.7795	15.6445	54.3933	46.1500	488	456	-227	100819	0.42 
164.381	2015-01-01 00:03:41.600	-0.0752	0.0391	0.9893	14.8315	17.2119	-19.7144	2.9828	16.2103	53.4979	46.1500	491	460	-225	100819	0.42 
164.427	2015-01-01 00:03:41.640	-0.1382	0.1592	0.9980	28.1372	18.4326	-17.6392	3.7354	16.8036	52.5861	46.0100	490	462	-228	100819	0.42 
164.458	2015-01-01 00:03:41.680	-0.1069	0.1372	0.8608	27.8320	25.5127	-18.1274	4.7955	17.4133	51.7072	46.1500	491	461	-228	100819	0.42 
164.505	2015-01-01 00:03:41.720	-0.1997	0.1714	0.9580	26.4893	25.8789	-15.1367	5.7898	18.3691	50.9546	46.0600	494	458	-227	100819	0.42 
164.537	2015-01-01 00:03:41.760	-0.1470	0.0493	0.9248	28.8696	15.1978	-20.9351	6.6577	19.0118	50.0922	46.0100	495	458	-225	100819	0.42 
164.583	2015-01-01 00:03:41.800	-0.0557	0.1938	0.8457	24.9023	20.2026	-23.3154	7.4268	19.4458	49.0924	46.2000	493	457	-228	100819	0.42 
164.630	2015-01-01 00:03:41.840	-0.1196	0.2593	1.0391	25.0854	20.4468	-16.7236	8.3057	20.1324	48.2300	46.2000	494	450	-233	100819	0.42 
164.662	2015-01-01 00:03:41.880	-0.0117	0.3159	1.1138	22.9492	27.2827	-13.1836	9.2285	20.5994	47.6752	46.2000	497	447	-236	100819	0.42 
164.740	2015-01-01 00:03:41.920	-0.0176	0.4829	1.3770	12.3901	27.0386	1.7700	10.1678	21.4014	47.6971	46.0600	497	442	-238	100820	0.42 
164.755	2015-01-01 00:03:41.960	0.0098	0.4233	1.2383	-0.9766	30.4565	10.8643	10.7776	21.7969	48.1476	46.1500	499	442	-238	100820	0.42 
164.803	2015-01-01 00:03:42.000	-0.0972	0.3613	1.2065	-15.6860	23.9258	16.6016	11.0303	22.4066	49.1144	46.1500	502	439	-237	100820	0.42 
164.834	2015-01-01 00:03:42.040	-0.3750	-0.0254	0.1611	-28.9917	13.7329	-3.9673	9.9811	22.7362	48.9935	46.3900	504	439	-235	100820	0.42 
164.865	2015-01-01 00:03:42.080	-1.1338	-0.0386	1.1353	26.7944	101.1353	7.9346	11.6620	26.5924	49.9658	46.0600	508	438	-230	100820	0.42 
164.959	2015-01-01 00:03:42.120	-0.4971	0.1587	1.1982	-34.9121	33.7524	0.9766	11.2445	27.3395	50.8557	45.9600	509	436	-226	100821	0.42 
164.959	2015-01-01 00:03:42.160	-1.0845	0.1401	2.0190	-24.8413	26.7334	-26.1230	10.0690	29.0369	50.2570	45.8700	519	438	-224	100821	0.42 
164.990	2015-01-01 00:03:42.200	-0.6235	-0.0088	2.2539	-24.9634	-40.7104	-67.9321	7.7563	28.4821	47.9224	45.9600	528	439	-223	100821	0.42 
165.037	2015-01-01 00:03:42.240	-0.3911	-0.5010	1.3428	-23.9868	-54.9927	-139.4653	4.1144	26.4990	42.6929	46.2000	534	441	-223	100821	0.42 
165.084	2015-01-01 00:03:42.280	-0.1201	0.1074	0.3267	-12.3291	-68.9697	-67.7490	1.0547	23.3240	37.7600	45.8700	516	449	-222	100821	0.42 
165.146	2015-01-01 00:03:42.320	-0.1494	0.2285	-0.3140	35.3394	-44.1284	-42.2974	2.3346	21.9232	35.7715	45.8200	491	455	-224	100821	0.42 
165.178	2015-01-01 00:03:42.360	-0.2246	0.0835	0.0996	42.0532	-65.8569	-41.1377	5.1416	21.1597	34.2499	45.8200	480	459	-225	100822	0.42 
165.209	2015-01-01 00:03:42.400	0.0918	-0.0083	-0.1929	4.3335	-64.3921	-32.2266	4.5099	18.0066	32.1240	46.0100	462	458	-233	100822	0.42 
165.240	2015-01-01 00:03:42.440	-0.2573	0.2896	-0.0850	15.6250	-14.2212	33.4473	6.8225	18.4900	32.6733	45.8700	451	456	-238	100822	0.42 
165.318	2015-01-01 00:03:42.480	-1.4233	-0.3799	1.6289	-47.3022	202.6978	-40.4053	6.4105	22.4780	33.7061	45.8200	445	455	-242	100821	0.42 
165.365	2015-01-01 00:03:42.520	-0.2959	0.4126	2.0337	-26.1841	-83.5571	128.6011	6.3281	22.7472	35.7111	45.8200	447	456	-243	100821	0.42 
165.365	2015-01-01 00:03:42.560	-0.9272	0.0728	2.4204	8.2397	39.1846	110.6567	8.1024	22.2528	41.2701	45.8700	449	457	-244	100821	0.42 
165.396	2015-01-01 00:03:42.600	-0.8115	0.3945	1.7310	11.7798	-75.9277	62.9883	9.9371	20.6927	44.3848	45.7700	460	455	-239	100822	0.42 
165.443	2015-01-01 00:03:42.640	0.2310	0.2129	0.1724	2.2583	-74.5850	111.5112	11.9037	15.8917	47.2961	45.9600	466	451	-234	100822	0.42 
165.521	2015-01-01 00:03:42.680	-0.2163	-0.4229	-0.2974	-30.2734	-26.9775	60.3027	10.5304	11.6290	50.7019	45.6800	470	449	-233	100822	0.42 
165.552	2015-01-01 00:03:42.720	-0.1147	-0.0176	-0.0845	-48.4009	-33.6304	27.8931	8.1244	9.3768	52.3718	46.0100	478	443	-235	100822	0.42 
165.584	2015-01-01 00:03:42.760	-0.2637	-0.0571	-0.2070	-29.4800	-42.9077	7.2021	8.2947	8.8605	52.1851	45.7700	482	442	-234	100822	0.42 
165.631	2015-01-01 00:03:42.800	-0.3423	-0.1597	-0.0752	-17.7612	15.4419	5.6763	9.5032	10.3381	52.3444	45.8200	482	443	-234	100821	0.42 
165.662	2015-01-01 00:03:42.840	-1.1606	0.0903	2.9312	91.3696	167.0532	40.4053	9.7998	14.1669	52.0917	45.4800	481	447	-233	100821	0.42 
165.755	2015-01-01 00:03:42.880	-0.3140	0.0742	1.8755	-6.7139	-0.3662	-90.9424	9.5416	15.5072	49.2188	45.6300	487	447	-229	100821	0.42 
165.802	2015-01-01 00:03:42.920	-0.5063	0.2524	2.7349	7.3242	2.3804	-85.3882	9.1351	16.2158	46.3239	46.0600	484	449	-229	100822	0.42 
165.802	2015-01-01 00:03:42.960	-0.3599	-0.1099	1.7676	0.9766	-53.4058	-72.2656	8.1738	15.7269	42.9071	45.6300	485	452	-233	100822	0.42 
165.834	2015-01-01 00:03:43.000	0.0435	0.1504	0.1235	-5.8594	-66.5283	-48.7671	7.2510	12.9968	40.3418	45.7700	481	454	-233	100822	0.42 
165.865	2015-01-01 00:03:43.040	-0.0430	0.0981	-0.5200	55.0537	-10.8643	-50.4761	9.7339	13.2111	38.5675	45.4800	459	456	-234	100822	0.42 
165.927	2015-01-01 00:03:43.080	-0.2783	0.1724	0.1240	22.5830	-40.5273	34.6069	13.2495	13.9691	38.2874	45.8200	444	458	-238	100822	0.42 
165.959	2015-01-01 00:03:43.120	-0.0527	-0.3154	-0.3208	6.4697	-18.3716	-20.6909	13.9197	12.5299	38.3588	45.8200	442	455	-241	100821	0.42 
165.990	2015-01-01 00:03:43.160	-0.0913	0.2163	-0.0977	-5.3101	24.5972	23.0713	14.8096	14.0735	37.9962	45.7700	439	453	-244	100821	0.42 
166.037	2015-01-01 00:03:43.200	-0.7280	-0.1997	2.1260	-91.8579	180.0537	-43.5791	14.8260	16.7871	41.6986	45.6300	438	453	-245	100821	0.42 
166.069	2015-01-01 00:03:43.240	-0.3076	0.6187	2.3989	-13.1226	1.8311	73.1201	13.9636	19.2426	43.2642	45.7700	449	454	-239	100821	0.42 
166.162	2015-01-01 00:03:43.280	-0.2676	0.1104	2.5259	5.1270	38.3301	81.1768	14.6667	18.8580	46.8951	45.6800	461	455	-235	100821	0.42 
166.162	2015-01-01 00:03:43.320	-0.5005	0.2559	1.6704	2.1362	-70.4956	49.9268	15.2875	17.3474	48.9935	45.4400	475	450	-231	100821	0.42 
166.209	2015-01-01 00:03:43.360	0.0352	0.0371	0.5024	1.6479	-72.6929	81.6040	15.6555	13.3374	50.6525	45.4800	479	449	-231	100821	0.42 
166.255	2015-01-01 00:03:43.400	-0.0078	-0.2217	-0.1924	-28.3813	-40.4053	61.4624	14.0295	9.5032	53.1409	45.7700	482	450	-229	100821	0.42 
166.287	2015-01-01 00:03:43.440	-0.6035	0.1665	-0.2417	-54.0771	-33.0811	30.7617	13.7604	8.7836	54.5526	45.6800	484	447	-228	100821	0.42 
166.334	2015-01-01 00:03:43.480	-0.1934	-0.3716	-0.1987	-31.0059	-23.5596	-17.0288	12.1838	8.0255	53.6078	45.6800	488	445	-229	100821	0.42 
166.381	2015-01-01 00:03:43.520	-0.1221	0.0415	-0.0039	-13.0005	36.8652	-10.6201	11.5082	8.3276	53.9539	45.5300	490	444	-230	100821	0.42 
166.412	2015-01-01 00:03:43.560	-1.0742	-0.2031	2.9546	59.8755	209.1064	-27.9541	11.7993	14.1724	53.3221	45.5300	490	444	-228	100821	0.42 
166.443	2015-01-01 00:03:43.600	0.1733	0.1738	2.2832	-0.2441	8.6060	-82.7026	11.2115	16.6992	50.3558	45.5300	496	446	-223	100821	0.42 
166.490	2015-01-01 00:03:43.640	-0.5630	-0.0840	2.6895	14.0991	21.4233	-106.5674	10.4865	18.7207	46.8787	45.8200	500	448	-220	100821	0.42 
166.537	2015-01-01 00:03:43.680	-0.1973	-0.0498	1.2412	0.7935	-72.8760	-75.3174	9.2944	17.5452	42.8522	45.5300	489	448	-218	100822	0.42 
166.600	2015-01-01 00:03:43.720	0.1714	0.0591	-0.1289	15.9302	-53.2837	-81.8481	8.2452	14.6942	39.0894	45.6300	476	450	-216	100822	0.42 
166.631	2015-01-01 00:03:43.760	-0.3120	0.1372	-0.2817	68.6646	-14.4653	-57.9834	11.0358	15.8752	36.3208	45.7700	463	453	-219	100822	0.42 
166.662	2015-01-01 00:03:43.800	-0.0801	0.1846	-0.0322	21.9727	-62.1338	24.1089	13.9911	15.5951	35.5188	45.7700	451	450	-223	100822	0.42 
166.709	2015-01-01 00:03:43.840	-0.1470	-0.2251	-0.3242	24.2920	6.8970	-49.8657	14.5349	14.3207	34.8431	45.5300	443	446	-226	100821	0.42 
166.772	2015-01-01 00:03:43.880	-0.5850	0.7251	0.2939	-27.3438	50.3540	91.4307	16.2323	16.4246	35.5573	45.6300	438	444	-228	100821	0.42 
166.803	2015-01-01 00:03:43.920	-1.2773	1.3013	3.7007	-0.9766	48.1567	41.7480	15.3259	21.4728	37.6501	45.6300	441	440	-230	100821	0.42 
166.834	2015-01-01 00:03:43.960	0.2471	-0.1294	2.0684	-2.9297	39.3677	85.2051	15.8917	20.1434	41.1218	45.7700	444	439	-231	100821	0.42 
166.865	2015-01-01 00:03:44.000	-0.7983	0.3540	2.4282	22.2778	-31.5552	80.8716	17.4133	20.3302	44.5715	45.5300	452	437	-225	100821	0.42 
166.912	2015-01-01 00:03:44.040	-0.0840	0.4136	1.0361	12.8174	-60.4858	89.5996	18.8306	17.0892	46.7194	45.7700	463	431	-225	100821	0.42 
166.975	2015-01-01 00:03:44.080	0.0537	-0.3442	-0.1675	-15.0146	-44.6777	75.8667	18.6163	13.3484	49.5264	45.6800	470	427	-224	100821	0.42 
167.006	2015-01-01 00:03:44.120	-0.3662	-0.1807	-0.2363	-46.3867	-33.6914	29.6021	16.4355	10.4645	51.3446	45.5300	477	427	-224	100821	0.42 
167.037	2015-01-01 00:03:44.160	-0.1909	-0.1855	-0.0474	-29.6631	-57.4341	-11.9629	16.0510	10.1843	49.4550	45.6800	476	429	-224	100821	0.42 
167.100	2015-01-01 00:03:44.200	-0.1343	0.2676	-0.4409	-22.5220	11.9629	23.7427	16.9739	10.6567	49.4550	45.3400	473	430	-224	100821	0.42 
167.146	2015-01-01 00:03:44.240	-0.5854	-0.7051	0.1973	-9.2163	42.1753	-79.2847	16.6498	12.5189	49.2957	45.3400	472	431	-222	100821	0.42 
167.194	2015-01-01 00:03:44.280	-1.5571	-0.2031	3.9268	39.5508	79.4067	-37.4756	18.9294	17.0728	50.3009	45.3400	472	429	-222	100821	0.42 
167.194	2015-01-01 00:03:44.320	0.5132	0.4468	2.0273	-2.1973	59.3872	-93.9941	17.2321	17.9736	45.9503	45.4400	473	429	-223	100821	0.42 
167.240	2015-01-01 00:03:44.360	-0.8032	0.2275	2.8330	-13.9771	0.7935	-57.1289	16.2708	20.7971	44.2255	45.5300	471	431	-221	100821	0.42 
167.287	2015-01-01 00:03:44.400	-0.1787	-0.3066	1.2510	-3.7842	-62.8662	-64.0869	14.1943	19.3964	41.3031	45.4800	469	431	-220	100821	0.42 
167.349	2015-01-01 00:03:44.440	0.0610	-0.1675	-0.0220	16.4795	-57.0068	-66.1621	12.2388	16.7981	38.1171	45.6300	464	433	-218	100822	0.42 
167.381	2015-01-01 00:03:44.480	-0.1729	0.1094	-0.3555	61.4624	-30.1514	-64.2090	14.0295	16.6663	35.0464	45.2900	457	435	-223	100822	0.42 
167.412	2015-01-01 00:03:44.520	-0.2388	0.4531	-0.1885	22.5830	-56.5186	38.5132	17.1552	16.1664	34.6509	45.4400	453	434	-226	100821	0.42 
167.459	2015-01-01 00:03:44.560	0.0508	-0.3799	-0.2676	14.9536	-2.2583	-43.1519	18.0011	14.6997	34.9640	45.4800	444	432	-226	100821	0.42 
167.506	2015-01-01 00:03:44.600	-0.8315	0.0581	0.4951	-35.4004	84.5337	36.4990	18.1604	16.8201	35.2661	45.4800	440	431	-226	100821	0.42 
167.553	2015-01-01 00:03:44.640	-0.8125	1.5562	3.5244	-21.9116	-44.1895	64.5142	16.5784	21.0553	36.2109	45.4800	444	431	-222	100821	0.42 
167.584	2015-01-01 00:03:44.680	0.0659	-0.1729	2.1353	5.4932	55.9082	82.7026	17.0343	19.0833	39.9738	45.4400	447	430	-220	100822	0.42 
167.615	2015-01-01 00:03:44.720	-0.5820	0.5371	2.5181	13.2446	-43.5791	81.9702	18.3142	18.5944	43.4454	45.3400	446	430	-218	100822	0.42 
167.662	2015-01-01 00:03:44.760	0.1021	0.3516	0.7974	-7.0801	-62.3779	88.1958	19.0668	14.3921	45.4889	45.5300	460	428	-218	100822	0.42 
167.709	2015-01-01 00:03:44.800	-0.1221	-0.2480	-0.0356	-21.0571	-49.6826	44.1895	17.9901	11.4972	47.5818	45.5300	465	427	-216	100822	0.42 
167.756	2015-01-01 00:03:44.840	-0.0303	-0.2183	-0.4980	-44.9829	-45.4712	9.6436	14.6283	7.5311	48.4277	45.5300	469	427	-218	100822	0.42 
167.787	2015-01-01 00:03:44.880	-0.2319	0.0972	-0.0210	-18.1885	-47.4243	-1.0376	15.1227	7.1521	48.2080	45.3400	471	426	-216	100821	0.42 
167.850	2015-01-01 00:03:44.920	-0.1533	0.0054	-0.1787	-18.3716	-20.0806	19.0430	15.7709	7.4542	47.1259	45.2900	472	424	-214	100821	0.42 
167.881	2015-01-01 00:03:44.960	-0.0737	-0.4277	-0.0522	-13.3057	25.6348	-42.7856	15.9302	8.4650	47.2632	45.3400	471	429	-217	100821	0.42 
167.912	2015-01-01 00:03:45.000	-0.2695	0.8315	3.9268	183.0444	159.1797	98.6938	17.4133	12.1838	47.5873	45.4800	472	434	-219	100821	0.42 
167.990	2015-01-01 00:03:45.040	0.3965	-0.0166	1.8154	-13.5498	-40.4053	-108.0933	17.4463	13.1726	44.0771	45.4400	478	432	-223	100820	0.42 
167.990	2015-01-01 00:03:45.080	-0.6528	0.6265	2.6563	-2.5635	1.1597	-54.6265	16.6772	13.9911	41.5118	45.4400	471	433	-229	100821	0.42 
168.037	2015-01-01 00:03:45.120	-0.0957	-0.0840	1.3413	-16.9678	-58.7769	-31.2500	15.4907	12.5354	40.0342	45.2900	469	433	-234	100820	0.42 
168.069	2015-01-01 00:03:45.160	0.0454	-0.0874	0.1221	0.7324	-42.3584	-21.1182	14.0295	10.4205	38.4247	45.5300	461	433	-233	100820	0.42 
168.115	2015-01-01 00:03:45.200	0.0005	0.1289	-0.4580	39.1846	-13.9160	6.8359	14.8590	9.4977	38.0292	45.2900	455	435	-232	100821	0.42 
168.194	2015-01-01 00:03:45.240	-0.0913	-0.0161	-0.1782	40.8325	-26.4893	27.7100	18.4955	10.2228	38.7433	45.2900	453	435	-230	100820	0.42 
168.225	2015-01-01 00:03:45.280	-0.2153	0.0278	-0.0728	30.7617	-37.5366	41.4429	21.2036	9.5471	39.8145	45.4400	449	434	-236	100820	0.42 
168.256	2015-01-01 00:03:45.320	-0.2217	0.4365	-0.0684	16.6626	19.2261	90.6372	23.9777	10.2283	41.8304	45.5300	445	432	-241	100820	0.42 
168.287	2015-01-01 00:03:45.360	-1.9263	0.9888	1.8057	54.1992	86.9751	221.4966	26.3892	9.5526	49.0759	45.5300	448	428	-242	100820	0.42 
168.334	2015-01-01 00:03:45.400	-0.6416	1.0059	2.9155	31.3110	-125.4272	88.6841	24.3237	13.9911	48.1860	45.4800	465	424	-240	100820	0.42 
168.397	2015-01-01 00:03:45.440	-0.0078	0.4355	1.8354	-18.3716	1.8311	97.3511	24.8840	10.5359	50.6909	45.4400	474	426	-243	100819	0.42 
168.428	2015-01-01 00:03:45.480	-0.4912	-0.4155	1.2852	-1.2207	-11.9019	-5.5542	23.8623	10.4645	51.6193	45.4400	480	424	-242	100819	0.42 
168.460	2015-01-01 00:03:45.520	-0.0752	0.1963	0.6118	5.7983	-28.3203	-28.9917	23.5712	9.9646	50.3778	45.4800	478	431	-241	100819	0.42 
168.491	2015-01-01 00:03:45.560	0.1187	0.1812	0.2554	-15.6250	-16.5405	-25.3906	23.0823	9.1901	48.7958	45.5300	477	433	-240	100819	0.42 
168.568	2015-01-01 00:03:45.600	-0.1343	-0.0327	0.4497	-25.3296	14.4653	-40.6494	21.9836	9.4318	47.7411	45.4400	474	428	-243	100819	0.42 
168.615	2015-01-01 00:03:45.640	-0.5640	-0.1895	1.2290	-27.1606	20.0195	-111.5112	19.6326	11.3928	44.6375	45.2900	470	424	-245	100819	0.42 
168.615	2015-01-01 00:03:45.680	0.1753	0.0347	1.3438	-4.9438	-44.2505	-37.1094	18.5339	11.4807	42.4237	45.4400	467	428	-243	100819	0.42 
168.662	2015-01-01 00:03:45.720	-0.0059	0.0830	0.9849	5.4932	-37.4756	-54.5654	17.4847	10.3326	40.1001	45.2900	463	433	-238	100819	0.42 
168.693	2015-01-01 00:03:45.760	-0.2363	0.4004	0.7427	-0.2441	-7.9956	-12.0239	17.5836	9.7833	38.7762	45.2900	462	435	-235	100819	0.42 
168.740	2015-01-01 00:03:45.800	-0.2139	0.0703	0.8145	-18.2495	-2.2583	15.5029	16.9574	9.7833	38.8586	45.5300	452	437	-235	100818	0.42 
168.803	2015-01-01 00:03:45.840	-0.2163	0.1094	1.0054	-15.4419	2.2583	27.1606	16.2323	9.6844	39.8035	45.2900	452	440	-236	100818	0.42 
168.835	2015-01-01 00:03:45.880	-0.1147	0.0508	1.1055	-8.1787	-2.7466	36.2549	15.6720	9.2340	41.1493	45.4400	450	440	-235	100818	0.42 
168.866	2015-01-01 00:03:45.920	-0.0098	0.0259	1.0059	-2.1362	-1.8311	38.2080	15.3973	8.4869	42.6050	45.4800	452	440	-234	100818	0.42 
168.928	2015-01-01 00:03:45.960	-0.0410	0.0063	0.9927	1.5259	1.0376	41.5649	15.2765	7.9321	44.2090	45.2900	452	439	-230	100818	0.42 
168.975	2015-01-01 00:03:46.000	-0.0737	-0.0049	1.0244	2.6855	3.5400	30.8838	15.1996	7.5806	45.6317	45.4400	457	439	-231	100818	0.42 
169.006	2015-01-01 00:03:46.040	-0.0425	0.0234	1.0137	1.1597	0.1831	22.8271	15.0568	7.2510	46.6370	45.4800	459	438	-234	100818	0.42 
169.038	2015-01-01 00:03:46.080	0.0156	-0.0127	1.0142	-1.1597	1.0376	11.8408	14.7601	6.9598	47.2357	45.2900	459	438	-235	100818	0.42 
169.100	2015-01-01 00:03:46.120	-0.0229	0.0132	1.0190	-1.3428	8.9111	1.5869	14.3866	6.9489	47.4664	45.4800	464	435	-235	100818	0.42 
169.131	2015-01-01 00:03:46.160	-0.0293	-0.0005	1.0107	-1.7700	7.7515	-3.0518	13.9911	7.1631	47.4554	45.5300	471	433	-238	100818	0.42 
169.178	2015-01-01 00:03:46.200	-0.0518	0.0503	1.0298	-0.8545	10.4370	-1.7700	13.6395	7.4707	47.4060	45.5300	475	432	-238	100818	0.42 
169.209	2015-01-01 00:03:46.240	-0.0361	0.0464	1.0068	-0.6714	8.1177	0.3052	13.3704	7.6794	47.4335	45.5300	477	435	-237	100818	0.42 
169.241	2015-01-01 00:03:46.280	-0.0464	0.0186	1.0308	-0.5493	8.3618	-0.1831	13.0737	7.9102	47.4664	45.3400	475	435	-237	100818	0.42 
169.303	2015-01-01 00:03:46.320	-0.0396	0.0425	1.0151	0.1221	6.1035	1.5259	12.8156	8.0255	47.5214	45.4400	476	437	-236	100818	0.42 
169.335	2015-01-01 00:03:46.360	-0.0332	0.0386	1.0078	-0.3662	5.3101	0.3052	12.5684	8.0750	47.5653	45.4400	476	436	-233	100818	0.42 
169.381	2015-01-01 00:03:46.400	-0.0522	0.0542	1.0205	-0.4272	6.8359	0.6104	12.3157	8.1738	47.5983	45.3400	476	435	-230	100817	0.42 
169.413	2015-01-01 00:03:46.440	-0.0640	0.0327	1.0142	0.1831	7.5684	0.4272	12.0850	8.3386	47.6532	45.5300	478	436	-232	100817	0.42 
169.444	2015-01-01 00:03:46.480	-0.0347	0.0322	1.0112	0.0000	6.4697	-3.2959	11.8378	8.4485	47.6038	45.4400	478	432	-233	100817	0.42 
169.506	2015-01-01 00:03:46.520	-0.0713	0.0513	1.0181	0.0000	7.3853	-3.0518	11.6125	8.6517	47.4994	45.3400	479	430	-234	100817	0.42 
169.537	2015-01-01 00:03:46.560	-0.0601	0.0420	1.0146	-0.1831	5.9814	-5.8594	11.3763	8.8220	47.3511	45.3400	480	435	-234	100817	0.42 
169.584	2015-01-01 00:03:46.600	-0.0625	0.0605	1.0049	-1.1597	6.7139	-3.9673	11.1292	8.9813	47.1478	45.5300	481	436	-236	100817	0.42 
169.616	2015-01-01 00:03:46.640	-0.0781	0.0601	1.0239	-1.0376	8.0566	-2.0752	10.8929	9.1736	47.0599	45.6300	481	436	-236	100817	0.42 
169.646	2015-01-01 00:03:46.680	-0.1006	0.0664	1.0093	-1.7090	7.2632	-1.5869	10.6622	9.3768	47.0050	45.5300	484	436	-235	100817	0.42 
169.678	2015-01-01 00:03:46.720	-0.1016	0.0684	1.0156	-1.8921	5.0049	2.0142	10.4370	9.5087	47.0270	45.4800	485	436	-233	100817	0.42 
169.740