StartTime: 2017-07-21 14:10:57.304
Time(s)	ChipTime	ax(g)	ay(g)	az(g)	wx(deg/s)	wy(deg/s)	wz(deg/s)	AngleX(deg)	AngleY(deg)	AngleZ(deg)	T(°)	hx	hy	hz	Pressure(Pa)	Altitude(m) 
16.951	2015-01-01 00:03:48.680	-0.0508	0.0396	1.0132	0.0000	-0.3052	-1.3428	2.2137	2.2302	38.9465	46.3500	411	467	-221	100837	0.41 
16.983	2015-01-01 00:03:48.720	-0.0483	0.0376	1.0210	0.0000	-0.2441	-1.1597	2.2137	2.2412	38.9301	46.5400	414	465	-222	100837	0.41 
17.045	2015-01-01 00:03:48.760	-0.0474	0.0337	1.0190	0.0000	-0.6714	-1.1597	2.2083	2.2467	38.9246	46.5400	415	464	-222	100837	0.41 
17.091	2015-01-01 00:03:48.800	-0.0513	0.0410	1.0220	0.1831	-1.7090	-0.7324	2.2083	2.2192	38.9246	46.5400	416	463	-222	100837	0.41 
17.123	2015-01-01 00:03:48.840	-0.0439	0.0400	1.0190	0.1831	1.8921	-2.0752	2.2083	2.2357	38.9081	46.4900	416	460	-223	100837	0.41 
17.170	2015-01-01 00:03:48.880	-0.0488	0.0337	1.0225	-0.1221	-2.0142	-1.8311	2.2083	2.2357	38.8861	46.4900	417	460	-222	100838	0.41 
17.201	2015-01-01 00:03:48.920	-0.0586	0.0298	1.0024	0.3052	0.6104	-2.6855	2.1863	2.2302	38.8257	46.3900	418	460	-222	100838	0.41 
17.248	2015-01-01 00:03:48.960	-0.0552	0.0352	1.0313	0.1221	-0.6714	-2.1362	2.1753	2.2961	38.7708	46.3900	416	465	-224	100837	0.41 
17.295	2015-01-01 00:03:49.000	-0.0732	0.0273	1.0190	0.4272	1.8311	-3.7842	2.1698	2.3291	38.6993	46.3500	412	466	-223	100838	0.41 
17.342	2015-01-01 00:03:49.040	-0.0835	0.0425	1.0308	0.9155	2.8076	-3.1738	2.1808	2.5049	38.5730	46.5400	413	466	-224	100837	0.41 
17.373	2015-01-01 00:03:49.080	-0.0786	0.0366	0.9878	0.4883	3.8452	-3.5400	2.2137	2.6532	38.4961	46.3900	412	465	-226	100838	0.41 
17.404	2015-01-01 00:03:49.120	-0.1021	0.0366	1.0122	1.9531	7.6904	-3.1128	2.2742	2.9773	38.3972	46.3000	411	465	-228	100837	0.41 
17.435	2015-01-01 00:03:49.160	-0.1123	0.0259	0.9956	2.5635	9.3384	-3.6621	2.3456	3.3948	38.2983	46.3500	412	464	-226	100837	0.41 
17.498	2015-01-01 00:03:49.200	-0.1353	0.0396	0.9995	4.2114	12.4512	-4.0283	2.4609	3.9331	38.1775	46.3900	414	464	-224	100837	0.41 
17.529	2015-01-01 00:03:49.240	-0.1265	0.0508	0.9736	4.7607	16.4795	-2.8687	2.6477	4.5758	38.0951	46.3500	415	462	-220	100838	0.41 
17.560	2015-01-01 00:03:49.280	-0.1172	0.0493	0.9707	5.1880	25.6958	-2.8076	2.8510	5.4932	38.0621	46.3500	415	462	-221	100838	0.41 
17.607	2015-01-01 00:03:49.320	-0.0981	0.0620	0.8394	5.7983	34.4238	-0.3052	3.0707	6.6797	38.0566	46.3500	418	462	-222	100838	0.41 
17.638	2015-01-01 00:03:49.360	-0.1265	0.0752	0.8218	7.8125	58.7769	2.6855	3.4497	8.6243	38.2928	46.3500	418	463	-222	100837	0.41 
17.701	2015-01-01 00:03:49.400	-0.2373	0.0483	0.8594	6.7139	68.9697	-3.9063	3.7354	11.2555	38.3972	46.3500	420	462	-224	100837	0.41 
17.779	2015-01-01 00:03:49.440	-0.2505	0.0811	0.8159	9.7046	76.5991	1.7700	4.1364	14.2657	38.4686	46.3500	427	458	-225	100837	0.41 
17.810	2015-01-01 00:03:49.480	-0.2690	0.1328	0.8398	6.8359	79.9561	16.6626	4.7461	17.4188	39.0948	46.3000	433	458	-226	100837	0.41 
17.810	2015-01-01 00:03:49.520	-0.3120	0.0801	0.8374	2.6855	74.0967	17.3950	5.3284	20.4126	40.1111	46.4900	444	459	-226	100837	0.41 
17.857	2015-01-01 00:03:49.560	-0.2925	0.0522	0.7427	3.5400	78.7964	13.1836	5.7294	23.3844	40.9076	46.3900	452	457	-229	100837	0.41 
17.904	2015-01-01 00:03:49.600	-0.3672	0.0557	0.7539	0.7935	73.8525	9.4604	6.2018	26.3013	41.6986	46.5400	454	455	-231	100837	0.41 
17.935	2015-01-01 00:03:49.640	-0.4258	0.0850	0.8164	-2.2583	69.4580	-1.4648	6.2677	29.2072	41.8579	46.4900	466	454	-225	100837	0.41 
17.982	2015-01-01 00:03:49.680	-0.4048	0.1089	0.7231	-4.0894	58.7769	3.7842	6.3995	31.5692	42.1545	46.3900	474	454	-225	100837	0.41 
18.029	2015-01-01 00:03:49.720	-0.4917	0.0645	0.8091	-5.3711	47.6074	-11.2915	6.2183	33.6292	42.0007	46.5400	478	455	-225	100837	0.41 
18.076	2015-01-01 00:03:49.760	-0.4136	0.0205	0.6851	-2.6855	35.7056	-9.6436	5.7898	35.1563	41.5063	46.3900	487	452	-222	100837	0.41 
18.139	2015-01-01 00:03:49.800	-0.6416	0.0732	0.8540	-0.2441	35.5225	-16.6016	5.3833	36.6504	40.8032	46.3900	494	452	-213	100837	0.41 
18.154	2015-01-01 00:03:49.840	-0.6670	0.1060	0.8882	-2.6855	15.3198	-13.8550	4.9933	37.6282	39.9847	46.3900	498	452	-209	100837	0.41 
18.185	2015-01-01 00:03:49.880	-0.7388	0.0381	0.9136	-5.1880	9.9487	-17.4561	4.3616	38.2050	39.0289	46.3500	497	457	-210	100837	0.41 
18.232	2015-01-01 00:03:49.920	-0.7998	0.0669	0.9429	-9.8877	5.5542	-18.3105	3.4827	38.6224	37.9138	46.4900	500	458	-210	100837	0.41 
18.279	2015-01-01 00:03:49.960	-0.8267	0.0801	0.9805	-11.3525	0.7324	-10.6812	2.6093	38.8312	36.9745	46.4900	498	459	-210	100838	0.41 
18.342	2015-01-01 00:03:50.000	-0.8340	0.0332	0.9526	-10.0708	-16.4185	-0.7935	2.0874	38.5236	36.5515	46.4900	496	462	-207	100838	0.41 
18.373	2015-01-01 00:03:50.040	-0.8076	0.0054	0.9409	-8.9111	-28.0151	-0.6104	1.6809	37.6941	36.3208	46.4900	493	462	-207	100838	0.41 
18.420	2015-01-01 00:03:50.080	-0.7563	0.0073	0.8696	-6.9580	-39.7339	-1.4648	1.2579	36.4032	35.9692	46.3900	491	462	-206	100838	0.41 
18.451	2015-01-01 00:03:50.120	-0.7007	0.0083	0.8545	-2.7466	-47.3022	4.8828	1.1261	34.7278	35.8374	46.5400	489	462	-208	100838	0.41 
18.514	2015-01-01 00:03:50.160	-0.7734	0.0137	1.0444	1.8311	-38.2690	4.9438	1.1426	33.0469	35.8209	46.5900	488	462	-208	100838	0.41 
18.545	2015-01-01 00:03:50.200	-0.7280	0.0923	1.2261	-2.1973	-56.2134	11.0474	1.5161	31.2726	36.1725	46.5400	485	464	-210	100838	0.41 
18.576	2015-01-01 00:03:50.240	-0.4897	0.0269	0.9604	-8.3008	-55.1758	4.1504	1.3074	28.8940	36.3373	46.3900	478	466	-212	100839	0.41 
18.607	2015-01-01 00:03:50.280	-0.3579	0.0591	0.9219	1.0986	-45.7153	8.3008	1.3898	26.7627	36.6504	46.3500	474	468	-212	100839	0.41 
18.654	2015-01-01 00:03:50.320	-0.3491	0.0210	0.9224	6.8359	-44.6777	9.9487	1.7523	24.8785	37.0459	46.3000	475	467	-214	100839	0.41 
18.717	2015-01-01 00:03:50.360	-0.3096	0.0386	0.9155	8.4229	-44.3726	2.8687	2.1368	22.9944	37.2986	46.3500	471	467	-216	100839	0.41 
18.748	2015-01-01 00:03:50.400	-0.2900	0.0322	0.9268	8.6060	-42.1143	1.7700	2.4939	21.1322	37.3206	46.4900	468	465	-220	100839	0.41 
18.779	2015-01-01 00:03:50.440	-0.2866	0.0493	0.9648	3.9063	-36.0718	4.0283	2.7521	19.5007	37.4469	46.5400	464	466	-223	100839	0.40 
18.826	2015-01-01 00:03:50.480	-0.2974	0.0649	0.9966	1.1597	-32.5928	3.5400	2.8839	18.0615	37.5623	46.3500	461	469	-226	100839	0.40 
18.857	2015-01-01 00:03:50.520	-0.3096	0.0601	1.0220	-0.1831	-29.2358	5.9814	2.9663	16.8146	37.7600	46.3900	458	469	-226	100839	0.40 
18.920	2015-01-01 00:03:50.560	-0.2954	0.0581	1.0220	0.7935	-27.7710	4.3945	3.0322	15.6830	37.9358	46.3500	456	467	-227	100839	0.40 
18.952	2015-01-01 00:03:50.600	-0.2725	0.0820	0.9746	1.6479	-25.2075	3.9063	3.1201	14.6393	38.0402	46.3500	455	465	-230	100840	0.40 
19.014	2015-01-01 00:03:50.640	-0.2402	0.0742	0.9585	2.4414	-19.5923	2.1973	3.2574	13.7439	38.1335	46.4900	452	463	-228	100839	0.40 
19.045	2015-01-01 00:03:50.680	-0.2236	0.0728	0.9648	1.2817	-15.8691	3.9673	3.3948	13.0408	38.2599	46.3900	447	464	-226	100839	0.40 
19.077	2015-01-01 00:03:50.720	-0.2310	0.0552	0.9873	0.0610	-13.8550	1.7090	3.4277	12.4750	38.3588	46.3500	441	466	-225	100840	0.40 
19.155	2015-01-01 00:03:50.760	-0.2339	0.0591	1.0005	-0.5493	-13.8550	0.1831	3.4167	11.9531	38.3643	46.3900	444	466	-226	100840	0.40 
19.155	2015-01-01 00:03:50.800	-0.2153	0.0723	0.9951	-1.9531	-12.5122	-0.6714	3.3673	11.4313	38.3368	46.5400	445	465	-226	100840	0.40 
19.217	2015-01-01 00:03:50.840	-0.2158	0.0776	0.9990	-0.9766	-11.0474	1.2207	3.3344	11.0083	38.3533	46.3500	445	462	-227	100840	0.40 
19.249	2015-01-01 00:03:50.880	-0.1968	0.0664	0.9863	-0.4883	-9.2163	1.5869	3.3234	10.6238	38.4357	46.4900	444	462	-228	100840	0.40 
19.280	2015-01-01 00:03:50.920	-0.1855	0.0635	0.9824	-0.6714	-6.7749	1.1597	3.3234	10.3217	38.5016	46.2000	443	463	-228	100840	0.40 
19.342	2015-01-01 00:03:50.960	-0.1802	0.0625	1.0146	-0.6714	-5.6763	-0.6714	3.2959	10.0909	38.5236	46.3500	442	464	-226	100840	0.40 
19.389	2015-01-01 00:03:51.000	-0.1851	0.0625	1.0156	-0.4883	-3.4180	-1.0376	3.2684	9.9097	38.5071	46.2000	442	466	-225	100840	0.40 
19.405	2015-01-01 00:03:51.040	-0.1714	0.0610	0.9937	-1.7700	0.0000	-2.5024	3.2190	9.8383	38.4741	46.3500	441	468	-227	100841	0.40 
19.451	2015-01-01 00:03:51.080	-0.1743	0.0703	1.0020	-0.7935	-5.0049	-1.4038	3.1641	9.7394	38.4027	46.2000	439	466	-228	100841	0.40 
19.482	2015-01-01 00:03:51.120	-0.1670	0.0659	0.9980	-1.4038	-1.8311	-0.7324	3.1256	9.6021	38.3972	46.3500	436	467	-230	100841	0.40 
19.545	2015-01-01 00:03:51.160	-0.1738	0.0605	0.9976	-0.2441	0.7324	-0.9155	3.0927	9.6021	38.3862	46.4900	434	468	-233	100841	0.40 
19.576	2015-01-01 00:03:51.200	-0.1768	0.0586	0.9912	-0.3662	0.4883	0.2441	3.0927	9.6295	38.3972	46.1500	436	467	-232	100841	0.40 
19.607	2015-01-01 00:03:51.240	-0.1611	0.0488	0.9922	-0.3052	2.9297	-0.6714	3.0817	9.7009	38.4357	46.2000	436	468	-230	100841	0.40 
19.655	2015-01-01 00:03:51.280	-0.1655	0.0435	0.9883	0.2441	5.8594	-1.8311	3.0542	9.8712	38.4247	46.3000	441	466	-225	100841	0.40 
19.686	2015-01-01 00:03:51.320	-0.1533	0.0684	0.9819	0.5493	9.5215	-0.5493	3.0542	10.1459	38.4247	46.3500	440	467	-227	100841	0.40 
19.748	2015-01-01 00:03:51.360	-0.1709	0.0449	0.9858	0.4272	13.4888	0.1831	3.0872	10.6073	38.5016	46.1500	441	466	-227	100841	0.40 
19.795	2015-01-01 00:03:51.400	-0.1431	0.0405	0.9663	1.1597	22.5220	-3.3569	3.0927	11.2775	38.5126	46.3900	444	464	-226	100840	0.40 
19.811	2015-01-01 00:03:51.440	-0.1660	0.0596	0.9927	0.6714	30.0903	-5.2490	3.1091	12.3047	38.4357	46.0600	445	463	-226	100840	0.40 
19.857	2015-01-01 00:03:51.480	-0.1851	0.0640	1.0010	1.2207	34.0576	-8.4839	3.0981	13.5297	38.2654	46.2000	447	463	-227	100841	0.40 
19.889	2015-01-01 00:03:51.520	-0.1929	0.0454	0.9985	0.9155	39.4287	-9.5215	3.0872	14.9304	38.0347	46.3500	452	462	-228	100840	0.40 
19.951	2015-01-01 00:03:51.560	-0.2803	0.0464	1.0391	0.3662	44.0063	-14.4043	2.9553	16.6003	37.6337	46.3000	454	462	-228	100840	0.40 
19.983	2015-01-01 00:03:51.600	-0.3081	0.0605	1.0332	2.5635	54.1382	-13.5498	2.8729	18.5284	37.1942	46.3900	454	464	-225	100840	0.40 
20.014	2015-01-01 00:03:51.640	-0.4321	0.0474	1.0630	6.2866	61.8286	-10.3149	2.9443	20.8411	36.8207	46.3900	454	465	-224	100841	0.40 
20.061	2015-01-01 00:03:51.680	-0.6406	0.1279	1.1885	8.3008	57.3120	-2.3193	3.2245	23.4229	36.5955	46.3000	459	465	-225	100841	0.40 
20.107	2015-01-01 00:03:51.720	-0.5127	0.1304	1.0923	11.4136	44.1895	8.7891	3.8617	25.3674	36.9031	46.3900	465	461	-224	100840	0.40 
20.154	2015-01-01 00:03:51.760	-0.6250	0.0996	1.1621	8.4839	36.3159	9.0942	4.5813	27.0209	37.4469	46.5400	471	460	-224	100841	0.40 
20.201	2015-01-01 00:03:51.800	-0.6162	0.0894	1.0928	5.4932	21.1182	6.0425	5.0208	28.0920	37.7765	46.3500	477	460	-225	100841	0.40 
20.248	2015-01-01 00:03:51.840	-0.6309	0.1021	1.0957	4.0894	12.8784	4.6997	5.3558	28.7677	37.9962	46.2000	480	461	-222	100841	0.40 
20.326	2015-01-01 00:03:51.880	-0.6040	0.1133	1.0190	2.0142	0.4883	0.9155	5.5536	28.9929	38.0457	46.2000	482	463	-221	100841	0.40 
20.389	2015-01-01 00:03:51.920	-0.5923	0.1035	1.0093	1.0986	0.0000	2.1973	5.6744	29.0479	38.0237	46.3000	481	460	-218	100840	0.40 
20.421	2015-01-01 00:03:51.960	-0.5762	0.0786	0.9795	2.0752	-10.1318	1.6479	5.7349	28.8611	37.9962	46.3000	482	457	-220	100840	0.40 
20.452	2015-01-01 00:03:52.000	-0.5132	0.0923	0.9121	2.8076	-10.7422	-1.8921	5.8173	28.4381	37.8754	46.1500	483	455	-221	100840	0.40 
20.483	2015-01-01 00:03:52.040	-0.4751	0.0938	0.9136	-0.1221	-19.2871	-5.4932	5.7568	27.8723	37.5952	46.3500	486	456	-221	100840	0.40 
20.514	2015-01-01 00:03:52.080	-0.4302	0.0918	0.8652	-0.5493	-22.2778	-5.6763	5.5756	27.0264	37.2217	46.2000	483	456	-218	100840	0.40 
20.561	2015-01-01 00:03:52.120	-0.3950	0.0972	0.8423	-1.7090	-29.4800	-4.8218	5.4218	25.9827	36.9031	46.2000	481	456	-216	100839	0.40 
20.592	2015-01-01 00:03:52.160	-0.3574	0.0679	0.7725	-2.4414	-26.9775	-10.4370	5.0977	24.8566	36.4362	46.3500	481	458	-221	100839	0.40 
20.624	2015-01-01 00:03:52.200	-0.3359	0.0933	0.7773	-2.6855	-35.4004	-6.2866	4.8285	23.6041	35.9692	46.3900	475	459	-222	100839	0.40 
20.655	2015-01-01 00:03:52.240	-0.3315	0.0664	0.7798	-2.6245	-34.4849	-7.0801	4.5758	22.2418	35.5847	46.3500	472	460	-224	100839	0.40 
20.686	2015-01-01 00:03:52.280	-0.3008	0.0850	0.7720	-0.7324	-38.4521	-1.2817	4.4330	20.7861	35.3210	46.1500	467	459	-223	100839	0.40 
20.718	2015-01-01 00:03:52.320	-0.3208	0.0908	0.8218	-4.0283	-41.2598	-0.3662	4.3561	19.2151	35.2716	46.3500	461	458	-219	100839	0.40 
20.811	2015-01-01 00:03:52.360	-0.2954	0.0747	0.7979	-6.1035	-47.0581	-1.6479	4.1254	17.5012	35.1343	46.2000	458	458	-218	100839	0.40 
20.811	2015-01-01 00:03:52.400	-0.2437	0.0601	0.7773	-6.4697	-41.3818	-4.3335	3.8232	15.7324	34.9585	46.2000	455	456	-222	100839	0.41 
20.842	2015-01-01 00:03:52.440	-0.3008	0.0566	0.8633	-8.1787	-47.9126	-1.2207	3.4827	14.0680	34.8047	46.3500	455	455	-222	100838	0.41 
20.889	2015-01-01 00:03:52.480	-0.2500	0.0552	0.8315	-8.6670	-38.8184	-1.8921	3.0817	12.4640	34.7003	46.2000	452	457	-223	100838	0.41 
20.920	2015-01-01 00:03:52.520	-0.2378	0.0830	0.9019	-5.4932	-32.6538	6.4697	2.8455	11.1566	34.8267	46.2000	447	459	-221	100838	0.41 
20.998	2015-01-01 00:03:52.560	-0.2275	0.0415	0.9575	-5.3101	-32.1045	6.9580	2.7136	9.9646	35.1617	46.1500	441	463	-222	100837	0.41 
21.030	2015-01-01 00:03:52.600	-0.1934	0.0337	0.9360	-3.5400	-24.9023	7.4463	2.5488	8.8879	35.4803	46.3000	438	463	-222	100838	0.41 
21.061	2015-01-01 00:03:52.640	-0.1738	0.0430	0.9653	-1.8311	-20.0806	7.0801	2.4829	8.0695	35.8374	46.2000	437	462	-226	100837	0.41 
21.108	2015-01-01 00:03:52.680	-0.1357	0.0376	0.9790	-2.4414	-21.6675	6.5918	2.4335	7.2455	36.1890	46.3500	437	467	-226	100837	0.41 
21.139	2015-01-01 00:03:52.720	-0.1260	0.0303	0.9736	-2.0142	-18.5547	6.1035	2.3511	6.4215	36.4966	46.3000	435	465	-224	100837	0.41 
21.201	2015-01-01 00:03:52.760	-0.1494	0.0503	1.0195	-2.4414	-19.1650	5.7983	2.3126	5.7623	36.8042	46.3900	434	464	-224	100836	0.41 
21.217	2015-01-01 00:03:52.800	-0.1050	0.0615	0.9712	-1.9531	-8.1177	5.1270	2.2522	5.2130	37.0624	46.2000	434	464	-225	100836	0.41 
21.311	2015-01-01 00:03:52.840	-0.1299	0.0439	1.0098	-0.4883	-2.9297	6.5918	2.2632	5.0867	37.4030	46.4900	434	464	-225	100836	0.41 
21.311	2015-01-01 00:03:52.880	-0.1279	0.0171	1.0298	-0.6714	-3.4180	3.2959	2.2247	5.0317	37.6611	46.3000	433	466	-226	100835	0.41 
21.342	2015-01-01 00:03:52.920	-0.1006	0.0103	1.0039	0.0610	-7.9956	-1.8311	2.1863	4.8120	37.7435	46.3500	431	462	-227	100836	0.41 
21.405	2015-01-01 00:03:52.960	-0.0703	0.0327	1.0034	0.7935	-4.9438	-3.7231	2.1698	4.5483	37.6886	46.3500	430	461	-227	100836	0.41 
21.420	2015-01-01 00:03:53.000	-0.0820	0.0532	1.0215	0.3662	-5.1270	-4.9438	2.1973	4.3726	37.6007	46.3000	430	463	-224	100836	0.41 
21.467	2015-01-01 00:03:53.040	-0.0815	0.0645	1.0146	0.4272	-2.3804	-5.0659	2.2247	4.2517	37.4634	46.3900	430	460	-219	100835	0.41 
21.514	2015-01-01 00:03:53.080	-0.0884	0.0581	1.0210	1.0376	-1.4038	-2.6855	2.2632	4.1968	37.3920	46.4900	430	459	-218	100836	0.41 
21.545	2015-01-01 00:03:53.120	-0.0884	0.0474	1.0215	-0.5493	-4.5166	-4.5166	2.2961	4.0979	37.3535	46.3900	429	460	-220	100835	0.41 
21.608	2015-01-01 00:03:53.160	-0.0669	0.0435	1.0142	0.4883	-2.4414	-6.2866	2.2797	3.9661	37.2052	46.3000	429	460	-223	100836	0.41 
21.686	2015-01-01 00:03:53.200	-0.0708	0.0542	1.0200	0.7935	-1.8311	-4.0894	2.3016	3.8837	37.1008	46.3000	427	461	-225	100835	0.41 
21.686	2015-01-01 00:03:53.240	-0.0762	0.0522	1.0186	0.9155	-2.0142	-2.6855	2.3401	3.8342	37.0514	46.2000	429	461	-225	100835	0.41 
21.717	2015-01-01 00:03:53.280	-0.0708	0.0425	1.0117	0.9766	-1.2817	-1.5259	2.3785	3.7738	37.0624	46.2000	432	463	-226	100835	0.41 
21.748	2015-01-01 00:03:53.320	-0.0781	0.0542	1.0249	0.9766	-1.4648	0.0000	2.4225	3.7463	37.1283	46.3500	431	463	-225	100835	0.41 
21.811	2015-01-01 00:03:53.360	-0.0864	0.0596	1.0254	-0.1221	0.6714	-0.7935	2.4445	3.7683	37.2107	46.3500	430	462	-226	100836	0.41 
21.842	2015-01-01 00:03:53.400	-0.0684	0.0493	1.0049	0.4883	-0.6104	2.0142	2.4609	3.7354	37.3425	46.3500	430	460	-220	100836	0.41 
21.873	2015-01-01 00:03:53.440	-0.0981	0.0547	1.0117	-0.1221	3.6621	0.6104	2.4829	3.8287	37.4963	46.3500	430	461	-220	100836	0.41 
21.920	2015-01-01 00:03:53.480	-0.0903	0.0273	1.0093	0.0610	1.8921	-1.0376	2.4774	3.9496	37.5732	46.5400	428	459	-225	100835	0.41 
21.983	2015-01-01 00:03:53.520	-0.0913	0.0244	1.0034	0.5493	4.1504	-3.0518	2.4719	4.1089	37.5842	46.3000	427	459	-229	100836	0.41 
22.014	2015-01-01 00:03:53.560	-0.1147	0.0293	0.9912	2.5024	11.7188	-6.7139	2.5104	4.4550	37.5018	46.3900	426	459	-228	100835	0.41 
22.045	2015-01-01 00:03:53.600	-0.1475	0.0396	0.9805	3.6011	14.3433	-9.8877	2.5873	5.0977	37.2272	46.3900	428	460	-228	100835	0.41 
22.092	2015-01-01 00:03:53.640	-0.1416	0.0420	0.9634	3.5400	20.6909	-13.6719	2.6862	5.8832	36.8536	46.2000	430	462	-228	100835	0.41 
22.123	2015-01-01 00:03:53.680	-0.1689	0.0542	0.9238	4.2114	28.5034	-14.7705	2.7905	6.9873	36.3867	46.3500	430	463	-227	100835	0.41 
22.186	2015-01-01 00:03:53.720	-0.1851	0.0356	0.8574	5.1880	41.9312	-19.8364	2.9004	8.5474	35.8319	46.3900	429	460	-225	100835	0.41 
22.218	2015-01-01 00:03:53.760	-0.2192	0.0693	0.8633	8.2397	48.0957	-15.5029	3.0597	10.5359	35.2277	45.9600	428	458	-224	100835	0.41 
22.249	2015-01-01 00:03:53.800	-0.2002	0.0864	0.8208	8.3618	57.8003	-10.4370	3.4003	12.7002	34.9365	46.4900	434	460	-224	100836	0.41 
22.280	2015-01-01 00:03:53.840	-0.2461	0.1206	0.8320	6.5918	70.8008	2.0142	3.7848	15.3534	34.9805	46.4900	433	462	-226	100836	0.41 
22.330	2015-01-01 00:03:53.880	-0.3394	0.1318	0.8862	4.4556	65.6738	10.0098	4.2682	18.1659	35.5463	46.3900	433	464	-228	100836	0.41 
22.389	2015-01-01 00:03:53.920	-0.3115	0.0679	0.8374	0.7324	55.7251	6.5918	4.6088	20.4675	36.1285	46.5400	444	460	-225	100836	0.41 
22.421	2015-01-01 00:03:53.960	-0.3774	0.0596	0.8091	0.9766	54.6265	2.0752	4.7351	22.7911	36.4471	46.3500	456	461	-224	100836	0.41 
22.467	2015-01-01 00:03:54.000	-0.3618	0.0381	0.7764	2.7466	53.2837	-0.1221	4.8669	24.8676	36.6833	46.3500	462	462	-223	100837	0.41 
22.498	2015-01-01 00:03:54.040	-0.4087	0.1055	0.8057	0.6104	47.6685	2.3193	5.0757	26.9550	36.8976	46.3500	468	459	-220	100837	0.41 
22.545	2015-01-01 00:03:54.080	-0.3745	0.0874	0.6807	2.6245	45.3491	2.4414	5.3009	28.6743	37.1558	46.5400	473	457	-222	100837	0.41 
22.592	2015-01-01 00:03:54.120	-0.5371	0.1050	0.9092	6.8359	47.5464	9.2163	5.8008	30.6519	37.5732	46.3500	478	457	-220	100837	0.41 
22.655	2015-01-01 00:03:54.160	-0.4683	0.0239	0.8140	3.6621	36.9263	-1.8311	6.2018	32.1130	37.9468	46.3000	483	458	-218	100837	0.41 
22.670	2015-01-01 00:03:54.200	-0.5605	0.1650	0.8774	5.0659	43.6401	-1.1597	6.3885	33.7665	37.8479	46.2000	484	462	-217	100838	0.41 
22.701	2015-01-01 00:03:54.240	-0.5913	0.1499	0.8838	0.2441	24.5361	3.6011	6.7731	35.0629	38.1226	46.3000	489	462	-218	100838	0.41 
22.748	2015-01-01 00:03:54.280	-0.6016	0.0674	0.8081	0.3052	35.6445	1.4648	6.9269	36.2109	38.2874	46.4900	494	459	-215	100838	0.41 
22.842	2015-01-01 00:03:54.320	-0.6602	0.0635	0.8696	-1.4648	28.1982	-4.6997	6.9379	37.5073	38.2544	46.3000	496	458	-213	100838	0.41 
22.842	2015-01-01 00:03:54.360	-0.7280	0.0947	0.8711	0.6104	33.9966	-13.7329	6.6248	38.7158	37.7216	46.5900	501	456	-214	100838	0.41 
22.873	2015-01-01 00:03:54.400	-0.7739	0.1499	0.9419	0.4883	6.4087	-4.3945	6.4984	39.6167	37.2491	46.3900	499	452	-209	100838	0.41 
22.920	2015-01-01 00:03:54.440	-0.7598	0.0742	0.8276	4.2114	13.9771	-4.3335	6.4600	39.9573	36.9031	46.4900	498	450	-207	100839	0.41 
22.967	2015-01-01 00:03:54.480	-0.8276	0.1465	0.9585	1.7090	-5.2490	-3.2959	6.5039	40.3143	36.6064	46.3000	502	453	-206	100839	0.40 
23.030	2015-01-01 00:03:54.520	-0.7485	0.1367	0.8242	-1.0986	-8.1787	-3.6621	6.4050	39.9298	36.2164	46.4900	505	454	-208	100839	0.41 
23.061	2015-01-01 00:03:54.560	-0.8193	0.1182	0.8770	-4.1504	-26.3062	1.9531	6.2842	39.3420	35.9473	46.4900	506	457	-211	100839	0.40 
23.108	2015-01-01 00:03:54.600	-0.7490	0.0996	0.7681	-4.9438	-39.5508	-0.3052	6.0425	38.0292	35.6396	46.4900	502	456	-212	100839	0.40 
23.139	2015-01-01 00:03:54.640	-0.6519	0.0898	0.7451	-4.5166	-52.6123	-2.9907	5.6744	36.2714	35.1178	46.4900	499	461	-210	100840	0.40 
23.201	2015-01-01 00:03:54.680	-0.6245	0.0928	0.8208	-6.5308	-52.6733	1.5869	5.3119	34.2059	34.7662	46.4900	495	462	-211	100840	0.40 
23.233	2015-01-01 00:03:54.720	-0.7744	0.1714	1.2197	-3.7231	-63.6597	2.0752	5.1141	32.1515	34.5740	46.3900	491	461	-214	100840	0.40 
23.264	2015-01-01 00:03:54.760	-0.4385	0.0195	0.9175	-9.7656	-80.0781	4.7607	4.7186	28.9160	34.4861	46.3500	486	461	-216	100840	0.40 
23.311	2015-01-01 00:03:54.800	-0.3750	0.0166	1.0454	-1.2207	-80.2002	-0.9155	4.3396	25.7135	34.3652	46.3000	482	460	-218	100840	0.40 
23.342	2015-01-01 00:03:54.840	-0.1895	0.0396	0.9082	-4.5166	-74.8901	4.5776	4.1473	22.3022	34.3542	46.8300	476	461	-222	100840	0.40 
23.405	2015-01-01 00:03:54.880	-0.3223	0.0723	1.0195	-8.7280	-56.7017	2.3804	3.8562	19.7369	34.5135	46.3500	473	464	-221	100841	0.40 
23.437	2015-01-01 00:03:54.920	-0.2275	0.0864	1.0088	-6.4087	-59.0820	2.0752	3.5156	17.3199	34.5465	46.3900	467	460	-223	100841	0.40 
23.468	2015-01-01 00:03:54.960	-0.1499	0.1133	0.9971	-1.0376	-49.6216	7.3853	3.4827	14.9744	34.7992	46.2000	457	463	-227	100841	0.40 
23.530	2015-01-01 00:03:55.000	-0.1602	0.1040	1.0220	2.3193	-40.4053	5.9204	3.6200	13.1012	35.1178	46.5400	450	464	-225	100841	0.40 
23.562	2015-01-01 00:03:55.040	-0.1777	0.0874	1.0229	2.6245	-33.4473	8.0566	3.8068	11.5796	35.4309	46.1500	448	464	-227	100841	0.40 
23.608	2015-01-01 00:03:55.080	-0.1675	0.0356	0.9668	2.1362	-20.1416	3.1128	3.9111	10.4810	35.7166	46.0100	446	465	-228	100841	0.40 
23.655	2015-01-01 00:03:55.120	-0.1353	0.0400	0.9712	1.3428	-15.3809	-3.4180	3.9111	9.7614	35.7550	46.2000	447	463	-227	100841	0.40 
23.671	2015-01-01 00:03:55.160	-0.1270	0.0737	0.9800	-0.5493	-9.5215	-4.3335	3.8837	9.2340	35.6781	46.4900	445	464	-228	100841	0.40 
23.717	2015-01-01 00:03:55.200	-0.1704	0.0947	1.0327	-0.9766	-1.6479	-2.8076	3.8617	9.0472	35.6451	46.2000	438	463	-231	100841	0.40 
23.748	2015-01-01 00:03:55.240	-0.1904	0.0972	1.0254	-0.6714	-6.5918	-0.5493	3.8507	8.9044	35.6561	46.3500	434	460	-236	100842	0.40 
23.811	2015-01-01 00:03:55.280	-0.1636	0.0835	0.9897	0.3052	-8.9722	1.5259	3.8892	8.5968	35.7550	46.5400	432	461	-237	100842	0.40 
23.842	2015-01-01 00:03:55.320	-0.1514	0.0713	0.9922	-0.0610	-5.3101	0.1221	3.9111	8.3276	35.8813	46.2000	436	461	-235	100842	0.40 
23.889	2015-01-01 00:03:55.360	-0.1563	0.0776	1.0029	-0.2441	-6.1646	-3.2349	3.8947	8.1079	35.8923	46.3900	440	461	-235	100842	0.40 
23.937	2015-01-01 00:03:55.400	-0.1489	0.0835	0.9946	-0.7935	-5.7983	-4.8828	3.8507	7.8882	35.8044	46.3500	438	463	-235	100842	0.40 
23.968	2015-01-01 00:03:55.440	-0.1309	0.0884	0.9966	-0.7935	-3.4790	-3.5400	3.8177	7.7289	35.7275	46.2000	436	464	-231	100842	0.40 
24.062	2015-01-01 00:03:55.480	-0.1353	0.0752	1.0059	-0.6104	-1.0376	-2.1362	3.7848	7.6630	35.7166	46.2000	433	462	-229	100842	0.40 
24.062	2015-01-01 00:03:55.520	-0.1396	0.0649	1.0176	-0.5493	1.5869	-1.6479	3.7518	7.6959	35.7495	46.1500	433	463	-228	100842	0.40 
24.093	2015-01-01 00:03:55.560	-0.1318	0.0654	1.0039	-0.3662	1.2207	-1.8921	3.7079	7.7563	35.7825	46.4900	433	463	-229	100842	0.40 
24.123	2015-01-01 00:03:55.600	-0.1338	0.0620	0.9937	0.3052	1.8921	-1.0986	3.6914	7.8168	35.8374	46.3500	434	463	-229	100842	0.40 
24.171	2015-01-01 00:03:55.640	-0.1133	0.0684	0.9819	0.4883	3.2959	-1.0986	3.7079	7.8827	35.9198	46.3500	434	464	-230	100842	0.40 
24.249	2015-01-01 00:03:55.680	-0.1538	0.0723	1.0273	1.0986	1.5259	-0.4883	3.7408	8.0310	35.9912	46.5400	432	464	-230	100841	0.40 
24.249	2015-01-01 00:03:55.720	-0.1416	0.0723	1.0176	0.9155	1.9531	-1.0376	3.7848	8.0859	36.0736	46.1500	434	462	-226	100842	0.40 
24.295	2015-01-01 00:03:55.760	-0.1504	0.0742	0.9932	0.6714	4.5166	-1.0986	3.8287	8.2288	36.1340	46.3500	434	462	-227	100841	0.40 
24.342	2015-01-01 00:03:55.800	-0.1426	0.0786	0.9800	0.9766	5.9814	-0.8545	3.8837	8.4320	36.1945	46.2000	434	463	-228	100841	0.40 
24.390	2015-01-01 00:03:55.840	-0.1548	0.0771	1.0015	1.1597	7.3242	0.0000	3.9331	8.7177	36.2933	46.3000	434	461	-228	100841	0.40 
24.436	2015-01-01 00:03:55.880	-0.1514	0.0776	1.0044	0.7324	10.2539	1.0376	3.9771	9.0747	36.4197	46.2000	433	464	-227	100841	0.40 
24.483	2015-01-01 00:03:55.920	-0.1514	0.0679	0.9980	1.5869	12.2681	0.7935	4.0375	9.5142	36.5790	46.3000	436	464	-228	100841	0.40 
24.499	2015-01-01 00:03:55.960	-0.1250	0.0596	0.9839	2.3193	17.2729	-2.1362	4.1089	10.0525	36.6833	46.2000	439	462	-229	100841	0.40 
24.545	2015-01-01 00:03:56.000	-0.1401	0.0732	0.9868	2.7466	22.8882	-5.1270	4.1913	10.8215	36.6833	46.2000	439	460	-230	100841	0.40 
24.592	2015-01-01 00:03:56.040	-0.1680	0.0908	0.9819	3.2959	27.1606	-6.7139	4.2902	11.7773	36.5845	46.3500	440	464	-232	100841	0.40 
24.639	2015-01-01 00:03:56.080	-0.1851	0.0972	0.9634	3.4790	36.5601	-7.0190	4.4220	13.0298	36.4856	46.1500	441	466	-234	100841	0.40 
24.670	2015-01-01 00:03:56.120	-0.2334	0.0835	0.9663	2.9907	42.4194	-6.4697	4.5374	14.6173	36.4032	46.3500	441	464	-232	100842	0.40 
24.702	2015-01-01 00:03:56.160	-0.2734	0.1094	1.0005	-0.9766	44.5557	-3.9673	4.5758	16.3751	36.3647	46.2000	443	462	-230	100842	0.40 
24.749	2015-01-01 00:03:56.200	-0.2417	0.0884	0.9180	0.0000	49.3774	0.1221	4.6307	18.1604	36.5405	46.2000	445	459	-227	100842	0.40 
24.780	2015-01-01 00:03:56.240	-0.2856	0.0513	0.9858	0.9766	59.6313	-5.0049	4.6582	20.2753	36.6779	46.1500	452	460	-227	100842	0.40 
24.842	2015-01-01 00:03:56.280	-0.3018	0.0518	1.0483	6.0425	58.2886	-6.1035	4.7516	22.4890	36.6888	46.3000	461	458	-229	100842	0.40 
24.889	2015-01-01 00:03:56.320	-0.4312	0.0825	1.0791	17.4561	69.7632	3.0518	5.2295	24.8785	36.8701	46.2000	465	457	-230	100842	0.40 
24.937	2015-01-01 00:03:56.360	-0.7334	0.1724	1.1606	15.8691	59.3262	8.9722	6.3116	27.5702	37.4524	46.3500	472	459	-225	100842	0.40 
24.967	2015-01-01 00:03:56.400	-0.7012	0.1157	1.0410	6.5308	38.8794	5.0049	7.0038	29.4598	37.9028	46.3000	479	458	-223	100842	0.40 
24.999	2015-01-01 00:03:56.440	-0.7295	0.1606	1.0181	0.1831	38.8184	0.0000	7.3004	31.0858	38.0896	46.3500	486	454	-227	100841	0.40 
25.045	2015-01-01 00:03:56.480	-0.7319	0.1431	1.0161	-0.7935	27.3438	-7.2021	7.2729	32.5415	37.9083	46.2000	487	453	-223	100841	0.40 
25.077	2015-01-01 00:03:56.520	-0.7197	0.1519	1.0151	-0.7935	15.0146	-5.0659	7.1851	33.4039	37.6392	46.2000	486	452	-221	100841	0.40 
25.124	2015-01-01 00:03:56.560	-0.7173	0.1240	1.0063	1.7090	0.0000	-5.6152	7.0972	33.7335	37.3096	46.1500	488	452	-219	100841	0.40 
25.170	2015-01-01 00:03:56.600	-0.6924	0.1484	1.0039	1.7700	-2.4414	-3.0518	7.0807	33.7445	37.0129	46.3000	491	451	-216	100841	0.40 
25.202	2015-01-01 00:03:56.640	-0.6655	0.0938	0.9453	1.1597	-14.6484	-8.9722	6.9159	33.3655	36.5680	46.2000	493	451	-214	100841	0.40 
25.280	2015-01-01 00:03:56.680	-0.6787	0.1040	0.9512	2.6855	-22.7051	-13.3057	6.6357	32.7612	35.8813	46.1500	494	452	-213	100841	0.40 
25.311	2015-01-01 00:03:56.720	-0.5674	0.1699	0.8989	0.3662	-30.3345	-12.8174	6.3007	31.7560	35.0299	46.1500	493	453	-216	100841	0.40 
25.327	2015-01-01 00:03:56.760	-0.5283	0.1650	0.8730	0.1221	-34.8511	-4.0894	6.1523	30.4651	34.5465	46.3000	491	452	-216	100841	0.40 
25.374	2015-01-01 00:03:56.800	-0.4370	0.1416	0.7646	-3.4790	-35.7056	1.1597	6.1029	29.0259	34.3927	46.3500	489	453	-218	100841	0.40 
25.420	2015-01-01 00:03:56.840	-0.4146	0.1113	0.7490	-5.3711	-41.0156	3.0518	5.9436	27.5372	34.3542	46.3000	483	453	-221	100841	0.40 
25.484	2015-01-01 00:03:56.880	-0.3618	0.0933	0.7183	-7.2632	-43.5181	4.0894	5.7404	25.8618	34.4092	46.3000	481	456	-222	100840	0.40 
25.515	2015-01-01 00:03:56.920	-0.3823	0.0620	0.7344	-6.5918	-48.2788	1.8921	5.4382	24.0985	34.3817	46.2000	479	458	-223	100840	0.40 
25.546	2015-01-01 00:03:56.960	-0.3003	0.0786	0.6816	-7.6294	-53.5889	5.9204	5.1361	22.0386	34.3817	46.0600	473	459	-226	100840	0.40 
25.593	2015-01-01 00:03:57.000	-0.3145	0.0776	0.7510	-8.4229	-55.4810	4.2725	4.8450	19.9402	34.4806	46.2000	470	459	-227	100840	0.40 
25.624	2015-01-01 00:03:57.040	-0.2891	0.0776	0.7026	-7.5684	-53.4668	4.7607	4.5593	17.7979	34.5410	46.0600	467	459	-225	100840	0.40 
25.718	2015-01-01 00:03:57.080	-0.2886	0.0781	0.7324	-7.8735	-48.4619	4.0894	4.3066	15.9082	34.6509	46.0600	467	457	-224	100840	0.40 
25.718	2015-01-01 00:03:57.120	-0.2954	0.0410	0.8120	-9.0942	-41.4429	2.5635	3.9825	14.2712	34.7333	46.3500	464	456	-224	100840	0.40 
25.749	2015-01-01 00:03:57.160	-0.2808	0.0391	0.8730	-8.8501	-36.6821	1.5259	3.5596	12.8375	34.7772	46.3900	457	460	-227	100840	0.40 
25.796	2015-01-01 00:03:57.200	-0.2290	0.0400	0.9370	-5.9814	-33.3252	1.8311	3.2574	11.5302	34.8706	46.2000	451	460	-233	100840	0.40 
25.827	2015-01-01 00:03:57.240	-0.1987	0.0024	0.9668	-5.9204	-29.2969	-5.2490	2.9498	10.3217	34.8541	46.1500	446	459	-231	100839	0.40 
25.905	2015-01-01 00:03:57.280	-0.1836	0.0483	0.9883	-5.6763	-25.9399	-5.7983	2.6367	9.2780	34.6674	46.2000	444	458	-227	100839	0.40 
25.936	2015-01-01 00:03:57.320	-0.1748	0.0942	0.9678	-4.8218	-22.0947	-0.2441	2.4609	8.3826	34.6619	46.3000	439	460	-222	100839	0.40 
25.952	2015-01-01 00:03:57.360	-0.1509	0.0435	0.9609	-3.6621	-19.9585	1.5869	2.3181	7.5586	34.7992	46.2000	437	461	-224	100839	0.41 
26.014	2015-01-01 00:03:57.400	-0.1494	0.0015	1.0044	-2.1973	-17.9443	1.6479	2.1698	6.8610	34.9750	46.2000	432	462	-220	100839	0.41 
26.046	2015-01-01 00:03:57.440	-0.1309	-0.0117	1.0107	-0.6714	-13.3057	-7.6904	2.0270	6.2732	34.9695	46.1500	430	462	-218	100839	0.41 
26.109	2015-01-01 00:03:57.480	-0.1235	0.0366	1.0088	0.7324	-14.5264	-15.6250	1.9446	5.7843	34.5795	46.3500	431	463	-222	100839	0.41 
26.140	2015-01-01 00:03:57.520	-0.1045	0.1079	1.0039	1.1597	-12.1460	-10.5591	1.9830	5.2844	34.1455	46.2000	429	457	-222	100838	0.41 
26.171	2015-01-01 00:03:57.560	-0.1050	0.1021	1.0024	1.4038	-9.8877	-0.1221	2.1039	4.8615	34.1071	46.3900	428	454	-224	100838	0.41 
26.202	2015-01-01 00:03:57.600	-0.0991	0.0684	1.0229	1.5259	-4.9438	5.8594	2.2412	4.6198	34.4037	46.2000	426	458	-223	100838	0.41 
26.280	2015-01-01 00:03:57.640	-0.0952	0.0288	1.0322	0.0000	-5.8594	4.9438	2.2906	4.4275	34.7827	46.4900	426	462	-220	100838	0.41 
26.312	2015-01-01 00:03:57.680	-0.0767	0.0215	1.0039	0.7324	-4.1504	1.2817	2.2852	4.2078	35.0299	46.2000	426	465	-219	100838	0.41 
26.343	2015-01-01 00:03:57.720	-0.0874	0.0400	1.0210	0.6714	-1.8921	1.7700	2.3016	4.1144	35.2167	46.2000	424	463	-222	100838	0.41 
26.374	2015-01-01 00:03:57.760	-0.0840	0.0664	1.0137	0.3662	-1.4038	2.7466	2.3511	4.0594	35.4364	46.3500	425	463	-225	100838	0.41 
26.406	2015-01-01 00:03:57.800	-0.0854	0.0576	1.0068	0.4883	0.1221	4.3945	2.4060	4.0485	35.7056	46.3000	426	462	-225	100838	0.41 
26.483	2015-01-01 00:03:57.840	-0.0840	0.0361	1.0220	0.4272	0.6104	4.3335	2.4390	4.0814	36.0077	46.1500	428	463	-223	100838	0.41 
26.515	2015-01-01 00:03:57.880	-0.0732	0.0244	1.0225	0.5493	-0.9766	0.8545	2.4390	4.0759	36.2219	46.4900	427	463	-227	100838	0.41 
26.530	2015-01-01 00:03:57.920	-0.0557	0.0391	0.9976	0.1221	-0.1221	-0.6714	2.4390	4.0210	36.3373	46.1500	425	462	-228	100838	0.41 
26.577	2015-01-01 00:03:57.960	-0.0898	0.0518	1.0366	0.1831	-1.0986	-1.0986	2.4664	4.0485	36.4142	46.3500	427	464	-230	100838	0.41 
26.640	2015-01-01 00:03:58.000	-0.0674	0.0508	1.0146	-0.6714	-2.5635	-2.5024	2.4554	3.9441	36.4307	46.3500	426	464	-228	100838	0.41 
26.686	2015-01-01 00:03:58.040	-0.0791	0.0479	1.0068	0.0000	0.3662	-1.1597	2.4445	3.9331	36.4636	46.3500	425	462	-225	100838	0.41 
26.734	2015-01-01 00:03:58.080	-0.0737	0.0449	1.0225	0.3662	-0.5493	-1.8921	2.4554	3.9276	36.5131	46.2000	428	463	-225	100837	0.41 
26.765	2015-01-01 00:03:58.120	-0.0737	0.0444	1.0098	0.6714	0.1221	-1.8921	2.4664	3.9221	36.5405	46.3900	429	463	-226	100837	0.41 
26.796	2015-01-01 00:03:58.160	-0.0767	0.0576	1.0112	0.5493	1.1597	-1.7090	2.4939	3.9661	36.5735	46.3900	428	461	-224	100837	0.41 
26.827	2015-01-01 00:03:58.200	-0.0806	0.0479	1.0039	1.0376	3.2959	-0.9155	2.5269	4.0704	36.6284	46.3500	428	463	-224	100837	0.41 
26.859	2015-01-01 00:03:58.240	-0.0903	0.0654	1.0024	0.9155	6.5918	0.0610	2.5818	4.2957	36.7218	46.3000	427	463	-227	100837	0.41 
26.953	2015-01-01 00:03:58.280	-0.0889	0.0630	1.0073	1.0986	9.6436	0.4272	2.6477	4.6527	36.8427	46.4900	431	465	-224	100837	0.41 
26.953	2015-01-01 00:03:58.320	-0.0967	0.0591	1.0088	1.4648	11.4136	1.6479	2.7191	5.0812	37.0020	46.3500	431	461	-225	100837	0.41 
26.984	2015-01-01 00:03:58.360	-0.0889	0.0615	0.9795	2.7466	16.9678	2.4414	2.8235	5.6305	37.2162	46.3500	431	460	-226	100837	0.41 
27.046	2015-01-01 00:03:58.400	-0.1089	0.0488	0.9976	4.2114	23.4985	1.0376	2.9663	6.4655	37.4194	46.3900	432	460	-227	100837	0.41 
27.078	2015-01-01 00:03:58.440	-0.1528	0.0713	1.0137	7.2021	26.3062	1.7700	3.2300	7.4872	37.5952	46.3000	432	462	-227	100837	0.41 
27.124	2015-01-01 00:03:58.480	-0.1675	0.0625	0.9722	7.9346	29.1138	4.2725	3.5760	8.5913	37.8259	46.3000	433	462	-227	100837	0.41 
27.156	2015-01-01 00:03:58.520	-0.2261	0.0688	0.9844	8.5449	35.8276	1.0986	3.9441	10.0085	38.0676	46.3000	437	459	-229	100837	0.41 
27.218	2015-01-01 00:03:58.560	-0.2407	0.0635	0.9419	7.9956	30.5176	-0.4883	4.2792	11.3544	38.1555	46.4900	441	461	-230	100837	0.41 
27.233	2015-01-01 00:03:58.600	-0.2632	0.0903	0.8555	5.7983	39.4897	-0.2441	4.5758	12.8265	38.2434	46.1500	442	461	-231	100837	0.41 
27.264	2015-01-01 00:03:58.640	-0.2686	0.1138	0.8916	2.7466	39.9780	1.7700	4.8450	14.5569	38.3972	46.1500	447	459	-229	100837	0.41 
27.358	2015-01-01 00:03:58.680	-0.2725	0.0854	0.8843	-0.6104	31.3110	-0.7324	4.9658	15.9521	38.5840	46.3500	453	458	-226	100837	0.41 
27.374	2015-01-01 00:03:58.720	-0.2827	0.0215	0.8247	1.0986	43.0908	-11.8408	4.8340	17.5067	38.3917	46.5400	455	459	-226	100837	0.41 
27.405	2015-01-01 00:03:58.760	-0.3286	0.0537	0.8369	2.8076	43.1519	-9.5215	4.8010	19.3689	38.0731	46.3000	458	462	-227	100837	0.41 
27.453	2015-01-01 00:03:58.800	-0.3154	0.0723	0.7720	4.5776	52.1851	-14.5874	4.7955	21.3080	37.6666	46.2000	459	465	-229	100836	0.41 
27.483	2015-01-01 00:03:58.840	-0.3550	0.1113	0.7827	7.5684	50.5371	-7.3853	5.0153	23.4064	37.3590	46.3500	462	462	-225	100837	0.41 
27.562	2015-01-01 00:03:58.880	-0.3892	0.1123	0.7759	7.7515	52.1851	-4.8828	5.3778	25.5322	37.2656	46.3500	469	462	-222	100837	0.41 
27.577	2015-01-01 00:03:58.920	-0.3706	0.0908	0.7192	8.3618	50.4150	-1.7090	5.8337	27.5922	37.3315	46.2000	474	464	-221	100837	0.41 
27.608	2015-01-01 00:03:58.960	-0.4683	0.0991	0.8071	5.5542	55.9692	-4.6997	6.1908	29.7400	37.3810	46.2000	478	461	-220	100837	0.41 
27.655	2015-01-01 00:03:59.000	-0.4683	0.1074	0.7388	6.6528	54.1382	-0.0610	6.5149	31.8549	37.4304	46.3900	483	458	-217	100837	0.41 
27.686	2015-01-01 00:03:59.040	-0.6489	0.0884	0.9253	5.0049	55.4199	0.1831	7.0148	34.1785	37.7435	46.3500	486	456	-215	100837	0.41 
27.733	2015-01-01 00:03:59.080	-0.5166	0.1138	0.7710	4.6387	35.4004	-3.4180	7.1741	35.7825	37.7106	46.3900	494	454	-215	100837	0.41 
27.796	2015-01-01 00:03:59.120	-0.6826	0.1465	0.8955	5.7983	52.3071	9.8877	7.8168	37.5952	38.1445	46.3500	497	455	-213	100837	0.41 
27.811	2015-01-01 00:03:59.160	-0.6069	0.1504	0.7832	-2.1362	23.6816	6.5308	8.2507	38.8257	38.6719	46.3000	503	453	-213	100837	0.41 
27.859	2015-01-01 00:03:59.200	-0.7739	0.1382	0.8940	0.5493	33.6914	15.9912	8.8879	40.0507	39.4244	46.3000	506	453	-211	100837	0.41 
27.936	2015-01-01 00:03:59.240	-0.6719	0.0962	0.7949	-3.4180	6.5308	0.7935	9.0417	40.6000	39.7046	46.4900	512	453	-208	100838	0.41 
27.968	2015-01-01 00:03:59.280	-0.8008	0.1787	0.8877	0.9155	8.6060	10.0708	9.2999	41.0010	39.9023	46.2000	515	452	-206	100838	0.41 
27.999	2015-01-01 00:03:59.320	-0.7158	0.1240	0.7998	-5.4321	-15.5640	5.9204	9.4537	40.6769	40.1001	46.2000	516	448	-207	100838	0.41 
28.046	2015-01-01 00:03:59.360	-0.7744	0.1597	0.8042	-0.0610	-6.7749	9.8267	9.5856	40.2539	40.1935	46.5400	516	447	-212	100839	0.41 
28.093	2015-01-01 00:03:59.400	-0.8174	0.1338	0.8740	-4.3945	-28.5034	0.8545	9.6240	39.5563	40.1276	46.2000	517	443	-215	100838	0.41 
28.140	2015-01-01 00:03:59.440	-0.7788	0.1875	0.8589	-6.7749	-44.9829	-4.8218	9.1077	38.1610	39.4684	46.4900	515	443	-215	100839	0.40 
28.171	2015-01-01 00:03:59.480	-0.7129	0.2153	0.8154	-13.3667	-51.8188	-7.2021	8.4210	36.3208	38.6279	46.4900	512	449	-214	100839	0.40 
28.202	2015-01-01 00:03:59.520	-0.8384	0.1338	1.0752	-15.3809	-48.7061	-9.4604	7.3828	34.5190	37.7985	46.2000	507	450	-215	100839	0.40 
28.249	2015-01-01 00:03:59.560	-0.7339	0.1206	1.1470	-12.6343	-71.8384	-13.3057	6.2897	32.2119	36.7383	46.3000	503	452	-216	100840	0.40 
28.280	2015-01-01 00:03:59.600	-0.4536	0.0581	0.9790	-7.9346	-79.1626	-9.3994	5.4053	29.1412	35.9088	46.2000	495	455	-218	100840	0.40 
28.343	2015-01-01 00:03:59.640	-0.2666	0.0469	0.9370	-7.3242	-88.1958	-8.6670	4.7131	25.5322	35.2277	46.3900	488	458	-220	100840	0.40 
28.375	2015-01-01 00:03:59.680	-0.2139	0.0488	0.8916	-7.6294	-75.8667	0.9766	4.2242	21.9891	34.9860	46.3500	483	461	-220	100840	0.40 
28.437	2015-01-01 00:03:59.720	-0.3379	0.0659	1.0283	-6.8970	-67.0166	2.5635	3.8892	19.1986	35.0079	46.3500	474	461	-225	100840	0.40 
28.468	2015-01-01 00:03:59.760	-0.2446	0.0679	1.0122	-6.8970	-66.9556	0.7324	3.5760	16.4191	35.0079	46.3000	470	465	-229	100840	0.40 
28.500	2015-01-01 00:03:59.800	-0.1855	0.0806	1.0049	-5.7983	-55.5420	-0.3052	3.2904	13.9197	34.9915	46.3500	468	467	-231	100841	0.40 
28.578	2015-01-01 00:03:59.840	-0.1616	0.1104	1.0098	-3.2349	-43.8232	0.3052	3.1586	11.9202	35.0244	46.3000	455	463	-231	100841	0.40 
28.578	2015-01-01 00:03:59.880	-0.1147	0.0898	0.9761	-1.4648	-37.7197	1.3428	3.1146	10.2338	35.1068	46.4900	447	464	-230	100841	0.40 
28.640	2015-01-01 00:03:59.920	-0.1250	0.0669	1.0068	0.0000	-28.4424	5.6763	3.1476	8.8989	35.3265	46.2000	444	464	-230	100841	0.40 
28.671	2015-01-01 00:03:59.960	-0.0981	0.0576	0.9844	-1.2817	-26.0010	6.2256	3.1805	7.7509	35.6561	46.5400	441	465	-231	100841	0.40 
28.703	2015-01-01 00:04:0.000	-0.1362	0.0474	1.0239	-1.8311	-23.9868	8.8501	3.1366	6.7401	36.0352	46.3900	441	466	-227	100841	0.40 
28.796	2015-01-01 00:04:0.040	-0.1147	0.0410	0.9985	-1.8311	-29.3579	7.0190	3.0817	5.6580	36.4197	46.3500	439	466	-226	100841	0.40 
28.796	2015-01-01 00:04:0.080	-0.0693	0.0273	1.0005	-1.4648	-22.7051	6.2256	3.0103	4.6143	36.7712	46.4900	438	464	-228	100841	0.40 
28.827	2015-01-01 00:04:0.120	-0.0391	0.0625	1.0010	-0.7935	-16.9067	2.1362	2.9718	3.8232	36.9855	46.3000	434	464	-230	100841	0.40 
28.874	2015-01-01 00:04:0.160	-0.0439	0.0708	1.0386	-1.7700	-9.7046	2.7466	2.9443	3.3179	37.1667	46.3500	433	465	-229	100842	0.40 
28.906	2015-01-01 00:04:0.200	-0.0190	0.0669	0.9951	-2.0752	-8.9722	0.4883	2.8839	2.8619	37.3096	46.3500	432	466	-228	100841	0.40 
28.984	2015-01-01 00:04:0.240	-0.0146	0.0610	0.9897	-1.3428	-2.5024	-1.0376	2.8400	2.5983	37.3755	46.2000	432	464	-227	100841	0.40 
28.984	2015-01-01 00:04:0.280	-0.0400	0.0586	1.0249	-0.2441	-2.8076	-2.0752	2.8290	2.5104	37.4139	46.3500	430	464	-230	100841	0.40 
29.046	2015-01-01 00:04:0.320	-0.0386	0.0493	1.0161	-0.9155	-2.5635	-1.0376	2.8070	2.3730	37.4469	46.3000	432	464	-232	100841	0.40 
29.077	2015-01-01 00:04:0.360	-0.0503	0.0469	1.0054	-0.8545	-1.2817	-2.0752	2.7686	2.3016	37.4908	46.3000	436	463	-233	100841	0.40 
29.108	2015-01-01 00:04:0.400	-0.0586	0.0400	1.0190	-0.9766	1.0376	-4.2725	2.7136	2.3511	37.4689	46.3500	437	464	-233	100841	0.40 
29.155	2015-01-01 00:04:0.440	-0.0542	0.0479	1.0166	0.0000	5.0049	-6.1646	2.6807	2.4939	37.3535	46.2000	436	465	-231	100841	0.40 
29.187	2015-01-01 00:04:0.480	-0.0562	0.0605	1.0303	0.9155	3.4790	-2.9297	2.7136	2.6807	37.2931	46.3500	440	466	-228	100841	0.40 
29.233	2015-01-01 00:04:0.520	-0.0498	0.0605	1.0205	1.2817	2.0142	-1.0376	2.7740	2.7795	37.3370	46.3500	440	466	-227	100841	0.40 
29.281	2015-01-01 00:04:0.560	-0.0435	0.0586	1.0059	0.4272	2.9907	-1.5869	2.8125	2.8674	37.3920	46.3500	433	468	-228	100841	0.40 
29.312	2015-01-01 00:04:0.600	-0.0479	0.0571	1.0181	0.0000	2.3804	-1.4648	2.8290	2.9828	37.4249	46.2000	430	469	-229	100841	0.40 
29.390	2015-01-01 00:04:0.640	-0.0518	0.0586	1.0044	0.5493	3.6621	-1.4648	2.8510	3.0762	37.4579	46.3500	429	468	-230	100841	0.40 
29.422	2015-01-01 00:04:0.680	-0.0269	0.0581	0.9795	-0.1831	6.1035	-2.0752	2.8839	3.2245	37.5128	46.3000	429	467	-229	100842	0.40 
29.453	2015-01-01 00:04:0.720	-0.0796	0.0439	1.0356	0.7935	6.8359	-4.0894	2.8839	3.5541	37.4744	46.1500	429	465	-229	100842	0.40 
29.484	2015-01-01 00:04:0.760	-0.0537	0.0601	1.0190	1.1597	7.0801	-5.3101	2.9279	3.8287	37.3865	46.3000	430	464	-229	100842	0.40 
29.562	2015-01-01 00:04:0.800	-0.0366	0.0527	0.9849	1.8921	10.9863	-4.0894	2.9828	4.1309	37.3041	46.3900	429	466	-229	100842	0.40 
29.624	2015-01-01 00:04:0.840	-0.0532	0.0435	0.9971	3.4790	15.3809	-4.0894	3.0927	4.6637	37.2931	46.2000	431	472	-229	100842	0.40 
29.624	2015-01-01 00:04:0.880	-0.0430	0.0444	0.9990	4.1504	27.3438	-1.3428	3.2135	5.4602	37.3096	46.3900	433	472	-230	100842	0.40 
29.655	2015-01-01 00:04:0.920	-0.0371	0.0664	0.9937	3.8452	36.5601	-2.1362	3.4003	6.6852	37.4469	46.3500	434	468	-230	100843	0.40 
29.702	2015-01-01 00:04:0.960	-0.0664	0.0508	0.9736	4.8218	42.9077	-5.0049	3.5651	8.1683	37.5073	46.3000	435	465	-228	100843	0.40 
29.765	2015-01-01 00:04:1.000	-0.1177	0.0557	0.9941	6.6528	51.5747	-6.8970	3.7683	10.0140	37.4799	46.3500	437	464	-227	100843	0.40 
29.796	2015-01-01 00:04:1.040	-0.1499	0.0757	0.9619	7.2021	54.3823	-8.2397	4.0265	12.0740	37.3865	46.3000	443	464	-226	100843	0.40 
29.843	2015-01-01 00:04:1.080	-0.1782	0.0620	0.9326	8.2397	66.8335	-8.4839	4.3011	14.4470	37.2986	46.4900	448	462	-226	100843	0.40 
29.858	2015-01-01 00:04:1.120	-0.2524	0.0737	0.9556	7.5073	73.3032	-7.8125	4.5868	17.2815	37.2491	46.3000	454	462	-226	100843	0.40 
29.890	2015-01-01 00:04:1.160	-0.2339	0.0679	0.9150	7.6904	85.8154	-5.7373	4.8669	20.3577	37.2986	46.3500	461	463	-227	100843	0.40 
29.937	2015-01-01 00:04:1.200	-0.3569	0.0034	1.0239	7.8735	91.6138	-13.9160	5.0922	23.8458	37.2876	46.3900	465	457	-226	100843	0.40 
29.999	2015-01-01 00:04:1.240	-0.6304	0.2158	1.1948	9.2163	90.5151	-12.6953	5.2240	27.4768	36.8921	46.2000	469	457	-224	100843	0.40 
30.015	2015-01-01 00:04:1.280	-0.8735	0.2256	1.1367	6.7749	70.9229	6.8970	5.9821	30.7068	37.2107	46.2000	478	455	-220	100843	0.40 
30.062	2015-01-01 00:04:1.320	-0.8833	0.1284	1.0596	4.8218	57.9224	-2.8076	6.4270	33.4094	37.3920	46.2000	483	458	-220	100843	0.40 
30.108	2015-01-01 00:04:1.360	-0.7998	0.0864	0.9346	5.4932	57.4341	-9.0332	6.6412	35.7166	37.2272	46.2000	488	459	-218	100843	0.40 
30.140	2015-01-01 00:04:1.400	-0.8794	0.1621	0.9941	4.4556	46.4478	-7.9956	6.7731	38.0127	36.8866	46.3500	498	455	-215	100843	0.40 
30.202	2015-01-01 00:04:1.440	-0.8896	0.1465	0.9941	-0.0610	28.1372	-7.8735	6.8060	39.5453	36.5790	46.3000	505	455	-211	100843	0.40 
30.280	2015-01-01 00:04:1.480	-0.8364	0.1313	0.9639	-2.7466	9.2163	-7.3853	6.5588	40.2814	36.1615	46.5400	508	455	-209	100843	0.40 
30.280	2015-01-01 00:04:1.520	-0.8535	0.1201	0.9077	-3.1738	-4.6387	-3.6621	6.2897	40.3253	35.7660	46.2000	510	454	-208	100843	0.40 
30.327	2015-01-01 00:04:1.560	-0.7769	0.1255	0.8335	-6.1646	-22.7051	-7.4463	5.9271	39.7870	35.2826	46.3500	512	457	-207	100843	0.40 
30.374	2015-01-01 00:04:1.600	-0.6797	0.1230	0.8359	-7.8735	-33.0811	-8.5449	5.3229	38.8147	34.6014	46.2000	509	456	-207	100843	0.40 
30.405	2015-01-01 00:04:1.640	-0.6294	0.0576	0.7739	-6.3477	-61.0962	-2.5635	4.8120	36.8866	34.0851	46.4900	509	456	-208	100843	0.40 
30.437	2015-01-01 00:04:1.680	-0.5400	-0.0005	0.7036	-8.6670	-51.3306	-2.0142	4.2462	34.7333	33.7170	46.3500	507	455	-209	100843	0.40 
30.484	2015-01-01 00:04:1.720	-0.4341	0.0327	0.6606	-12.2070	-72.1436	-9.4604	3.5046	32.2559	33.2281	46.3500	505	456	-210	100842	0.40 
30.530	2015-01-01 00:04:1.760	-0.3696	0.0791	0.5840	-9.0332	-74.1577	-8.6060	2.7191	29.4049	32.5580	46.1500	494	460	-213	100842	0.40 
30.577	2015-01-01 00:04:1.800	-0.3442	0.0635	0.5894	-1.5869	-68.9697	1.8921	2.5214	26.6254	32.3602	46.3000	486	460	-213	100842	0.40 
30.640	2015-01-01 00:04:1.840	-0.3262	0.0142	0.6343	-0.3052	-75.3174	7.4463	2.5598	23.7799	32.5470	46.3500	480	458	-214	100842	0.40 
30.655	2015-01-01 00:04:1.880	-0.3140	-0.0283	0.6265	-0.4272	-66.0400	6.4697	2.5159	21.0004	32.7777	46.2000	471	460	-218	100842	0.40 
30.702	2015-01-01 00:04:1.920	-0.3091	0.0342	0.6982	1.7090	-49.0723	6.3477	2.5488	18.8416	33.0139	46.1500	468	461	-220	100841	0.40 
30.749	2015-01-01 00:04:1.960	-0.3354	0.0581	0.7915	-1.0376	-37.9028	7.0801	2.6532	17.3199	33.3105	46.2000	466	463	-220	100841	0.40 
30.780	2015-01-01 00:04:2.000	-0.3315	0.0425	0.9287	-2.3193	-36.4380	6.1035	2.6257	15.9576	33.6127	46.1500	461	462	-221	100841	0.40 
30.827	2015-01-01 00:04:2.040	-0.2959	0.0415	0.9590	-1.1597	-37.7197	2.5635	2.5653	14.5239	33.8159	46.2000	458	460	-222	100841	0.40 
30.859	2015-01-01 00:04:2.080	-0.2695	0.0493	0.9556	-2.9297	-38.2080	3.7842	2.5214	13.0682	34.0082	46.3500	454	461	-223	100841	0.40 
30.906	2015-01-01 00:04:2.120	-0.2256	0.0610	0.9346	-5.9204	-41.0156	3.0518	2.3511	11.5082	34.2114	46.2000	453	462	-224	100840	0.40 
30.937	2015-01-01 00:04:2.160	-0.1973	0.0654	0.9155	-5.4932	-34.4238	4.5776	2.1698	10.0415	34.4312	46.3500	450	469	-225	100840	0.40 
31.015	2015-01-01 00:04:2.200	-0.2017	0.0161	0.9756	-4.0894	-29.0527	3.9063	2.0160	8.8770	34.7003	46.3900	447	470	-225	100840	0.40 
31.046	2015-01-01 00:04:2.240	-0.1709	-0.0063	1.0029	-4.0283	-23.7427	-3.2959	1.7743	7.8442	34.8047	46.1500	442	468	-225	100840	0.40 
31.062	2015-01-01 00:04:2.280	-0.1812	0.0547	1.0474	-0.4883	-23.9868	-3.7231	1.6534	6.9983	34.7058	46.3000	442	465	-224	100839	0.40 
31.109	2015-01-01 00:04:2.320	-0.1206	0.0293	0.9990	-0.1221	-27.5269	-2.5635	1.6589	5.9711	34.7168	46.3000	440	463	-223	100840	0.40 
31.140	2015-01-01 00:04:2.360	-0.0933	0.0322	1.0063	-1.2207	-20.0195	-3.6011	1.5985	5.0482	34.7223	46.1500	436	464	-225	100839	0.40 
31.218	2015-01-01 00:04:2.400	-0.0894	0.0308	1.0000	-0.9766	-23.0103	-0.9155	1.5601	4.1583	34.7882	46.2000	436	460	-226	100839	0.40 
31.249	2015-01-01 00:04:2.440	-0.0654	0.0479	0.9888	-1.4038	-15.3198	-2.8687	1.5271	3.4332	34.8431	46.1500	435	459	-226	100839	0.40 
31.280	2015-01-01 00:04:2.480	-0.0542	0.0513	1.0024	-1.4648	-9.9487	-2.9907	1.4941	2.9608	34.8706	46.1500	430	462	-225	100839	0.40 
31.327	2015-01-01 00:04:2.520	-0.0542	0.0298	1.0161	-1.4648	-6.8970	-2.9297	1.4337	2.6752	34.9091	46.3500	427	465	-227	100839	0.40 
31.359	2015-01-01 00:04:2.560	-0.0186	0.0308	0.9946	0.1831	-1.1597	-3.6621	1.4172	2.4939	34.9255	46.3500	425	466	-224	100839	0.40 
31.421	2015-01-01 00:04:2.600	-0.0444	0.0386	1.0322	0.3662	1.3428	-2.1973	1.4337	2.5159	34.9750	46.3500	424	464	-224	100839	0.41 
31.437	2015-01-01 00:04:2.640	-0.0386	0.0498	1.0225	0.8545	-3.5400	-2.7466	1.4667	2.4445	35.0079	46.3900	423	464	-228	100839	0.41 
31.484	2015-01-01 00:04:2.680	-0.0352	0.0493	1.0049	1.5869	-0.3052	-2.0752	1.5491	2.3566	35.0574	46.2000	422	465	-230	100839	0.41 
31.530	2015-01-01 00:04:2.720	-0.0518	0.0518	1.0278	0.5493	-0.6104	-0.7324	1.6205	2.3621	35.1508	46.1500	423	468	-227	100839	0.41 
31.562	2015-01-01 00:04:2.760	-0.0415	0.0522	1.0122	0.6714	-0.3662	1.1597	1.6809	2.3401	35.2881	46.2000	421	465	-227	100838	0.41 
31.624	2015-01-01 00:04:2.800	-0.0410	0.0430	1.0200	0.6714	0.7324	1.6479	1.7468	2.3511	35.4913	46.3000	420	463	-226	100838	0.41 
31.656	2015-01-01 00:04:2.840	-0.0518	0.0298	1.0244	0.4272	-1.8921	1.0376	1.7798	2.3236	35.6781	46.3500	423	461	-225	100838	0.41 
31.734	2015-01-01 00:04:2.880	-0.0376	0.0347	1.0234	1.0376	-0.9766	1.0376	1.8073	2.2632	35.8429	46.3500	425	461	-223	100838	0.41 
31.734	2015-01-01 00:04:2.920	-0.0376	0.0479	1.0186	1.4648	4.0894	-0.3662	1.8622	2.3126	36.0077	46.2000	426	460	-221	100838	0.41 
31.765	2015-01-01 00:04:2.960	-0.0459	0.0435	1.0186	0.4272	-1.8311	0.3662	1.9226	2.3456	36.1395	46.2000	428	462	-222	100838	0.41 
31.827	2015-01-01 00:04:3.000	-0.0444	0.0376	1.0049	0.7324	2.9907	0.5493	1.9391	2.3621	36.2823	46.4900	427	462	-222	100838	0.41 
31.843	2015-01-01 00:04:3.040	-0.0498	0.0308	1.0293	1.3428	0.3662	0.0000	1.9940	2.4500	36.4197	46.2000	425	462	-227	100838	0.41 
31.890	2015-01-01 00:04:3.080	-0.0430	0.0430	1.0205	1.7090	0.0000	-0.1831	2.0435	2.4554	36.5295	46.2000	423	464	-227	100838	0.41 
31.937	2015-01-01 00:04:3.120	-0.0376	0.0386	1.0142	1.2817	1.2207	-1.1597	2.0929	2.4829	36.6229	46.1500	424	461	-226	100838	0.41 
31.968	2015-01-01 00:04:3.160	-0.0483	0.0464	1.0225	1.1597	1.7700	-1.1597	2.1423	2.5598	36.6833	46.3900	424	460	-225	100838	0.41 
32.031	2015-01-01 00:04:3.200	-0.0430	0.0449	1.0186	0.5493	0.7324	-2.2583	2.1753	2.5928	36.7328	46.3900	423	462	-226	100838	0.41 
32.062	2015-01-01 00:04:3.240	-0.0356	0.0400	1.0171	0.4272	1.4038	-3.4180	2.1973	2.6202	36.7218	46.3500	426	464	-224	100838	0.41 
32.094	2015-01-01 00:04:3.280	-0.0469	0.0405	1.0225	0.7324	1.3428	-2.8687	2.2192	2.6917	36.7108	46.3000	428	470	-222	100838	0.41 
32.156	2015-01-01 00:04:3.320	-0.0439	0.0449	1.0288	0.5493	0.4272	-3.2959	2.2357	2.7246	36.6998	46.3500	428	468	-223	100838	0.41 
32.202	2015-01-01 00:04:3.360	-0.0430	0.0454	1.0044	0.7935	0.7324	-3.3569	2.2577	2.7411	36.6833	46.1500	428	465	-222	100838	0.41 
32.250	2015-01-01 00:04:3.400	-0.0503	0.0527	1.0259	0.4883	0.9155	-1.9531	2.2852	2.7960	36.6888	46.3000	428	465	-220	100838	0.41 
32.281	2015-01-01 00:04:3.440	-0.0532	0.0488	1.0254	0.3052	0.0000	-1.2207	2.3126	2.8070	36.7493	46.3000	427	465	-220	100838	0.41 
32.312	2015-01-01 00:04:3.480	-0.0361	0.0508	0.9985	-0.3662	0.7324	-1.1597	2.3236	2.7905	36.8152	46.4900	425	462	-221	100838	0.41 
32.343	2015-01-01 00:04:3.520	-0.0713	0.0488	1.0332	-0.1831	-0.1221	-1.2817	2.3346	2.8674	36.8646	46.2000	425	463	-222	100838	0.41 
32.406	2015-01-01 00:04:3.560	-0.0444	0.0400	1.0107	-0.2441	0.3662	-1.8921	2.3236	2.8400	36.9031	46.3000	424	465	-223	100838	0.41 
32.437	2015-01-01 00:04:3.600	-0.0679	0.0459	1.0249	0.6104	2.0752	-2.1973	2.3291	2.9388	36.9305	46.2000	425	466	-225	100838	0.41 
32.469	2015-01-01 00:04:3.640	-0.0474	0.0493	1.0229	0.6714	0.3662	-1.9531	2.3511	2.9663	36.9470	46.3500	424	466	-226	100838	0.41 
32.531	2015-01-01 00:04:3.680	-0.0591	0.0444	1.0210	0.3662	-0.1221	-1.5869	2.3730	2.9718	36.9745	46.3000	424	465	-227	100838	0.41 
32.546	2015-01-01 00:04:3.720	-0.0557	0.0557	1.0278	0.3052	-0.9155	-0.9155	2.3895	2.9718	37.0129	46.3500	425	464	-223	100837	0.41 
32.609	2015-01-01 00:04:3.760	-0.0513	0.0459	1.0161	-0.1831	-2.0142	-1.1597	2.3895	2.8949	37.0734	46.3500	427	461	-218	100837	0.41 
32.656	2015-01-01 00:04:3.800	-0.0483	0.0425	1.0132	-0.4883	-0.6714	-2.2583	2.3676	2.8455	37.1063	46.5400	427	460	-217	100838	0.41 
32.702	2015-01-01 00:04:3.840	-0.0488	0.0415	1.0190	-0.9766	-0.5493	-2.0142	2.3346	2.8235	37.1283	46.3500	426	463	-222	100838	0.41 
32.718	2015-01-01 00:04:3.880	-0.0542	0.0479	1.0171	-0.4272	0.4883	-1.7700	2.3071	2.8345	37.1558	46.2000	427	465	-227	100838	0.41 
32.765	2015-01-01 00:04:3.920	-0.0562	0.0386	1.0146	-0.2441	0.6104	-2.1362	2.2961	2.8619	37.1832	46.3500	427	466	-230	100838	0.41 
32.874	2015-01-01 00:04:3.960	-0.0571	0.0386	1.0176	0.1831	0.3662	-2.7466	2.2797	2.9004	37.1777	46.3900	427	466	-226	100837	0.41 
32.874	2015-01-01 00:04:4.000	-0.0566	0.0400	1.0229	0.0610	0.7324	-2.2583	2.2742	2.9333	37.1722	46.3500	425	466	-226	100838	0.41 
32.874	2015-01-01 00:04:4.040	-0.0625	0.0405	1.0308	-0.3662	0.0000	-2.6245	2.2687	2.9718	37.1613	46.5400	427	465	-225	100838	0.41 
32.921	2015-01-01 00:04:4.080	-0.0425	0.0381	1.0078	-0.0610	3.6011	-3.3569	2.2522	3.0157	37.1558	46.3900	426	463	-227	100838	0.41 
32.968	2015-01-01 00:04:4.120	-0.0601	0.0332	1.0425	-0.4272	-1.8311	-2.8687	2.2357	3.0652	37.1283	46.3500	425	463	-225	100838	0.41 
33.015	2015-01-01 00:04:4.160	-0.0527	0.0371	0.9985	-0.5493	0.1221	-3.5400	2.1973	3.0212	37.0898	46.3900	422	463	-226	100838	0.41 
33.047	2015-01-01 00:04:4.200	-0.0542	0.0420	1.0220	-0.4272	0.9766	-3.6011	2.1863	3.0872	37.0459	46.3000	422	463	-226	100838	0.41 
33.093	2015-01-01 00:04:4.240	-0.0620	0.0425	1.0361	-0.1221	-0.4883	-2.5635	2.1863	3.0981	37.0239	46.3900	423	464	-227	100838	0.41 
33.124	2015-01-01 00:04:4.280	-0.0571	0.0444	1.0127	0.4883	0.1221	-2.2583	2.1863	3.0927	37.0184	46.3900	424	464	-227	100838	0.41 
33.172	2015-01-01 00:04:4.320	-0.0605	0.0444	1.0225	-0.2441	-0.9766	-1.4648	2.1918	3.1036	37.0349	46.3900	423	464	-227	100838	0.41 
33.250	2015-01-01 00:04:4.360	-0.0557	0.0430	1.0103	0.0000	0.0000	-2.4414	2.1918	3.0817	37.0459	46.2000	421	465	-229	100838	0.41 
33.265	2015-01-01 00:04:4.400	-0.0625	0.0435	1.0210	0.0000	0.6104	-1.9531	2.1918	3.0981	37.0569	46.4900	422	463	-227	100838	0.41 
33.312	2015-01-01 00:04:4.440	-0.0635	0.0396	1.0181	0.0610	0.1221	-2.0142	2.1918	3.1146	37.0844	46.3000	424	462	-225	100838	0.41 
33.343	2015-01-01 00:04:4.480	-0.0596	0.0444	1.0181	0.2441	0.1831	-2.0752	2.1973	3.1256	37.0953	46.2000	425	462	-225	100838	0.41 
33.374	2015-01-01 00:04:4.520	-0.0615	0.0415	1.0127	0.6714	-0.1221	-1.6479	2.2083	3.1311	37.1173	46.3500	424	464	-223	100838	0.41 
33.437	2015-01-01 00:04:4.560	-0.0596	0.0435	1.0190	-0.1221	0.1221	-1.5869	2.2192	3.1421	37.1558	46.2000	426	462	-227	100838	0.41 
33.453	2015-01-01 00:04:4.600	-0.0635	0.0410	1.0166	0.5493	-0.3052	-0.5493	2.2302	3.1421	37.2107	46.4900	428	461	-233	100838	0.41 
33.499	2015-01-01 00:04:4.640	-0.0684	0.0420	1.0298	0.7324	-1.0986	-0.1831	2.2467	3.1421	37.2931	46.3900	429	463	-233	100839	0.41 
33.547	2015-01-01 00:04:4.680	-0.0449	0.0347	1.0122	0.9766	1.8921	-1.5259	2.2632	3.1366	37.3645	46.3500	425	462	-227	100839	0.41 
33.578	2015-01-01 00:04:4.720	-0.0640	0.0449	1.0298	0.3662	-2.6855	-0.4883	2.2906	3.1476	37.4139	46.3000	425	463	-225	100839	0.41 
33.624	2015-01-01 00:04:4.760	-0.0522	0.0400	1.0107	0.3662	-0.5493	-1.2207	2.3016	3.0762	37.4579	46.3900	424	465	-226	100839	0.41 
33.671	2015-01-01 00:04:4.800	-0.0601	0.0464	1.0342	0.4883	-0.4272	-0.7324	2.3236	3.0927	37.5018	46.4900	423	463	-223	100839	0.41 
33.703	2015-01-01 00:04:4.840	-0.0571	0.0420	1.0142	0.5493	-0.3052	0.1221	2.3346	3.0542	37.5842	46.3900	425	464	-220	100839	0.40 
33.749	2015-01-01 00:04:4.880	-0.0591	0.0444	1.0166	0.0610	0.9766	0.4272	2.3511	3.0762	37.6721	46.3500	426	465	-221	100839	0.40 
33.797	2015-01-01 00:04:4.920	-0.0625	0.0479	1.0249	0.0610	-0.8545	0.7324	2.3566	3.0927	37.7765	46.3500	426	465	-224	100839	0.40 
33.859	2015-01-01 00:04:4.960	-0.0591	0.0396	1.0181	-0.3052	-0.4272	0.8545	2.3566	3.0872	37.8864	46.3500	426	464	-225	100839	0.40 
33.874	2015-01-01 00:04:5.000	-0.0547	0.0322	1.0156	-0.2441	0.1221	0.5493	2.3511	3.0817	37.9907	46.3500	425	464	-227	100839	0.40 
33.921	2015-01-01 00:04:5.040	-0.0513	0.0425	1.0122	0.4272	1.4648	-0.4272	2.3621	3.1146	38.0731	46.3500	426	466	-224	100839	0.40 
33.953	2015-01-01 00:04:5.080	-0.0635	0.0444	1.0273	0.1831	1.2207	-0.6104	2.3621	3.1805	38.1281	46.3000	427	461	-225	100839	0.40 
34.000	2015-01-01 00:04:5.120	-0.0591	0.0449	1.0200	0.1831	1.3428	-0.6714	2.3621	3.2410	38.1830	46.3500	427	459	-225	100839	0.40 
34.062	2015-01-01 00:04:5.160	-0.0615	0.0483	1.0210	0.1221	1.3428	-0.6714	2.3676	3.3124	38.2324	46.3900	425	463	-226	100840	0.40