StartTime: 2017-07-21 14:47:47.248
Time(s)	ChipTime	ax(g)	ay(g)	az(g)	wx(deg/s)	wy(deg/s)	wz(deg/s)	AngleX(deg)	AngleY(deg)	AngleZ(deg)	T(°)	hx	hy	hz	Pressure(Pa)	Altitude(m) 
165.238	2015-01-01 00:03:42.080	-0.1577	0.0508	1.0010	-0.5493	3.2959	-2.1362	1.7468	13.0573	32.7228	46.9200	405	472	-209	100800	0.44 
165.284	2015-01-01 00:03:42.120	-0.1563	0.0474	1.0176	-0.3052	3.3569	-3.9063	1.7413	13.1122	32.7228	47.2100	405	471	-210	100800	0.44 
165.316	2015-01-01 00:03:42.160	-0.1499	0.0532	1.0073	-0.3052	1.9531	-3.2959	1.7358	13.1067	32.7063	47.0700	405	470	-213	100800	0.44 
165.347	2015-01-01 00:03:42.200	-0.1514	0.0513	0.9990	-0.3662	2.6245	-3.0518	1.7249	13.0847	32.6953	47.1100	405	471	-214	100800	0.44 
165.378	2015-01-01 00:03:42.240	-0.1572	0.0552	1.0142	0.0000	2.7466	-3.1128	1.7249	13.0957	32.6898	47.0700	405	472	-214	100800	0.44 
165.409	2015-01-01 00:03:42.280	-0.1533	0.0649	1.0112	-0.1221	2.5024	-3.3569	1.7413	13.1067	32.6733	47.0700	402	471	-215	100800	0.44 
165.487	2015-01-01 00:03:42.320	-0.1553	0.0581	1.0044	-0.7324	2.6245	-2.1973	1.7413	13.1012	32.6898	47.2100	403	470	-214	100800	0.44 
165.519	2015-01-01 00:03:42.360	-0.1606	0.0532	1.0005	0.0610	2.5024	-1.4648	1.7523	13.1122	32.7448	47.1100	402	471	-211	100800	0.44 
165.550	2015-01-01 00:03:42.400	-0.1699	0.0605	1.0166	0.1221	2.6855	-0.4883	1.7853	13.1451	32.8162	47.0700	400	474	-209	100800	0.44 
165.597	2015-01-01 00:03:42.440	-0.1772	0.0532	1.0015	0.1221	2.6245	-0.3052	1.8182	13.1671	32.9205	47.2600	402	473	-209	100800	0.44 
165.629	2015-01-01 00:03:42.480	-0.1875	0.0513	1.0063	-0.2441	3.4180	-1.3428	1.8402	13.2275	32.9865	47.1100	401	466	-216	100800	0.44 
165.706	2015-01-01 00:03:42.520	-0.2002	0.0527	0.9946	0.0610	4.1504	-1.8311	1.8457	13.3264	33.0139	47.0700	399	462	-220	100800	0.44 
165.753	2015-01-01 00:03:42.560	-0.2021	0.0464	0.9995	-0.1221	2.5635	-2.6245	1.8457	13.4143	33.0249	47.2100	403	466	-219	100800	0.44 
165.753	2015-01-01 00:03:42.600	-0.1973	0.0317	0.9805	-0.2441	3.7231	-5.8594	1.8073	13.4802	32.9370	47.1100	401	470	-211	100800	0.44 
165.784	2015-01-01 00:03:42.640	-0.2051	0.0425	0.9653	0.7935	9.3384	-9.6436	1.7413	13.7054	32.7008	47.2100	401	472	-211	100800	0.44 
165.831	2015-01-01 00:03:42.680	-0.2134	0.0874	0.9741	1.9531	13.8550	-9.2163	1.7523	14.1559	32.3932	47.0700	402	471	-216	100800	0.44 
165.878	2015-01-01 00:03:42.720	-0.2197	0.0947	0.9648	2.2583	16.3574	-2.6855	1.8677	14.7382	32.2504	47.2100	402	469	-214	100800	0.44 
165.941	2015-01-01 00:03:42.760	-0.2324	0.0654	0.9619	3.8452	22.8271	1.1597	2.0654	15.4742	32.3877	47.2600	405	469	-214	100800	0.44 
165.972	2015-01-01 00:03:42.800	-0.2422	0.0337	0.9932	4.7607	20.2026	-2.2583	2.2687	16.3202	32.4811	47.2100	401	465	-215	100800	0.44 
166.004	2015-01-01 00:03:42.840	-0.2534	0.0176	0.9692	4.6387	21.3623	1.0376	2.4280	17.0837	32.5415	47.0700	399	462	-217	100800	0.44 
166.035	2015-01-01 00:03:42.880	-0.2544	0.0586	0.8984	2.6855	33.9355	1.0376	2.6257	18.0286	32.7338	47.1100	404	467	-215	100800	0.44 
166.081	2015-01-01 00:03:42.920	-0.2832	0.0854	0.9351	-1.8921	37.4146	-4.0283	2.6971	19.4348	32.7997	47.0700	408	469	-212	100800	0.44 
166.144	2015-01-01 00:03:42.960	-0.2944	0.0376	0.9131	-9.3384	28.9917	-10.1318	2.4060	20.6818	32.5909	47.1100	409	469	-211	100800	0.44 
166.176	2015-01-01 00:03:43.000	-0.2954	0.0063	0.8208	-12.6343	32.8369	-17.6392	1.6864	21.8683	32.0746	47.1100	417	470	-208	100800	0.44 
166.207	2015-01-01 00:03:43.040	-0.2661	0.0532	0.7031	-8.1787	35.5835	-14.0991	1.0437	23.1976	31.4539	47.2100	422	469	-215	100800	0.44 
166.238	2015-01-01 00:03:43.080	-0.2417	0.1108	0.6475	-2.3193	36.9873	-2.9907	0.8844	24.5874	31.2012	47.0200	425	470	-214	100800	0.44 
166.284	2015-01-01 00:03:43.120	-0.2524	0.1782	0.7046	-1.0986	33.5083	19.5313	1.2909	25.8344	31.7834	46.9200	425	472	-211	100800	0.44 
166.347	2015-01-01 00:03:43.160	-0.3101	0.0625	0.7944	-4.2725	38.2080	28.9917	1.9940	27.1417	33.1128	47.0700	430	470	-209	100800	0.44 
166.378	2015-01-01 00:03:43.200	-0.3262	-0.0464	0.7632	-7.7515	28.0151	16.3574	2.1863	28.2953	34.2828	47.0700	436	469	-207	100800	0.44 
166.409	2015-01-01 00:03:43.240	-0.2881	-0.0190	0.7485	-8.6670	26.1841	5.1270	1.8842	29.1412	34.6564	47.1100	437	467	-204	100800	0.44 
166.457	2015-01-01 00:03:43.280	-0.3267	0.0518	0.7661	-2.5635	17.1509	13.7939	1.9116	29.8059	35.1672	47.1100	438	466	-201	100800	0.44 
166.488	2015-01-01 00:03:43.320	-0.3232	0.0752	0.8062	-5.4321	20.2637	22.0947	2.2852	30.3497	36.0461	46.9200	444	466	-201	100801	0.44 
166.582	2015-01-01 00:03:43.360	-0.3579	0.0103	0.9331	-3.8452	5.3711	10.3760	2.5433	30.6793	36.9196	47.2600	450	463	-200	100801	0.44 
166.582	2015-01-01 00:03:43.400	-0.3818	-0.0801	0.8623	-9.0332	1.0376	8.6670	2.2961	30.4926	37.1887	47.0200	454	459	-199	100801	0.44 
166.613	2015-01-01 00:03:43.440	-0.4229	0.1240	1.0146	-1.2817	-2.7466	-1.0376	2.1533	30.3497	37.3975	47.2100	456	463	-197	100801	0.44 
166.659	2015-01-01 00:03:43.480	-0.5356	0.0298	0.9512	-5.4932	-16.7847	-2.0752	2.0874	29.7729	37.2272	47.0700	456	466	-194	100801	0.44 
166.706	2015-01-01 00:03:43.520	-0.4897	0.0215	1.0547	-3.6621	-19.2871	-16.8457	1.5985	29.0533	36.7163	46.8700	457	469	-192	100801	0.44 
166.769	2015-01-01 00:03:43.560	-0.5234	0.0190	1.0884	2.2583	-21.3013	-13.7939	1.2579	28.1580	35.8978	46.9200	453	469	-195	100802	0.44 
166.784	2015-01-01 00:03:43.600	-0.5586	0.1440	1.1831	-2.5024	-31.7383	-10.5591	1.0382	27.1033	35.3156	47.2600	450	471	-198	100802	0.44 
166.832	2015-01-01 00:03:43.640	-0.4692	0.0366	1.2354	-2.3193	-50.1099	-6.3477	0.8734	25.2795	34.9695	47.1100	447	472	-200	100802	0.44 
166.863	2015-01-01 00:03:43.680	-0.4536	0.0884	1.1816	0.2441	-59.7534	-1.7090	0.7800	23.0054	34.8047	47.1100	438	476	-203	100802	0.44 
166.909	2015-01-01 00:03:43.720	-0.4478	0.0991	1.3994	4.2114	-77.5146	-5.0659	0.9338	20.0995	34.7003	47.0700	433	480	-204	100802	0.44 
166.973	2015-01-01 00:03:43.760	-0.2632	0.0459	1.3604	-7.3853	-63.1104	-9.4604	0.8350	17.3419	34.3652	47.0700	427	475	-204	100803	0.44 
167.004	2015-01-01 00:03:43.800	-0.0586	-0.0044	1.0884	0.5493	-55.7251	-7.3853	0.5383	14.5459	34.0851	47.0700	420	473	-206	100803	0.43 
167.035	2015-01-01 00:03:43.840	-0.0630	0.0981	1.1865	3.0518	-25.7568	0.0000	0.7141	12.8540	34.0906	47.1100	418	472	-206	100803	0.43 
167.081	2015-01-01 00:03:43.880	-0.0571	0.1025	1.1030	2.0752	-36.6211	10.6201	0.9833	11.5302	34.4696	46.9200	412	471	-207	100803	0.43 
167.113	2015-01-01 00:03:43.920	0.0723	0.0078	0.9146	-0.3662	-44.7998	3.9063	1.1151	9.4482	34.9091	47.1100	411	477	-205	100804	0.43 
167.176	2015-01-01 00:03:43.960	0.1182	0.0146	0.9575	-1.6479	-27.4658	-5.0659	1.0437	7.7179	34.9969	47.0700	408	476	-206	100804	0.43 
167.207	2015-01-01 00:03:44.000	0.0752	0.0566	0.9839	1.4648	-29.6021	-3.3569	1.0602	6.3007	34.8981	47.2100	403	474	-206	100804	0.43 
167.238	2015-01-01 00:03:44.040	0.0728	0.0698	1.0708	1.2207	-27.8320	3.4180	1.2030	4.9109	35.0519	47.1100	400	475	-209	100804	0.43 
167.284	2015-01-01 00:03:44.080	0.0137	0.0674	1.0762	1.7700	-23.8037	2.0142	1.3239	3.7134	35.2606	46.8300	397	473	-210	100805	0.43 
167.316	2015-01-01 00:03:44.120	0.0405	0.0649	1.0239	2.0752	-23.3765	3.2959	1.4722	2.5708	35.4419	47.1100	394	475	-209	100805	0.43 
167.379	2015-01-01 00:03:44.160	0.0439	0.0474	0.9756	0.4272	-13.3667	0.6104	1.5601	1.7798	35.6177	47.0700	393	477	-210	100805	0.43 
167.410	2015-01-01 00:03:44.200	0.0645	0.0313	0.9575	0.4272	-4.3945	-1.8921	1.5820	1.2744	35.6616	47.0700	391	475	-211	100805	0.43 
167.441	2015-01-01 00:03:44.240	0.0313	0.0283	1.0244	-0.2441	4.5166	-1.1597	1.5930	1.2360	35.6946	46.9200	391	475	-211	100805	0.43 
167.488	2015-01-01 00:03:44.280	0.0186	0.0400	1.0264	-0.7935	1.6479	-1.0376	1.5765	1.3293	35.7550	47.0700	390	475	-211	100805	0.43 
167.519	2015-01-01 00:03:44.320	0.0317	0.0674	1.0508	0.0000	-4.7607	-0.4272	1.5930	1.1865	35.7770	47.0700	387	476	-213	100806	0.43 
167.582	2015-01-01 00:03:44.360	0.0693	0.0498	0.9873	1.0986	-1.7090	1.5259	1.6644	0.9503	35.8923	47.0700	385	476	-211	100806	0.43 
167.597	2015-01-01 00:03:44.400	0.0669	0.0322	1.0005	2.2583	1.2207	-0.4272	1.7468	0.8350	36.0022	47.1100	386	475	-212	100806	0.43 
167.644	2015-01-01 00:03:44.440	0.0879	0.0474	1.0151	1.2817	3.6011	-2.9907	1.8292	0.8240	36.0187	47.0200	389	475	-214	100805	0.43 
167.706	2015-01-01 00:03:44.480	0.0786	0.0640	1.0044	1.0986	3.1128	-4.6387	1.9116	0.8350	35.9528	46.9200	389	475	-212	100806	0.43 
167.753	2015-01-01 00:03:44.520	0.0713	0.0625	1.0156	0.7324	4.7607	-4.5166	1.9885	0.9009	35.8539	47.0700	388	474	-212	100806	0.43 
167.785	2015-01-01 00:03:44.560	0.0542	0.0493	1.0142	0.7935	3.4790	-4.9438	2.0435	0.9503	35.7605	46.8700	385	475	-211	100805	0.43 
167.816	2015-01-01 00:03:44.600	0.0649	0.0620	1.0264	0.6714	4.8218	-5.6152	2.0874	1.0217	35.6287	47.1100	385	474	-212	100805	0.43 
167.863	2015-01-01 00:03:44.640	0.0488	0.0654	1.0186	0.7324	2.8687	-4.0894	2.1478	1.0822	35.5188	46.9200	387	476	-211	100805	0.43 
167.910	2015-01-01 00:03:44.680	0.0610	0.0771	1.0132	0.0000	4.0894	-2.3193	2.2137	1.1151	35.4858	46.9200	388	477	-210	100805	0.43 
167.956	2015-01-01 00:03:44.720	0.0630	0.0605	1.0166	0.0000	4.1504	-2.8076	2.2522	1.1755	35.4913	47.1100	389	475	-211	100805	0.43 
167.988	2015-01-01 00:03:44.760	0.0444	0.0547	1.0249	0.5493	2.5024	-3.0518	2.2797	1.2140	35.4749	46.9200	391	472	-210	100805	0.43 
168.019	2015-01-01 00:03:44.800	0.0571	0.0669	1.0303	0.1831	0.8545	-2.0752	2.3181	1.1810	35.4858	47.0700	392	471	-209	100805	0.43 
168.066	2015-01-01 00:03:44.840	0.0518	0.0654	1.0127	1.0376	4.0894	-1.8921	2.3895	1.1810	35.5133	47.0700	392	472	-210	100805	0.43 
168.113	2015-01-01 00:03:44.880	0.0620	0.0581	1.0029	1.2207	2.8076	-1.2817	2.4664	1.2305	35.5518	46.8700	392	472	-214	100805	0.43 
168.128	2015-01-01 00:03:44.920	0.0605	0.0620	1.0117	0.1221	3.1128	-1.8921	2.5104	1.2360	35.5902	46.8700	391	473	-214	100805	0.43 
168.191	2015-01-01 00:03:44.960	0.0562	0.0737	1.0186	0.3052	3.7231	-1.7700	2.5543	1.2744	35.6177	47.0700	390	471	-215	100805	0.43 
168.238	2015-01-01 00:03:45.000	0.0469	0.0659	1.0220	0.6714	2.2583	-1.6479	2.5983	1.3019	35.6396	46.8700	389	468	-213	100805	0.43 
168.269	2015-01-01 00:03:45.040	0.0610	0.0669	1.0190	0.0000	1.2207	-1.8921	2.6367	1.2524	35.6671	46.8300	387	470	-212	100805	0.43 
168.316	2015-01-01 00:03:45.080	0.0552	0.0649	1.0200	0.1831	1.9531	-1.8921	2.6752	1.2250	35.6781	47.2600	389	471	-213	100806	0.43 
168.363	2015-01-01 00:03:45.120	0.0581	0.0605	1.0098	0.3662	2.1362	-2.3804	2.7081	1.1975	35.6946	47.2100	390	472	-213	100806	0.43 
168.410	2015-01-01 00:03:45.160	0.0601	0.0674	1.0161	0.6104	2.7466	-2.3804	2.7521	1.1920	35.6946	47.0700	389	472	-213	100805	0.43 
168.441	2015-01-01 00:03:45.200	0.0566	0.0693	1.0156	0.5493	2.1973	-2.3804	2.8015	1.1865	35.7056	47.0700	389	471	-212	100806	0.43 
168.472	2015-01-01 00:03:45.240	0.0562	0.0688	1.0156	0.5493	2.3804	-3.1738	2.8510	1.1755	35.7001	46.9200	388	470	-211	100806	0.43 
168.519	2015-01-01 00:03:45.280	0.0557	0.0718	1.0161	1.2207	1.0986	-2.3193	2.9169	1.1536	35.6891	47.0700	390	472	-214	100806	0.43 
168.566	2015-01-01 00:03:45.320	0.0654	0.0571	1.0137	1.4648	1.3428	-2.2583	2.9883	1.0876	35.7056	47.2100	390	471	-213	100806	0.43 
168.597	2015-01-01 00:03:45.360	0.0620	0.0684	1.0200	1.0376	1.9531	-2.5635	3.0597	1.0547	35.7111	46.8700	389	470	-212	100806	0.43 
168.644	2015-01-01 00:03:45.400	0.0640	0.0732	1.0181	0.7324	2.0752	-3.0518	3.1146	1.0382	35.6946	47.0200	388	469	-214	100806	0.43 
168.675	2015-01-01 00:03:45.440	0.0591	0.0796	1.0137	0.6104	1.1597	-2.8076	3.1805	1.0052	35.6726	46.9200	386	469	-216	100806	0.43 
168.722	2015-01-01 00:03:45.480	0.0605	0.0776	1.0210	0.5493	0.6104	-3.3569	3.2355	0.9393	35.6561	46.9200	389	469	-218	100806	0.43 
168.769	2015-01-01 00:03:45.520	0.0610	0.0786	1.0098	0.3052	0.7324	-2.3804	3.2794	0.8569	35.6232	47.0200	384	472	-217	100806	0.43 
168.832	2015-01-01 00:03:45.560	0.0664	0.0786	1.0122	0.5493	1.6479	-3.0518	3.3289	0.8405	35.5957	46.8300	386	471	-216	100806	0.43 
168.847	2015-01-01 00:03:45.600	0.0776	0.0859	1.0146	-0.1221	2.6245	-2.9297	3.3673	0.7910	35.5627	47.2600	387	471	-217	100806	0.43 
168.894	2015-01-01 00:03:45.640	0.0645	0.0776	1.0186	0.1221	2.9297	-2.6245	3.3948	0.8130	35.5518	47.1100	388	472	-219	100806	0.43 
168.941	2015-01-01 00:03:45.680	0.0591	0.0752	1.0181	-0.2441	2.5635	-2.6245	3.4222	0.8240	35.5353	47.0700	389	473	-217	100806	0.43 
169.003	2015-01-01 00:03:45.720	0.0703	0.0796	1.0054	-0.0610	3.3569	-2.5635	3.4497	0.8405	35.5298	47.2100	386	472	-217	100806	0.43 
169.019	2015-01-01 00:03:45.760	0.0718	0.0757	1.0156	0.3662	4.2114	-2.9297	3.4772	0.8734	35.5188	47.0200	387	472	-217	100806	0.43 
169.082	2015-01-01 00:03:45.800	0.0649	0.0762	1.0127	-0.1221	5.5542	-2.5024	3.4991	0.9668	35.5243	47.0700	388	470	-215	100806	0.43 
169.097	2015-01-01 00:03:45.840	0.0640	0.0747	0.9976	0.0000	5.8594	-3.4790	3.5156	1.0931	35.5188	46.9200	391	468	-214	100806	0.43 
169.144	2015-01-01 00:03:45.880	0.0757	0.0791	1.0107	-0.6714	7.5073	-5.1880	3.5321	1.2579	35.4749	47.0700	391	469	-215	100807	0.43 
169.207	2015-01-01 00:03:45.920	0.0688	0.0791	1.0513	-0.9766	8.4229	-5.3101	3.5156	1.4777	35.3595	47.1100	393	471	-213	100807	0.43 
169.222	2015-01-01 00:03:45.960	0.0464	0.0464	1.0713	1.0376	9.5825	-7.5073	3.5211	1.7798	35.2661	47.1100	396	472	-211	100807	0.43 
169.253	2015-01-01 00:03:46.000	0.0752	0.0786	0.9814	-1.6479	17.0288	-11.8408	3.5101	2.2302	35.0024	47.0700	392	472	-213	100807	0.43 
169.301	2015-01-01 00:03:46.040	0.1416	0.0527	0.8506	-3.3569	39.6118	-8.3008	3.4058	3.0927	34.8102	47.0700	392	470	-208	100807	0.43 
169.332	2015-01-01 00:03:46.080	0.0840	0.0513	0.9365	-1.1597	66.0400	-10.3149	3.3069	5.0757	34.7278	46.9200	393	470	-208	100806	0.43 
169.410	2015-01-01 00:03:46.120	-0.0020	0.0869	1.0317	-1.2817	66.1011	-11.4136	3.2629	7.6080	34.5465	47.0700	397	471	-209	100807	0.43 
169.442	2015-01-01 00:03:46.160	0.0503	0.0806	0.9775	-3.3569	59.6313	-9.6436	3.1696	9.8108	34.4037	47.0700	401	471	-211	100807	0.43 
169.473	2015-01-01 00:03:46.200	0.0894	0.0474	0.9766	-2.3804	65.1245	-10.4980	3.0377	11.9312	34.2828	47.1100	408	469	-213	100807	0.43 
169.535	2015-01-01 00:03:46.240	-0.1226	0.1455	1.3369	-1.7090	83.0078	-8.6060	2.9333	14.6722	34.1510	47.1100	410	469	-212	100807	0.43 
169.582	2015-01-01 00:03:46.280	-0.4717	0.3359	1.5117	11.2915	138.1836	0.3052	3.4058	18.5449	34.4421	46.9200	412	471	-212	100807	0.43 
169.613	2015-01-01 00:03:46.320	-0.6406	0.0356	1.5981	12.7563	78.6133	-2.8076	4.0814	23.2965	34.5850	47.1100	422	470	-208	100807	0.43 
169.645	2015-01-01 00:03:46.360	-0.3140	-0.0439	1.3096	3.5400	7.9956	-15.8691	4.1089	24.2139	34.3048	47.0700	431	470	-207	100807	0.43 
169.676	2015-01-01 00:03:46.400	-0.3760	0.2036	1.1909	8.7280	59.9976	-16.0522	4.0814	25.5432	33.7720	47.1100	435	470	-207	100807	0.43 
169.738	2015-01-01 00:03:46.440	-0.6260	0.1714	1.1919	-0.9766	52.7344	-10.1318	4.2407	27.8503	33.4314	46.9200	439	468	-207	100807	0.43 
169.754	2015-01-01 00:03:46.480	-0.6440	0.0713	1.2930	-1.8311	13.0005	-4.2114	4.0265	29.0753	33.2062	47.0200	448	467	-206	100807	0.43 
169.817	2015-01-01 00:03:46.520	-0.5674	0.0112	1.0630	2.5635	-12.3901	-1.3428	3.9716	28.8391	33.1567	47.0700	450	466	-206	100807	0.43 
169.847	2015-01-01 00:03:46.560	-0.4526	0.0737	0.9648	2.3804	-15.2588	-3.9673	3.9386	28.2294	32.9810	47.0700	449	467	-206	100807	0.43 
169.879	2015-01-01 00:03:46.600	-0.4014	0.1167	0.8667	3.9063	-29.1748	-2.6855	4.0265	27.2241	32.8107	46.9200	446	467	-206	100807	0.43 
169.926	2015-01-01 00:03:46.640	-0.3228	0.0771	0.7358	1.4038	-20.0806	0.2441	4.1583	26.1145	32.7612	47.0700	443	466	-206	100807	0.43 
169.957	2015-01-01 00:03:46.680	-0.3174	0.0596	0.7871	1.7090	-17.2729	1.4648	4.2078	25.4059	32.8162	46.9200	445	464	-210	100807	0.43 
170.020	2015-01-01 00:03:46.720	-0.3164	0.0864	0.6870	4.5776	-33.1421	3.6621	4.4055	24.3347	32.9205	47.2100	447	464	-211	100806	0.43 
170.050	2015-01-01 00:03:46.760	-0.2490	0.0698	0.6040	1.0376	-36.8042	2.1362	4.5923	22.8680	32.9810	46.9200	441	464	-213	100806	0.43 
170.082	2015-01-01 00:03:46.800	-0.2295	0.0962	0.5288	-2.4414	-29.5410	1.0986	4.5978	21.5442	32.9810	47.0700	439	464	-214	100806	0.43 
170.113	2015-01-01 00:03:46.840	-0.2388	0.1060	0.5239	0.8545	-21.6064	0.6714	4.7241	20.6049	33.0249	46.8700	437	465	-214	100806	0.43 
170.191	2015-01-01 00:03:46.880	-0.2896	0.0396	0.5483	-0.3052	-18.9819	-1.5869	4.7626	19.9457	32.9260	46.8700	434	465	-214	100805	0.43 
170.222	2015-01-01 00:03:46.920	-0.3154	0.0083	0.6279	-1.7700	-11.3525	-5.7983	4.5538	19.5557	32.7173	46.9200	436	466	-214	100805	0.43 
170.254	2015-01-01 00:03:46.960	-0.3628	0.0625	0.8237	-2.2583	-6.6528	-5.1880	4.2517	19.4293	32.3822	46.8700	435	464	-217	100805	0.43 
170.300	2015-01-01 00:03:47.000	-0.3354	0.0967	0.9609	2.0752	-18.3105	1.0376	4.2902	19.0009	32.3932	46.8700	428	464	-218	100805	0.43 
170.332	2015-01-01 00:03:47.040	-0.2822	0.1157	0.9272	0.5493	-15.9912	-5.0049	4.3616	18.2703	32.3108	47.0700	423	465	-216	100805	0.43 
170.394	2015-01-01 00:03:47.080	-0.2656	0.0596	0.8892	-0.5493	-7.2021	-5.1880	4.2957	17.7814	32.1844	46.8300	424	465	-217	100805	0.43 
170.441	2015-01-01 00:03:47.120	-0.2563	0.0908	0.9849	-0.0610	-4.2725	-6.2256	4.2023	17.6056	32.0142	47.0700	425	465	-217	100805	0.43 
170.457	2015-01-01 00:03:47.160	-0.2529	0.1182	0.9946	-1.8921	-13.5498	-4.8218	4.1583	17.1442	31.9098	47.0700	425	464	-217	100804	0.43 
170.520	2015-01-01 00:03:47.200	-0.2041	0.1328	0.9932	-4.8218	-10.5591	-2.0142	4.0210	16.5784	31.8549	46.8700	421	464	-216	100804	0.43 
170.551	2015-01-01 00:03:47.240	-0.2002	0.1431	0.9722	-4.2114	-8.5449	2.5635	3.9331	16.0840	32.0032	47.1100	421	464	-216	100803	0.43 
170.597	2015-01-01 00:03:47.280	-0.1968	0.1479	0.9756	-6.0425	-5.1270	9.3994	3.9111	15.6940	32.3822	46.9200	418	465	-217	100803	0.43 
170.629	2015-01-01 00:03:47.320	-0.1831	0.1216	1.0093	-5.1270	-5.0049	15.6250	3.9166	15.3534	33.0579	46.9200	416	465	-219	100803	0.43 
170.660	2015-01-01 00:03:47.360	-0.1738	0.0396	1.0073	-4.2725	-6.0425	12.0850	3.9001	14.9799	33.7390	47.0200	416	466	-220	100803	0.44 
170.707	2015-01-01 00:03:47.400	-0.1455	0.0381	0.9824	-3.6011	-6.5918	4.5776	3.7848	14.5294	34.1620	46.9200	416	466	-217	100803	0.44 
170.770	2015-01-01 00:03:47.440	-0.1221	0.0698	1.0024	-2.8076	-3.2349	-0.1221	3.6639	14.1888	34.3268	46.8700	421	467	-217	100803	0.44 
170.816	2015-01-01 00:03:47.480	-0.1313	0.0776	1.0039	-2.4414	-3.5400	-1.0986	3.5760	13.8977	34.4037	47.1100	420	467	-217	100802	0.44 
170.864	2015-01-01 00:03:47.520	-0.1226	0.0776	1.0068	-2.1973	-1.8921	-1.0986	3.5046	13.6395	34.4806	47.1100	417	466	-215	100802	0.44 
170.864	2015-01-01 00:03:47.560	-0.1313	0.0581	1.0098	-1.5259	0.7935	-4.8218	3.4167	13.4857	34.4641	46.9200	415	467	-211	100802	0.44 
170.910	2015-01-01 00:03:47.600	-0.1465	0.0400	1.0020	-1.0376	-0.1831	-6.6528	3.2959	13.3759	34.3433	47.0700	416	468	-212	100802	0.44 
170.957	2015-01-01 00:03:47.640	-0.1382	0.0581	1.0000	-0.0610	0.5493	-11.1694	3.1915	13.2715	34.0686	46.9200	413	468	-216	100802	0.44 
170.989	2015-01-01 00:03:47.680	-0.1514	0.0581	1.0068	0.7324	1.5869	-13.0005	3.0981	13.2275	33.6896	47.0700	412	469	-217	100802	0.44 
171.082	2015-01-01 00:03:47.720	-0.1572	0.0771	1.0093	0.2441	-0.6104	-13.2446	3.0157	13.1891	33.2556	47.0700	412	467	-216	100802	0.44 
171.082	2015-01-01 00:03:47.760	-0.1567	0.0894	0.9878	-1.0986	1.2207	-14.3433	2.9169	13.1177	32.8381	46.8700	415	467	-213	100801	0.44 
171.145	2015-01-01 00:03:47.800	-0.1660	0.0962	0.9766	-1.0376	3.6011	-13.4277	2.8070	13.1781	32.4097	46.8300	415	467	-215	100801	0.44 
171.176	2015-01-01 00:03:47.840	-0.1484	0.0679	1.0278	-1.0986	0.5493	-14.3433	2.6917	13.2166	31.9757	46.6800	412	467	-215	100801	0.44 
171.207	2015-01-01 00:03:47.880	-0.1274	0.0850	1.0020	-0.9155	2.5635	-12.8784	2.5653	13.1396	31.6132	46.8700	411	466	-216	100801	0.44 
171.269	2015-01-01 00:03:47.920	-0.1519	0.0986	1.0068	0.0000	2.8076	-10.4370	2.5269	13.1671	31.3055	47.0700	409	465	-217	100801	0.44 
171.301	2015-01-01 00:03:47.960	-0.1514	0.0737	1.0112	-0.7935	0.6714	-11.8408	2.4664	13.1616	31.0144	47.0200	410	467	-220	100801	0.44 
171.332	2015-01-01 00:03:48.000	-0.1494	0.0830	1.0049	-1.2207	1.5259	-10.1318	2.3785	13.1067	30.7507	46.8700	409	469	-220	100801	0.44 
171.363	2015-01-01 00:03:48.040	-0.1357	0.0952	0.9868	-0.4883	3.1738	-7.6294	2.3511	13.0847	30.5804	47.0700	404	468	-219	100801	0.44 
171.411	2015-01-01 00:03:48.080	-0.1606	0.0767	1.0005	-0.6714	5.7983	-6.8359	2.3181	13.1891	30.4651	47.0700	399	466	-220	100801	0.44 
171.457	2015-01-01 00:03:48.120	-0.1646	0.0889	1.0122	-0.4883	5.9204	-6.8970	2.2852	13.3484	30.3552	47.2600	402	466	-219	100800	0.44 
171.504	2015-01-01 00:03:48.160	-0.1587	0.0757	1.0103	-1.2207	5.1270	-7.6904	2.2467	13.4692	30.2399	46.9200	402	467	-215	100800	0.44 
171.520	2015-01-01 00:03:48.200	-0.1694	0.0737	1.0127	-0.7935	2.9907	-5.6152	2.1863	13.5516	30.1520	47.0700	402	469	-212	100800	0.44 
171.566	2015-01-01 00:03:48.240	-0.1606	0.0771	1.0132	-0.9766	1.7090	-4.5166	2.1588	13.5461	30.1300	47.0700	403	469	-213	100800	0.44 
171.613	2015-01-01 00:03:48.280	-0.1553	0.0757	1.0073	-0.7324	0.4272	-2.8687	2.1588	13.4802	30.1685	47.0700	402	466	-211	100800	0.44 
171.660	2015-01-01 00:03:48.320	-0.1523	0.0718	1.0020	-0.9155	0.0000	-2.8687	2.1698	13.3813	30.2399	47.1100	402	470	-214	100800	0.44 
171.707	2015-01-01 00:03:48.360	-0.1426	0.0562	0.9966	-0.5493	2.1362	-2.5635	2.1643	13.3154	30.3003	46.8700	402	473	-215	100800	0.44 
171.738	2015-01-01 00:03:48.400	-0.1455	0.0723	0.9971	-1.1597	4.0283	-2.6245	2.1533	13.3154	30.3772	47.0700	404	471	-218	100800	0.44 
171.785	2015-01-01 00:03:48.440	-0.1533	0.0679	1.0039	-1.0376	2.9907	-2.2583	2.1478	13.3594	30.4486	47.1100	396	467	-213	100800	0.44 
171.816	2015-01-01 00:03:48.480	-0.1470	0.0435	1.0107	-1.7090	2.5024	-1.5259	2.1094	13.3704	30.5475	47.0200	393	466	-211	100800	0.44 
171.863	2015-01-01 00:03:48.520	-0.1431	0.0508	1.0015	-0.6104	3.0518	-2.3804	2.0709	13.3539	30.6244	47.0700	398	468	-212	100800	0.44 
171.895	2015-01-01 00:03:48.560	-0.1528	0.0693	1.0171	-0.1831	5.0659	-1.7700	2.0764	13.4363	30.7123	47.1100	400	470	-215	100800	0.44 
171.957	2015-01-01 00:03:48.600	-0.1475	0.0625	1.0122	-1.0376	3.1128	-2.3193	2.0819	13.4802	30.7947	47.0700	401	470	-216	100799	0.44 
171.989	2015-01-01 00:03:48.640	-0.1558	0.0513	1.0005	-0.7324	3.4790	-3.4790	2.0490	13.5022	30.8441	47.2600	404	470	-215	100800	0.44 
172.066	2015-01-01 00:03:48.680	-0.1558	0.0576	1.0083	-0.6104	3.3569	-4.6387	2.0215	13.5352	30.8496	46.9200	403	470	-215	100800	0.44 
172.098	2015-01-01 00:03:48.720	-0.1523	0.0703	1.0078	-0.3052	2.1362	-3.9673	2.0105	13.5461	30.8386	47.0700	403	468	-215	100799	0.44 
172.113	2015-01-01 00:03:48.760	-0.1479	0.0737	1.0010	-0.4883	1.7700	-2.9907	2.0215	13.5077	30.8771	47.2600	407	467	-218	100799	0.44 
172.144	2015-01-01 00:03:48.800	-0.1519	0.0630	1.0054	-0.3662	2.5024	-2.9297	2.0270	13.4747	30.9375	47.1100	409	465	-222	100799	0.44 
172.191	2015-01-01 00:03:48.840	-0.1563	0.0591	1.0063	-0.2441	1.9531	-3.1738	2.0325	13.4528	30.9979	47.2100	405	464	-219	100799	0.44 
172.238	2015-01-01 00:03:48.880	-0.1567	0.0615	1.0044	-0.1831	2.1362	-3.1738	2.0270	13.4308	31.0419	47.1100	404	466	-217	100799	0.44 
172.301	2015-01-01 00:03:48.920	-0.1519	0.0688	0.9966	-0.1831	3.1738	-3.6621	2.0380	13.4308	31.0693	46.8700	404	467	-217	100799	0.44 
172.332	2015-01-01 00:03:48.960	-0.1572	0.0659	0.9990	-0.2441	3.5400	-3.8452	2.0435	13.4637	31.0858	47.1100	403	467	-213	100799	0.44 
172.348	2015-01-01 00:03:49.000	-0.1626	0.0674	1.0059	-0.2441	4.2114	-3.6621	2.0435	13.5187	31.0913	47.1100	397	467	-213	100799	0.44 
172.394	2015-01-01 00:03:49.040	-0.1563	0.0605	1.0146	-0.2441	3.3569	-3.1128	2.0490	13.5571	31.1023	47.0700	397	467	-215	100799	0.44 
172.426	2015-01-01 00:03:49.080	-0.1553	0.0635	0.9937	-0.1221	4.0283	-3.1128	2.0709	13.5956	31.1353	47.0700	403	467	-214	100800	0.44 
172.473	2015-01-01 00:03:49.120	-0.1602	0.0596	1.0078	-0.2441	4.0283	-3.0518	2.0819	13.6615	31.1682	47.0700	403	468	-215	100799	0.44 
172.519	2015-01-01 00:03:49.160	-0.1606	0.0698	1.0039	-0.6104	2.8076	-0.8545	2.0929	13.6890	31.2396	47.2100	405	469	-215	100799	0.44 
172.566	2015-01-01 00:03:49.200	-0.1587	0.0640	1.0059	-0.1831	2.8076	-1.3428	2.0984	13.7000	31.3495	46.9200	403	470	-214	100799	0.44 
172.598	2015-01-01 00:03:49.240	-0.1533	0.0635	0.9990	-0.6714	5.4321	-0.7935	2.1094	13.7439	31.4539	47.2100	401	472	-211	100800	0.44 
172.629	2015-01-01 00:03:49.280	-0.1641	0.0688	1.0132	-0.7935	4.2114	-0.7324	2.1204	13.8263	31.5637	47.0200	401	471	-212	100800	0.44 
172.707	2015-01-01 00:03:49.320	-0.1592	0.0527	1.0073	-0.7324	3.6621	-0.4883	2.1204	13.8538	31.6901	46.9200	404	470	-212	100800	0.44 
172.738	2015-01-01 00:03:49.360	-0.1641	0.0562	1.0039	-0.2441	3.8452	-0.9155	2.1259	13.9142	31.8109	47.1100	405	470	-212	100799	0.44 
172.769	2015-01-01 00:03:49.400	-0.1616	0.0605	1.0005	-0.3662	4.3335	-1.8921	2.1423	13.9636	31.8988	46.9200	405	468	-213	100799	0.44 
172.816	2015-01-01 00:03:49.440	-0.1650	0.0620	1.0171	-0.3662	4.2725	-2.0142	2.1478	14.0295	31.9592	47.0700	405	470	-209	100800	0.44 
172.848	2015-01-01 00:03:49.480	-0.1611	0.0635	0.9995	-0.1221	4.2114	-1.7090	2.1643	14.0735	32.0306	46.9200	405	471	-209	100800	0.44 
172.911	2015-01-01 00:03:49.520	-0.1665	0.0620	1.0146	0.0610	4.0283	-1.4648	2.1918	14.1394	32.1075	47.0700	404	468	-211	100800	0.44 
172.942	2015-01-01 00:03:49.560	-0.1660	0.0703	1.0103	-0.6104	2.9297	-0.6104	2.2192	14.1614	32.2009	46.8700	406	467	-212	100800	0.44 
172.973	2015-01-01 00:03:49.600	-0.1616	0.0630	0.9946	-0.4272	3.2349	-0.7935	2.2412	14.1724	32.3108	47.1100	405	467	-213	100800	0.44 
173.004	2015-01-01 00:03:49.640	-0.1660	0.0640	1.0112	-0.3052	3.0518	-1.0986	2.2577	14.1888	32.4097	46.9200	406	469	-215	100799	0.44 
173.082	2015-01-01 00:03:49.680	-0.1699	0.0615	1.0078	-0.1221	3.0518	-0.7935	2.2687	14.2053	32.5031	47.1100	407	470	-216	100799	0.44 
173.114	2015-01-01 00:03:49.720	-0.1675	0.0693	1.0039	0.0000	2.3804	-0.5493	2.2961	14.1998	32.6074	47.1100	404	469	-216	100799	0.44 
173.145	2015-01-01 00:03:49.760	-0.1680	0.0664	0.9980	-0.1831	3.0518	-0.2441	2.3291	14.1998	32.7063	47.0700	403	466	-219	100799	0.44 
173.176	2015-01-01 00:03:49.800	-0.1797	0.0698	1.0083	-0.1221	3.9673	0.8545	2.3730	14.2383	32.8326	47.0200	402	465	-223	100799	0.44 
173.239	2015-01-01 00:03:49.840	-0.1929	0.0664	1.0020	-0.0610	3.7231	0.9155	2.4225	14.2932	32.9865	47.0700	406	468	-218	100799	0.44 
173.285	2015-01-01 00:03:49.880	-0.2285	0.0713	1.0234	-0.4883	3.1738	1.3428	2.4664	14.3976	33.1293	46.9200	406	469	-214	100799	0.44 
173.316	2015-01-01 00:03:49.920	-0.2168	0.0366	0.9849	-0.1831	0.8545	0.4272	2.4774	14.3921	33.2611	47.0700	406	468	-211	100799	0.44 
173.348	2015-01-01 00:03:49.960	-0.1860	0.0425	0.9595	0.9155	3.9063	-4.6387	2.4719	14.4250	33.2611	47.1100	408	467	-213	100799	0.44 
173.379	2015-01-01 00:03:50.000	-0.1851	0.0728	0.9580	1.2207	9.9487	-6.2866	2.4774	14.6448	33.1293	46.9200	409	468	-212	100799	0.44 
173.426	2015-01-01 00:03:50.040	-0.2178	0.0688	0.9678	0.7324	12.5122	-7.8735	2.4884	15.0458	32.9590	47.1100	409	466	-214	100798	0.44 
173.488	2015-01-01 00:03:50.080	-0.2612	0.0547	0.9302	3.2959	20.5688	-10.0098	2.5159	15.6995	32.7008	46.9200	410	465	-212	100798	0.44 
173.520	2015-01-01 00:03:50.120	-0.3091	0.0776	0.9116	4.3335	32.5317	-13.8550	2.5708	16.8311	32.2943	47.2100	410	465	-209	100798	0.44 
173.551	2015-01-01 00:03:50.160	-0.2603	0.1650	0.9785	2.9297	36.4990	-5.0049	2.6642	18.3582	31.9812	47.1100	412	466	-209	100798	0.44 
173.582	2015-01-01 00:03:50.200	-0.2661	0.1743	0.9878	7.0801	21.3623	9.0332	3.2300	19.3634	32.3328	46.9200	414	465	-210	100798	0.44 
173.629	2015-01-01 00:03:50.240	-0.1782	0.1401	0.8896	-1.8311	16.2354	19.8364	3.7244	19.6985	33.2062	47.1100	417	462	-210	100798	0.44 
173.660	2015-01-01 00:03:50.280	-0.2813	0.0244	0.9512	-2.6855	38.3911	12.0850	3.8837	20.7312	34.0906	47.0700	420	463	-209	100798	0.44 
173.723	2015-01-01 00:03:50.320	-0.3315	-0.0142	0.8257	0.0610	44.7388	3.7842	3.9056	22.3572	34.5081	46.9200	425	465	-210	100798	0.44 
173.770	2015-01-01 00:03:50.360	-0.3198	-0.0088	0.7158	0.0000	44.3726	-8.1787	3.7793	24.1589	34.4916	47.1100	430	465	-208	100798	0.44 
173.801	2015-01-01 00:03:50.400	-0.3193	0.0601	0.6489	-0.1831	47.7905	-5.7983	3.6420	26.0156	34.2059	47.1100	432	465	-208	100798	0.44 
173.848	2015-01-01 00:03:50.440	-0.2964	0.1401	0.7285	2.0752	53.1616	9.6436	3.9496	27.9877	34.5300	47.0700	436	463	-209	100798	0.44 
173.895	2015-01-01 00:03:50.480	-0.3374	0.1069	0.8071	-1.6479	50.4761	11.5356	4.4879	29.8389	35.2991	47.2100	441	464	-209	100798	0.44 
173.926	2015-01-01 00:03:50.520	-0.3442	-0.0176	0.7920	-10.6812	38.8184	-2.6245	4.3396	31.4099	35.6287	47.4000	449	464	-209	100798	0.44 
173.989	2015-01-01 00:03:50.560	-0.4375	-0.0664	0.8462	-8.1787	21.4844	-0.4272	3.7024	32.3932	35.5243	47.0700	456	462	-206	100798	0.44 
174.020	2015-01-01 00:03:50.600	-0.3481	0.0869	0.8203	1.4038	21.2402	-1.0376	3.5980	33.0359	35.6287	47.3500	458	461	-204	100798	0.44 
174.051	2015-01-01 00:03:50.640	-0.4248	0.1426	0.9326	-4.3945	16.6626	-5.8594	3.5925	33.6237	35.4584	46.8700	458	463	-205	100798	0.44 
174.146	2015-01-01 00:03:50.680	-0.4067	0.0840	0.8970	-7.5684	-7.4463	-4.8828	3.2629	33.5358	35.2716	47.2100	463	465	-200	100799	0.44 
174.147	2015-01-01 00:03:50.720	-0.4238	0.0161	0.8232	-4.3945	-10.6812	-6.1035	2.9169	32.9370	35.0409	47.0700	464	465	-201	100799	0.44 
174.186	2015-01-01 00:03:50.760	-0.4521	0.0801	0.8970	-5.3711	-13.4277	-12.7563	2.4225	32.3712	34.5026	47.0700	461	464	-199	100799	0.44 
174.224	2015-01-01 00:03:50.800	-0.4790	0.0552	0.8730	-1.9531	-29.6021	-10.9253	2.0325	31.3879	33.9203	47.0700	457	461	-201	100799	0.44 
174.255	2015-01-01 00:03:50.840	-0.4277	0.0488	0.8423	0.0610	-28.3813	-10.8032	1.7578	30.1300	33.4369	47.2100	455	462	-201	100799	0.44 
174.334	2015-01-01 00:03:50.880	-0.4526	0.0356	0.8853	4.3335	-29.1138	-9.7656	1.6534	28.9764	32.9041	47.1100	448	466	-202	100799	0.44 
174.366	2015-01-01 00:03:50.920	-0.4839	0.0708	1.0068	0.3662	-24.4751	-16.6626	1.4667	27.8943	32.3492	47.1100	445	467	-202	100799	0.44 
174.396	2015-01-01 00:03:50.960	-0.4985	0.0688	1.2153	1.9531	-34.9731	-9.2773	1.3019	26.6364	31.7450	47.1100	442	470	-202	100800	0.44 
174.427	2015-01-01 00:03:51.000	-0.4736	0.0942	1.1509	-0.8545	-37.4146	-14.0991	1.1206	24.9829	31.3385	47.2100	439	470	-203	100800	0.44 
174.459	2015-01-01 00:03:51.040	-0.4375	0.0732	1.2144	1.2817	-52.3682	-12.5732	0.9943	23.1647	30.8112	47.1100	439	469	-201	100801	0.44 
174.505	2015-01-01 00:03:51.080	-0.4199	0.0342	1.3853	0.9766	-71.5332	-15.0757	0.7690	20.5444	30.3223	47.0700	432	471	-204	100801	0.44 
174.537	2015-01-01 00:03:51.120	-0.3672	0.1870	1.4238	4.3945	-32.7759	-8.7280	0.8844	18.4351	29.9323	47.0200	423	471	-208	100802	0.44 
174.599	2015-01-01 00:03:51.160	-0.2290	0.0610	1.1724	-3.3569	-50.9033	-6.0425	0.8844	16.6333	29.8334	46.9200	419	470	-210	100802	0.44 
174.647	2015-01-01 00:03:51.200	-0.0850	0.1025	1.0620	-1.8311	-36.5601	-6.1035	0.7581	14.6503	29.8059	47.1100	414	470	-210	100802	0.44 
174.678	2015-01-01 00:03:51.240	-0.0601	0.0869	1.0127	2.9907	-39.4897	3.2959	0.9283	12.9803	30.0037	47.0700	407	472	-210	100802	0.44 
174.756	2015-01-01 00:03:51.280	0.0732	0.0156	1.0181	3.3569	-27.5269	1.5259	1.1646	11.2665	30.3607	47.2600	406	473	-208	100803	0.44 
174.756	2015-01-01 00:03:51.320	0.0708	0.0581	1.0757	6.9580	-27.7710	0.9155	1.3953	9.9152	30.6024	47.4000	400	471	-212	100803	0.44 
174.819	2015-01-01 00:03:51.360	0.0869	0.0386	1.0103	9.6436	-28.9307	7.5684	1.8402	8.3716	30.9814	47.0700	395	469	-212	100803	0.44 
174.850	2015-01-01 00:03:51.400	0.0479	0.0303	0.9951	4.1504	-24.1089	8.9722	2.1698	7.0587	31.5253	47.1100	390	468	-214	100803	0.43 
174.881	2015-01-01 00:03:51.440	0.0483	0.0752	0.9922	1.2817	-14.9536	5.8594	2.3071	6.0699	31.9867	47.2600	387	470	-215	100803	0.43 
174.959	2015-01-01 00:03:51.480	-0.0137	0.1211	1.0244	3.4790	-7.7515	4.0894	2.5159	5.5096	32.3163	47.1100	386	469	-218	100804	0.43 
174.959	2015-01-01 00:03:51.520	-0.0591	0.0947	1.0273	3.5400	-6.6528	1.7700	2.7411	5.1581	32.5470	47.2100	386	468	-218	100804	0.43 
175.022	2015-01-01 00:03:51.560	-0.0361	0.0820	0.9839	3.1128	-4.8218	-1.5869	2.9224	4.8779	32.6624	47.1100	384	469	-215	100804	0.43 
175.053	2015-01-01 00:03:51.600	-0.0181	0.0879	0.9912	2.8076	1.5869	-3.4790	3.0817	4.7351	32.6733	47.1100	379	465	-216	100804	0.43 
175.131	2015-01-01 00:03:51.640	-0.0459	0.1128	1.0469	1.3428	0.9766	-2.1973	3.2080	4.7791	32.6843	47.0700	380	464	-216	100804	0.43 
175.178	2015-01-01 00:03:51.680	-0.0156	0.0830	1.0352	-0.1831	-2.5635	-0.7324	3.2739	4.6472	32.7667	46.9200	383	466	-218	100804	0.43 
175.178	2015-01-01 00:03:51.720	0.0020	0.0566	1.0283	-1.7090	-7.2021	-2.8687	3.2190	4.3671	32.8271	47.0700	386	463	-218	100804	0.43 
175.209	2015-01-01 00:03:51.760	0.0117	0.0762	1.0288	-0.6714	-7.6294	-2.1973	3.1860	3.9221	32.8491	47.0200	385	463	-218	100805	0.43 
175.256	2015-01-01 00:03:51.800	0.0415	0.0718	1.0083	-0.7324	-6.2866	-2.1973	3.1860	3.5266	32.9095	47.2100	381	467	-216	100805	0.43 
175.303	2015-01-01 00:03:51.840	0.0454	0.0938	0.9863	-1.0986	-2.2583	-3.4790	3.1915	3.2135	32.9095	47.1100	380	468	-216	100805	0.43 
175.349	2015-01-01 00:03:51.880	0.0322	0.1172	0.9946	-1.8311	5.5542	-4.5166	3.2190	3.2135	32.8931	47.0700	382	468	-217	100805	0.43 
175.381	2015-01-01 00:03:51.920	0.0259	0.0840	1.0078	-1.8921	3.6011	-5.4321	3.2135	3.3069	32.8381	47.0700	381	466	-216	100805	0.43 
175.412	2015-01-01 00:03:51.960	0.0200	0.0762	1.0229	-1.5869	2.5635	-4.2725	3.1586	3.3179	32.8107	47.2100	381	466	-212	100804	0.43 
175.459	2015-01-01 00:03:52.000	0.0137	0.0791	1.0181	-1.2817	0.7935	-3.4790	3.1311	3.3014	32.8052	47.1100	379	469	-215	100805	0.43 
175.490	2015-01-01 00:03:52.040	0.0303	0.0781	1.0063	-1.8921	3.6621	-3.7842	3.1036	3.2904	32.7832	47.1100	379	471	-218	100805	0.43 
175.552	2015-01-01 00:03:52.080	0.0146	0.0674	1.0156	-1.5869	5.9814	-3.4180	3.0487	3.4058	32.7832	47.0200	379	472	-219	100805	0.43 
175.584	2015-01-01 00:03:52.120	0.0059	0.0654	1.0186	-1.2207	5.9204	-2.9907	2.9993	3.5651	32.8162	47.0700	380	470	-216	100805	0.43 
175.615	2015-01-01 00:03:52.160	0.0083	0.0791	1.0244	-1.0376	4.3945	-3.2959	2.9773	3.6694	32.8271	47.1100	380	468	-217	100805	0.43 
175.662	2015-01-01 00:03:52.200	0.0137	0.0962	1.0176	-0.4272	4.2725	-1.7700	3.0103	3.7518	32.8711	47.0700	381	468	-218	100805	0.43 
175.709	2015-01-01 00:03:52.240	0.0195	0.0835	1.0088	-0.1221	3.1128	-1.8311	3.0542	3.7903	32.9480	47.0700	381	467	-219	100805	0.43 
175.756	2015-01-01 00:03:52.280	0.0171	0.0698	1.0254	0.0610	4.5166	-2.5024	3.0762	3.8287	33.0029	47.1100	379	468	-217	100805	0.43 
175.788	2015-01-01 00:03:52.320	0.0093	0.0659	1.0156	-0.4272	4.2725	-3.3569	3.0817	3.9166	33.0194	47.0700	379	468	-219	100805	0.43 
175.819	2015-01-01 00:03:52.360	0.0103	0.0703	1.0210	-0.7935	2.8076	-3.8452	3.0542	3.9441	33.0084	47.0700	380	467	-217	100805	0.43 
175.866	2015-01-01 00:03:52.400	0.0181	0.0801	1.0117	-0.4883	3.8452	-2.7466	3.0652	3.9661	33.0139	47.0700	378	463	-216	100805	0.43 
175.913	2015-01-01 00:03:52.440	0.0161	0.0811	1.0171	0.0000	3.7231	-1.1597	3.0872	4.0100	33.0908	46.8700	378	464	-214	100804	0.43 
175.959	2015-01-01 00:03:52.480	0.0137	0.0684	1.0093	-0.0610	5.0049	-2.0142	3.1311	4.0485	33.1622	46.6800	380	470	-215	100805	0.43 
175.991	2015-01-01 00:03:52.520	0.0063	0.0708	1.0195	-0.1831	5.4321	-3.8452	3.1421	4.1913	33.1677	47.0200	380	472	-213	100805	0.43 
176.022	2015-01-01 00:03:52.560	0.0029	0.0840	1.0234	-0.5493	3.7231	-4.6387	3.1531	4.2572	33.1128	47.0700	380	474	-212	100804	0.43 
176.069	2015-01-01 00:03:52.600	0.0015	0.0859	1.0176	-0.0610	2.1973	-3.1738	3.1641	4.2737	33.0908	47.0700	383	469	-215	100804	0.43 
176.116	2015-01-01 00:03:52.640	-0.0005	0.0796	1.0127	0.0000	2.6245	-2.7466	3.1915	4.2627	33.1128	46.9200	384	467	-219	100804	0.43 
176.194	2015-01-01 00:03:52.680	0.0029	0.0796	1.0210	-0.3052	1.5259	-2.0142	3.2025	4.2572	33.1458	47.1100	384	472	-216	100804	0.43 
176.210	2015-01-01 00:03:52.720	0.0005	0.0806	1.0117	-0.1831	0.9155	-1.0376	3.2300	4.1913	33.2062	46.8300	385	471	-216	100804	0.43 
176.257	2015-01-01 00:03:52.760	0.0073	0.0581	1.0083	-0.2441	2.4414	-2.1362	3.2355	4.1528	33.2666	47.1100	382	472	-214	100804	0.43 
176.288	2015-01-01 00:03:52.800	0.0083	0.0742	1.0156	-0.3052	2.2583	-2.6245	3.2355	4.1528	33.2886	46.8700	383	471	-215	100804	0.43 
176.320	2015-01-01 00:03:52.840	0.0068	0.0820	1.0161	-0.1831	2.5024	-1.8311	3.2629	4.1364	33.3325	47.1100	385	473	-220	100804	0.43 
176.413	2015-01-01 00:03:52.880	0.0078	0.0801	1.0132	0.0000	3.3569	-2.3193	3.2849	4.1583	33.3710	47.0700	385	470	-220	100804	0.43 
176.413	2015-01-01 00:03:52.920	0.0088	0.0762	1.0181	-0.2441	3.4180	-2.8076	3.3014	4.1858	33.4039	47.0200	385	469	-218	100804	0.43 
176.444	2015-01-01 00:03:52.960	0.0239	0.0752	1.0073	-0.0610	5.5542	-3.9673	3.3069	4.2572	33.4094	47.0700	385	465	-219	100804	0.43 
176.475	2015-01-01 00:03:53.000	0.0127	0.0801	1.0181	-1.4648	7.3242	-5.3101	3.2904	4.4165	33.3765	47.0700	384	465	-219	100804	0.43 
176.523	2015-01-01 00:03:53.040	0.0049	0.0859	1.0171	-3.6011	10.0708	-6.1646	3.2190	4.6747	33.2831	47.1100	384	468	-217	100804	0.43 
176.600	2015-01-01 00:03:53.080	0.0425	0.0767	1.0029	-7.3242	7.1411	-4.9438	3.0103	4.8395	33.2172	47.0200	385	470	-217	100804	0.43 
176.600	2015-01-01 00:03:53.120	0.0425	0.0610	0.9629	-7.2021	22.9492	-6.7749	2.7466	5.2515	33.1842	47.1100	386	471	-216	100804	0.43 
176.647	2015-01-01 00:03:53.160	0.0220	0.0498	0.9668	-6.8970	35.9497	-17.3340	2.4225	6.3336	32.8711	46.9200	386	471	-215	100804	0.43 
176.678	2015-01-01 00:03:53.200	-0.0107	0.0654	0.9346	-2.8687	50.0488	-16.4185	2.2083	7.9541	32.3492	47.0700	385	471	-214	100804	0.43 
176.725	2015-01-01 00:03:53.240	-0.0518	0.0542	0.9785	-1.7700	50.9644	-8.3008	2.1149	9.8492	32.1130	47.1100	388	471	-214	100804	0.43 
176.803	2015-01-01 00:03:53.280	-0.0771	0.0396	1.0166	-3.7842	52.0020	-7.3242	1.9830	11.7828	32.0471	46.8300	394	468	-214	100804	0.43 
176.819	2015-01-01 00:03:53.320	-0.0615	0.0391	1.0313	-5.6763	46.3257	-8.7280	1.7358	13.5297	31.9318	46.9200	397	467	-214	100804	0.43 
176.866	2015-01-01 00:03:53.360	-0.0903	0.0542	1.0645	-2.0752	51.7578	-2.5635	1.5765	15.2380	31.9153	47.0700	399	471	-213	100804	0.43 
176.897	2015-01-01 00:03:53.400	-0.2241	0.0269	1.2588	2.0752	54.6265	-0.9766	1.6260	17.2156	32.0691	47.0700	397	475	-214	100804	0.43 
176.944	2015-01-01 00:03:53.440	-0.3818	0.1011	1.2480	2.1362	86.1206	-9.8267	1.6260	19.7809	31.8933	46.9200	401	476	-213	100804	0.43 
177.006	2015-01-01 00:03:53.480	-0.5542	0.1660	1.4604	2.7466	82.1533	-0.8545	1.9171	23.5492	31.9098	46.9200	414	474	-211	100805	0.43 
177.053	2015-01-01 00:03:53.520	-0.4092	0.1064	1.3594	-3.7842	36.8652	0.8545	1.9940	25.5212	32.1570	46.9200	418	474	-211	100804	0.43 
177.069	2015-01-01 00:03:53.560	-0.3804	0.0464	1.2046	0.2441	34.6680	-5.7983	1.8292	26.5704	32.0911	47.1100	425	471	-207	100805	0.43 
177.100	2015-01-01 00:03:53.600	-0.5415	0.0669	1.1064	5.8594	45.4102	-4.3335	1.9885	28.1415	32.0251	47.0700	431	471	-207	100805	0.43 
177.131	2015-01-01 00:03:53.640	-0.6123	0.0845	1.1519	0.7324	49.1943	-5.4932	2.0709	30.0641	31.8713	47.1100	435	470	-205	100805	0.43 
177.210	2015-01-01 00:03:53.680	-0.6089	0.0776	1.1152	-4.3945	21.4233	-6.8359	1.8842	31.4264	31.6516	46.9200	438	470	-205	100805	0.43 
177.225	2015-01-01 00:03:53.720	-0.5171	0.0479	0.9561	-0.1221	15.9302	-3.9673	1.6809	31.9702	31.3934	47.0700	441	473	-200	100805	0.43 
177.256	2015-01-01 00:03:53.760	-0.4854	0.0522	1.0142	1.6479	5.0659	-1.7700	1.7303	32.3438	31.3879	46.8700	443	472	-201	100805	0.43 
177.319	2015-01-01 00:03:53.800	-0.4517	0.0894	0.7754	0.1221	-9.6436	-2.6245	1.7633	31.9592	31.2891	46.8700	444	473	-202	100805	0.43 
177.381	2015-01-01 00:03:53.840	-0.3857	0.0566	0.7988	2.5635	0.6714	1.4038	1.8622	31.7340	31.3055	47.0700	442	477	-205	100805	0.43 
177.428	2015-01-01 00:03:53.880	-0.4077	0.0156	0.8120	3.2349	-5.6763	-0.1221	2.0270	31.5308	31.3934	46.8700	442	474	-204	100805	0.43 
177.460	2015-01-01 00:03:53.920	-0.3818	0.0356	0.7637	1.2207	-16.4795	-4.5166	2.0215	30.9375	31.2781	47.0700	444	470	-207	100804	0.43 
177.491	2015-01-01 00:03:53.960	-0.3691	0.1040	0.7324	1.8921	-29.2358	2.6855	2.1149	29.8883	31.2506	47.0700	445	469	-208	100804	0.43 
177.553	2015-01-01 00:03:54.000	-0.3320	0.0708	0.6812	2.3193	-29.2358	6.4087	2.4445	28.6029	31.5472	47.1100	443	470	-205	100804	0.43 
177.585	2015-01-01 00:03:54.040	-0.3560	0.0337	0.7109	-2.1362	-30.2124	4.2114	2.5598	27.3779	31.7670	46.8700	441	468	-206	100804	0.43 
177.663	2015-01-01 00:03:54.080	-0.3472	0.0430	0.7246	-0.1831	-30.0293	4.6387	2.5378	26.1420	31.9153	46.8700	436	467	-207	100804	0.43 
177.694	2015-01-01 00:03:54.120	-0.3398	0.0200	0.6665	-2.0752	-26.8555	2.3804	2.5378	25.0214	32.0361	47.1100	435	466	-209	100804	0.43 
177.694	2015-01-01 00:03:54.160	-0.3711	0.0435	0.6431	-9.7046	-25.6958	4.2114	2.2906	24.0710	32.1021	46.5900	436	464	-210	100804	0.43 
177.725	2015-01-01 00:03:54.200	-0.3530	0.0747	0.7529	-2.5024	-24.9634	10.9863	2.2192	23.1207	32.3987	46.9200	431	468	-212	100803	0.43 
177.788	2015-01-01 00:03:54.240	-0.3589	0.0669	0.8042	2.0142	-24.9634	17.5781	2.5763	22.1539	33.0634	46.8700	428	464	-212	100803	0.43 
177.820	2015-01-01 00:03:54.280	-0.3315	0.0015	0.8813	-0.5493	-20.7520	10.3760	2.7740	21.2311	33.6401	47.0200	427	463	-212	100803	0.44 
177.851	2015-01-01 00:03:54.320	-0.3208	0.0229	1.0010	0.4272	-25.5127	1.5869	2.7960	20.2863	33.8708	46.9200	428	465	-212	100803	0.44 
177.913	2015-01-01 00:03:54.360	-0.2510	0.0640	0.9351	-0.1831	-31.1890	-5.8594	2.7466	19.0283	33.7665	46.8700	426	462	-214	100802	0.44 
177.928	2015-01-01 00:03:54.400	-0.2271	0.0703	0.9058	-1.4648	-20.9351	-8.2397	2.6257	17.8583	33.4918	46.8700	424	461	-215	100802	0.44 
177.991	2015-01-01 00:03:54.440	-0.2612	0.1113	0.9731	-2.6855	-9.2773	-8.6060	2.5159	17.3035	33.1567	46.9200	421	464	-215	100802	0.44 
178.022	2015-01-01 00:03:54.480	-0.2813	0.1021	0.9731	-3.7231	-1.8921	-2.4414	2.4390	17.0508	33.0414	46.5400	419	466	-212	100802	0.44 
178.069	2015-01-01 00:03:54.520	-0.2920	0.0752	1.0112	-0.7324	-4.2725	7.0190	2.4390	16.9409	33.2446	46.6800	417	467	-214	100802	0.44 
178.100	2015-01-01 00:03:54.560	-0.2065	0.0015	0.9946	0.4272	-11.5356	5.7373	2.4884	16.5234	33.6127	47.0700	418	465	-215	100802	0.44 
178.147	2015-01-01 00:03:54.600	-0.1895	-0.0186	0.9922	-0.2441	-8.8501	-4.3945	2.4115	15.9741	33.7170	46.9200	418	463	-217	100801	0.44 
178.194	2015-01-01 00:03:54.640	-0.1909	0.0322	0.9741	-0.3662	-5.0659	-13.6719	2.2522	15.6006	33.4314	46.8700	418	462	-216	100801	0.44 
178.225	2015-01-01 00:03:54.680	-0.1919	0.0806	0.9893	-1.3428	-3.4180	-15.8081	2.0654	15.3534	32.8821	47.0200	414	465	-217	100801	0.44 
178.272	2015-01-01 00:03:54.720	-0.1987	0.0869	0.9951	-1.2207	-2.3804	-9.8877	1.9446	15.1666	32.4756	46.9200	413	467	-219	100801	0.44 
178.319	2015-01-01 00:03:54.760	-0.1807	0.0645	0.9844	1.0376	-1.7700	-6.2866	1.9391	15.0018	32.3053	46.9200	412	468	-216	100801	0.44 
178.350	2015-01-01 00:03:54.800	-0.1724	0.0557	0.9854	0.1221	0.6104	-6.3477	1.9336	14.8645	32.1844	47.0700	411	469	-216	100801	0.44 
178.429	2015-01-01 00:03:54.840	-0.1719	0.0518	1.0103	0.1221	1.9531	-8.1787	1.8951	14.8206	32.0197	46.8700	409	468	-216	100801	0.44 
178.444	2015-01-01 00:03:54.880	-0.1816	0.0493	0.9893	0.0000	1.7700	-9.7046	1.8347	14.7986	31.7944	46.9200	409	469	-215	100800	0.44 
178.460	2015-01-01 00:03:54.920	-0.1855	0.0591	1.0029	-0.2441	2.4414	-9.2773	1.7688	14.7986	31.5417	47.0700	408	471	-213	100800	0.44 
178.522	2015-01-01 00:03:54.960	-0.1763	0.0684	1.0034	0.3662	2.0142	-8.6670	1.7358	14.7876	31.3220	46.9200	407	467	-214	100800	0.44 
178.570	2015-01-01 00:03:55.000	-0.1885	0.0781	1.0063	0.1831	1.5869	-7.9346	1.7249	14.7656	31.1298	47.0200	406	467	-215	100800	0.44 
178.616	2015-01-01 00:03:55.040	-0.1899	0.0874	0.9961	0.1221	2.9297	-5.4321	1.7249	14.7711	31.0254	46.8700	405	469	-215	100800	0.44 
178.648	2015-01-01 00:03:55.080	-0.1831	0.0747	1.0181	-0.8545	3.0518	-1.2817	1.7523	14.8151	31.0474	46.9200	405	466	-214	100800	0.44 
178.679	2015-01-01 00:03:55.120	-0.1836	0.0830	1.0122	-0.2441	1.6479	0.3662	1.7963	14.7656	31.1957	46.8700	403	466	-214	100800	0.44 
178.742	2015-01-01 00:03:55.160	-0.1743	0.0605	0.9980	-1.4038	0.9766	0.2441	1.8292	14.7162	31.3660	47.0200	403	467	-215	100800	0.44 
178.773	2015-01-01 00:03:55.200	-0.1768	0.0396	0.9858	-0.9766	2.2583	-2.0752	1.7963	14.6777	31.4758	46.8700	403	468	-215	100800	0.44 
178.819	2015-01-01 00:03:55.240	-0.1787	0.0527	1.0176	-1.4038	2.1362	-5.7373	1.7413	14.6887	31.4484	46.8700	404	469	-216	100800	0.44 
178.851	2015-01-01 00:03:55.280	-0.1577	0.0679	1.0005	-1.1597	0.2441	-7.2632	1.6754	14.6008	31.3165	47.0700	406	469	-216	100799	0.44 
178.882	2015-01-01 00:03:55.320	-0.1655	0.0562	0.9927	0.0000	2.3804	-5.8594	1.6425	14.5459	31.2067	47.2100	406	466	-214	100800	0.44 
178.929	2015-01-01 00:03:55.360	-0.1670	0.0649	1.0093	0.6104	2.9297	-6.4697	1.6425	14.5404	31.1133	46.9200	405	466	-213	100800	0.44 
178.960	2015-01-01 00:03:55.400	-0.1743	0.0703	1.0015	0.2441	2.9297	-6.2256	1.6534	14.5569	31.0089	47.0200	403	469	-211	100799	0.44 
179.022	2015-01-01 00:03:55.440	-0.1753	0.0679	1.0000	0.1221	1.8311	-5.3101	1.6699	14.5459	30.9320	47.0700	403	469	-211	100799	0.44 
179.054	2015-01-01 00:03:55.480	-0.1689	0.0654	1.0083	-0.1221	1.7700	-5.4932	1.6644	14.5074	30.8716	46.6800	403	467	-210	100800	0.44 
179.085	2015-01-01 00:03:55.520	-0.1680	0.0659	1.0044	-0.2441	1.8921	-4.7607	1.6534	14.4690	30.8221	47.0700	404	468	-212	100799	0.44 
179.148	2015-01-01 00:03:55.560	-0.1675	0.0688	1.0020	-0.4883	2.8687	-3.5400	1.6479	14.4525	30.8112	46.8700	403	471	-218	100799	0.44 
179.179	2015-01-01 00:03:55.600	-0.1709	0.0654	1.0117	-1.0376	1.3428	-2.9907	1.6425	14.4305	30.8331	46.9200	401	471	-217	100799	0.44 
179.257	2015-01-01 00:03:55.640	-0.1680	0.0620	1.0015	-1.1597	1.0986	-2.8687	1.6260	14.3646	30.8661	46.8700	404	469	-216	100799	0.44 
179.257	2015-01-01 00:03:55.680	-0.1699	0.0562	1.0000	-0.9766	1.0986	-2.3804	1.6150	14.3042	30.9320	46.9200	408	466	-217	100799	0.44 
179.320	2015-01-01 00:03:55.720	-0.1636	0.0640	1.0039	-0.2441	1.0376	-2.0142	1.6260	14.2328	31.0144	46.8700	406	466	-216	100799	0.44 
179.351	2015-01-01 00:03:55.760	-0.1636	0.0664	1.0000	-0.7935	1.7090	-2.0142	1.6370	14.1669	31.0913	46.8700	406	467	-214	100799	0.44 
179.382	2015-01-01 00:03:55.800	-0.1646	0.0669	1.0078	-0.9766	1.0986	-1.1597	1.6425	14.1119	31.1902	46.8700	403	470	-213	100799	0.44 
179.476	2015-01-01 00:03:55.840	-0.1523	0.0571	1.0039	-0.8545	1.0376	-1.4038	1.6479	14.0131	31.2946	46.8700	401	470	-214	100798	0.44 
179.476	2015-01-01 00:03:55.880	-0.1572	0.0532	1.0054	-0.6104	1.2817	-2.6855	1.6315	13.9471	31.3550	47.0200	403	468	-219	100799	0.44 
179.507	2015-01-01 00:03:55.920	-0.1504	0.0605	0.9971	-0.9155	1.9531	-2.1362	1.6315	13.8922	31.4044	47.0700	402	467	-217	100799	0.44 
179.538	2015-01-01 00:03:55.960	-0.1558	0.0542	0.9990	0.1831	3.4790	-2.8687	1.6479	13.8812	31.4484	47.2100	403	468	-214	100799	0.44 
179.585	2015-01-01 00:03:56.000	-0.1646	0.0605	1.0083	-0.3052	4.9438	-4.2725	1.6534	13.9691	31.4539	47.1100	404	468	-213	100798	0.44 
179.632	2015-01-01 00:03:56.040	-0.1626	0.0664	1.0088	-0.3662	3.3569	-4.2725	1.6534	14.0186	31.4209	46.8700	403	468	-214	100798	0.44 
179.663	2015-01-01 00:03:56.080	-0.1631	0.0596	1.0054	-0.0610	3.7231	-3.5400	1.6589	14.0515	31.4099	47.1100	400	467	-211	100799	0.44 
179.710	2015-01-01 00:03:56.120	-0.1729	0.0581	0.9956	-0.3052	3.4790	-3.3569	1.6534	14.1064	31.4209	47.0700	399	466	-210	100798	0.44 
179.741	2015-01-01 00:03:56.160	-0.1704	0.0547	1.0059	-0.3662	2.9907	-3.0518	1.6589	14.1449	31.4374	47.0700	400	468	-212	100798	0.44 
179.788	2015-01-01 00:03:56.200	-0.1665	0.0601	1.0073	-0.1831	2.1973	-2.1362	1.6754	14.1449	31.4813	47.1100	400	469	-212	100798	0.44 
179.835	2015-01-01 00:03:56.240	-0.1636	0.0605	1.0044	-0.0610	2.5024	-2.1362	1.7029	14.1284	31.5472	47.0700	404	466	-212	100798	0.44 
179.882	2015-01-01 00:03:56.280	-0.1694	0.0601	1.0073	0.0000	2.3193	-2.0142	1.7194	14.1174	31.5967	47.0200	402	469	-214	100798	0.44 
179.913	2015-01-01 00:03:56.320	-0.1650	0.0591	1.0015	-0.1831	1.7090	-2.0142	1.7468	14.0790	31.6571	47.0700	402	472	-214	100798	0.44 
179.960	2015-01-01 00:03:56.360	-0.1543	0.0542	0.9985	-0.1221	1.8311	-1.7700	1.7633	14.0295	31.7120	46.9200	401	472	-215	100798	0.44 
180.007	2015-01-01 00:03:56.400	-0.1616	0.0615	0.9995	0.0610	2.3804	-2.1973	1.7908	13.9966	31.7670	47.0200	402	469	-214	100798	0.44 
180.070	2015-01-01 00:03:56.440	-0.1680	0.0659	1.0088	0.0610	2.9907	-0.9766	1.8237	13.9911	31.8439	47.2100	405	466	-215	100798	0.44 
180.101	2015-01-01 00:03:56.480	-0.1748	0.0679	1.0044	0.1831	3.9673	0.7324	1.8787	14.0350	31.9812	47.2100	405	466	-215	100798	0.44 
180.132	2015-01-01 00:03:56.520	-0.1787	0.0615	0.9580	-1.2817	5.3711	0.8545	1.9226	14.0900	32.1570	46.9200	404	468	-214	100798	0.44 
180.163	2015-01-01 00:03:56.560	-0.2373	0.0947	0.9658	-0.3662	20.2637	4.5776	1.9720	14.5789	32.3712	47.2600	403	469	-211	100799	0.44 
180.210	2015-01-01 00:03:56.600	-0.3145	0.0688	0.9912	-1.1597	25.3906	7.2021	2.1204	15.5786	32.7722	47.0200	406	466	-214	100799	0.44 
180.273	2015-01-01 00:03:56.640	-0.3037	0.0093	0.9341	-2.8687	21.4844	5.4932	2.1039	16.5344	33.1073	47.0700	408	469	-215	100799	0.44 
180.304	2015-01-01 00:03:56.680	-0.2920	0.0439	0.8999	-2.1362	24.7192	3.4180	2.0544	17.4683	33.3655	46.8700	410	467	-213	100799	0.44 
180.336	2015-01-01 00:03:56.720	-0.2905	0.0513	0.8936	-2.2583	34.1187	1.4038	2.0325	18.6493	33.5303	47.0700	411	467	-212	100798	0.44 
180.367	2015-01-01 00:03:56.760	-0.2876	0.0449	0.8940	-0.3662	44.7388	-1.4038	2.0380	20.1929	33.6401	46.8700	413	467	-212	100799	0.44 
180.444	2015-01-01 00:03:56.800	-0.3403	0.0381	0.8765	-1.2817	54.3823	-8.6060	1.9720	22.2144	33.5083	46.8300	416	467	-212	100799	0.44 
180.476	2015-01-01 00:03:56.840	-0.3765	0.0303	0.8145	-2.5635	55.7251	-11.9019	1.7633	24.4116	33.1128	47.2600	422	468	-211	100799	0.44 
180.507	2015-01-01 00:03:56.880	-0.3672	0.0234	0.7871	-2.4414	62.3779	-11.6577	1.4612	26.8176	32.6294	47.1100	423	470	-211	100798	0.44 
180.539	2015-01-01 00:03:56.920	-0.3921	0.0425	0.7949	-2.6855	53.5278	-5.3101	1.2524	29.1028	32.3053	47.1100	428	471	-207	100799	0.44 
180.570	2015-01-01 00:03:56.960	-0.4067	0.0850	0.8257	-2.5635	44.3115	7.2021	1.3129	30.8606	32.4756	47.2600	434	470	-203	100799	0.44 
180.616	2015-01-01 00:03:57.000	-0.3989	0.0586	0.8218	-5.7983	32.0435	4.8828	1.4941	32.2833	32.8986	47.1100	438	469	-200	100799	0.44 
180.679	2015-01-01 00:03:57.040	-0.3506	0.0454	0.7754	-14.0381	26.0010	-6.4087	1.0272	33.2446	32.9041	47.2100	442	467	-201	100799	0.44 
180.710	2015-01-01 00:03:57.080	-0.3530	0.1001	0.7300	-12.5732	17.8223	-8.4839	0.3900	33.8708	32.5085	47.1100	450	467	-201	100799	0.44 
180.741	2015-01-01 00:03:57.120	-0.3550	0.0518	0.6719	-12.9395	25.8179	9.8877	0.0989	34.5630	32.6953	47.1100	450	468	-198	100799	0.44 
180.788	2015-01-01 00:03:57.160	-0.3892	-0.0576	0.6860	-12.2070	25.2686	14.4043	-0.0439	35.4309	33.3765	47.0700	455	473	-195	100799	0.44 
180.851	2015-01-01 00:03:57.200	-0.4351	-0.0088	0.7803	-8.4229	13.8550	4.8218	-0.2747	36.1505	33.7775	47.1100	459	477	-198	100799	0.44 
180.882	2015-01-01 00:03:57.240	-0.4136	-0.0088	0.7695	-3.3569	-4.1504	-6.0425	-0.5438	36.0736	33.6292	47.0700	461	475	-195	100799	0.44 
180.913	2015-01-01 00:03:57.280	-0.4341	0.1133	0.7705	-0.0610	-13.1836	4.7607	-0.5658	35.5188	33.6292	47.1100	460	473	-194	100800	0.44 
180.944	2015-01-01 00:03:57.320	-0.4497	0.0894	0.9917	9.8877	-20.6909	-0.2441	0.0000	34.6509	33.7830	47.1100	460	472	-194	100800	0.44 
180.991	2015-01-01 00:03:57.360	-0.5063	-0.0615	0.9653	11.1084	-43.0298	-5.3101	0.3680	33.0579	33.7885	47.1100	460	472	-195	100800	0.44 
181.054	2015-01-01 00:03:57.400	-0.4458	0.0112	1.0366	8.7280	-46.5088	-18.7988	0.3351	31.0583	33.0634	47.2600	456	471	-196	100800	0.44 
181.086	2015-01-01 00:03:57.440	-0.5391	0.0889	1.1514	7.0801	-47.4854	-9.3384	0.3955	29.0479	32.4756	47.1100	453	470	-197	100801	0.44 
181.148	2015-01-01 00:03:57.480	-0.5449	0.0117	1.1763	1.4038	-68.4814	-4.8828	0.5493	26.5814	32.2888	47.2100	446	471	-198	100801	0.44 
181.179	2015-01-01 00:03:57.520	-0.4448	0.0493	1.2202	3.5400	-65.0024	-12.7563	0.4230	23.8678	31.8658	46.9200	439	471	-201	100801	0.44 
181.210	2015-01-01 00:03:57.560	-0.4688	0.0190	1.2188	2.0752	-90.2710	-10.1318	0.4230	20.7532	31.5198	47.0200	431	474	-200	100802	0.44 
181.257	2015-01-01 00:03:57.600	-0.2964	0.0791	1.3633	5.5542	-83.6792	-12.2070	0.4175	16.9080	31.1078	47.0200	424	467	-202	100802	0.44 
181.289	2015-01-01 00:03:57.640	-0.3560	0.0703	1.4282	-1.9531	-62.1948	-2.7466	0.5768	14.3591	31.0254	47.2100	419	463	-202	100802	0.44 
181.351	2015-01-01 00:03:57.680	-0.1602	0.0386	1.3213	-2.3804	-72.3877	-5.3101	0.3680	11.3983	30.9924	47.0700	408	466	-206	100802	0.44 
181.383	2015-01-01 00:03:57.720	0.0420	0.1270	1.1045	-5.3711	-44.1895	0.0000	0.3516	8.9758	31.0583	47.0700	404	463	-210	100803	0.44 
181.414	2015-01-01 00:03:57.760	0.1094	0.0474	0.8882	-4.1504	-31.2500	3.4180	0.3186	7.2729	31.4099	47.0700	396	467	-210	100803	0.44 
181.508	2015-01-01 00:03:57.800	0.1606	0.0244	0.9419	0.0610	-26.9775	-2.0752	0.3241	5.7349	31.6681	47.0200	389	472	-209	100803	0.43 
181.508	2015-01-01 00:03:57.840	0.1836	0.0420	1.0220	3.7842	-27.5269	-0.9155	0.4669	4.3561	31.8219	46.8300	385	474	-209	100803	0.43 
181.539	2015-01-01 00:03:57.880	0.1792	0.0654	1.0215	6.2866	-38.5742	5.0049	0.7690	2.6642	32.1130	46.9200	385	475	-208	100803	0.43 
181.570	2015-01-01 00:03:57.920	0.1812	0.0107	1.0059	3.7231	-34.9731	6.0425	1.0162	0.8954	32.5195	47.1100	380	475	-209	100804	0.43 
181.632	2015-01-01 00:03:57.960	0.1416	0.0215	1.0039	4.2114	-28.9307	4.2725	1.1700	-0.5823	32.8766	46.9200	380	474	-209	100804	0.43 
181.695	2015-01-01 00:03:58.000	0.1201	0.0503	1.0127	4.9438	-20.9351	2.9297	1.3953	-1.7358	33.1458	47.1100	375	471	-212	100804	0.43 
181.726	2015-01-01 00:03:58.040	0.1025	0.0508	0.9966	3.6011	-17.9443	2.6245	1.6150	-2.5928	33.4094	47.0200	373	469	-212	100803	0.43 
181.758	2015-01-01 00:03:58.080	0.1167	0.0732	0.9912	2.9907	-14.9536	2.0752	1.7908	-3.3344	33.6017	47.1100	371	471	-212	100803	0.43 
181.789	2015-01-01 00:03:58.120	0.1191	0.0645	0.9897	3.7842	-9.2163	6.1646	1.9775	-3.8782	33.8708	47.0700	370	476	-213	100804	0.43 
181.866	2015-01-01 00:03:58.160	0.1260	0.0537	0.9917	1.9531	-6.9580	7.8735	2.1094	-4.2462	34.2609	47.1100	369	477	-212	100804	0.43 
181.914	2015-01-01 00:03:58.200	0.1489	0.0757	1.0024	1.0986	-1.0986	4.6997	2.1918	-4.4714	34.6124	46.9200	369	476	-214	100804	0.43 
181.914	2015-01-01 00:03:58.240	0.1738	0.0581	1.0000	0.6714	0.6104	1.9531	2.2632	-4.5868	34.8376	46.8700	368	476	-211	100804	0.43 
181.945	2015-01-01 00:03:58.280	0.1821	0.0293	0.9990	1.3428	1.5869	0.9155	2.3071	-4.6747	34.9969	46.8700	369	475	-211	100804	0.43 
182.007	2015-01-01 00:03:58.320	0.1865	0.0371	0.9937	1.7090	3.2349	-2.1362	2.3730	-4.7131	35.0793	47.2600	370	474	-212	100804	0.43 
182.023	2015-01-01 00:03:58.360	0.1685	0.0669	1.0146	0.9155	3.4180	-5.0659	2.4500	-4.7021	35.0354	47.2100	371	473	-214	100804	0.43 
182.101	2015-01-01 00:03:58.400	0.1650	0.1250	1.0024	0.6714	2.3804	-0.9155	2.5653	-4.6967	34.9860	47.0700	369	472	-216	100804	0.43 
182.132	2015-01-01 00:03:58.440	0.1528	0.1411	1.0161	1.6479	0.9766	6.0425	2.7301	-4.7351	35.1947	47.0700	365	472	-215	100804	0.43 
182.163	2015-01-01 00:03:58.480	0.1538	0.0566	1.0015	1.7700	-2.3804	7.8125	2.8564	-4.8834	35.5682	47.0200	362	473	-215	100804	0.43 
182.210	2015-01-01 00:03:58.520	0.1763	-0.0098	0.9775	-0.8545	-0.6714	2.1973	2.8180	-5.0757	35.8759	47.0700	367	472	-214	100804	0.43 
182.241	2015-01-01 00:03:58.560	0.1729	0.0049	0.9956	-2.2583	3.7842	-5.9204	2.6697	-5.1306	35.8868	47.0700	370	471	-213	100804	0.43 
182.305	2015-01-01 00:03:58.600	0.1553	0.0752	1.0103	-1.8921	5.6152	-5.9814	2.6038	-5.0098	35.7220	47.1100	371	471	-213	100804	0.43 
182.336	2015-01-01 00:03:58.640	0.1699	0.0850	0.9863	-0.8545	6.8359	-3.4180	2.6147	-4.8615	35.6451	47.1100	372	471	-215	100804	0.43 
182.367	2015-01-01 00:03:58.680	0.1660	0.0737	1.0063	0.6714	8.2397	-2.7466	2.6752	-4.6582	35.6287	47.1100	373	471	-219	100804	0.43 
182.413	2015-01-01 00:03:58.720	0.1650	0.0718	0.9844	2.4414	9.6436	-4.0283	2.7960	-4.4275	35.6122	47.1100	375	471	-218	100804	0.43 
182.445	2015-01-01 00:03:58.760	0.1592	0.0835	0.9907	1.8311	13.9160	-5.1270	2.9498	-4.0155	35.5243	47.1100	376	472	-214	100804	0.43 
182.508	2015-01-01 00:03:58.800	0.1411	0.0488	1.0200	0.5493	8.8501	-3.0518	3.0212	-3.6584	35.4803	46.9200	374	475	-212	100803	0.43 
182.539	2015-01-01 00:03:58.840	0.1187	0.0464	1.0430	0.0000	0.9766	-3.2349	3.0212	-3.5651	35.4474	47.0700	375	472	-217	100803	0.43 
182.570	2015-01-01 00:03:58.880	0.1450	0.0674	0.9946	0.6714	1.8921	-3.2959	3.0542	-3.6090	35.4144	47.2100	375	470	-214	100804	0.43 
182.616	2015-01-01 00:03:58.920	0.1602	0.0767	0.9854	1.4648	5.5542	-2.3804	3.1476	-3.5815	35.3979	47.0700	374	470	-213	100804	0.43 
182.648	2015-01-01 00:03:58.960	0.1421	0.0806	1.0059	1.7090	8.4229	-1.5869	3.2520	-3.4058	35.4309	47.1100	374	468	-215	100804	0.43 
182.710	2015-01-01 00:03:59.000	0.1313	0.0737	1.0166	2.5024	6.0425	-1.0986	3.3673	-3.2190	35.4913	46.9200	376	466	-218	100804	0.43 
182.742	2015-01-01 00:03:59.040	0.1270	0.0645	0.9966	2.5635	5.1880	-0.9766	3.4827	-3.1091	35.5627	46.8700	377	467	-216	100804	0.43 
182.773	2015-01-01 00:03:59.080	0.1396	0.0884	1.0142	2.6245	3.1128	-0.6104	3.6090	-3.0267	35.6396	47.1100	379	471	-219	100804	0.43 
182.804	2015-01-01 00:03:59.120	0.1406	0.0903	1.0059	1.9531	5.3711	-0.9155	3.7299	-2.9993	35.7166	47.2100	383	476	-220	100804	0.43 
182.851	2015-01-01 00:03:59.160	0.1323	0.0918	1.0161	0.1221	5.3711	-1.7090	3.8068	-2.8674	35.7550	47.0700	380	475	-220	100804	0.43 
182.913	2015-01-01 00:03:59.200	0.1304	0.0825	1.0093	-0.9766	4.7607	-2.3193	3.8123	-2.7905	35.7770	47.2600	380	472	-220	100804	0.43 
182.945	2015-01-01 00:03:59.240	0.1309	0.0747	1.0073	-0.2441	6.0425	-3.7842	3.8123	-2.6807	35.7550	47.2600	380	471	-220	100804	0.43 
182.991	2015-01-01 00:03:59.280	0.1313	0.0786	1.0083	-1.0986	7.1411	-4.3335	3.8068	-2.5214	35.6946	46.8700	378	471	-218	100804	0.43 
183.023	2015-01-01 00:03:59.320	0.1270	0.0713	1.0039	-0.1221	7.6294	-4.2725	3.7958	-2.3126	35.6287	47.0700	378	474	-220	100804	0.43 
183.085	2015-01-01 00:03:59.360	0.1289	0.0708	1.0024	-0.0610	8.8501	-6.8970	3.8068	-2.1039	35.5133	46.9200	378	475	-221	100804	0.43 
183.132	2015-01-01 00:03:59.400	0.1055	0.0747	1.0171	-0.8545	8.0566	-9.1553	3.8013	-1.8512	35.2991	47.1100	377	471	-217	100804	0.43 
183.148	2015-01-01 00:03:59.440	0.0615	0.0430	1.0088	-0.2441	6.2256	-12.4512	3.7738	-1.6150	34.9640	47.0700	384	471	-217	100804	0.43 
183.195	2015-01-01 00:03:59.480	0.1128	0.0610	1.0068	1.7700	10.1318	-9.5825	3.8068	-1.3293	34.6454	47.1100	383	471	-219	100804	0.43 
183.226	2015-01-01 00:03:59.520	0.1636	0.1118	0.9463	1.2207	19.1650	-6.2866	3.9276	-0.9229	34.5190	46.9200	382	470	-220	100803	0.43 
183.288	2015-01-01 00:03:59.560	0.1758	0.0962	0.9624	-2.0142	33.0811	-7.8735	3.9825	-0.0385	34.4312	47.0700	381	471	-220	100804	0.43 
183.320	2015-01-01 00:03:59.600	0.1206	0.0674	0.9897	-1.9531	41.7480	-8.4229	3.9166	1.2964	34.3158	47.1100	381	471	-221	100804	0.43 
183.351	2015-01-01 00:03:59.640	0.1069	0.0835	0.9883	-1.2207	46.7529	-9.8877	3.8672	2.9004	34.2169	47.2100	383	471	-216	100804	0.43 
183.414	2015-01-01 00:03:59.680	0.0962	0.0850	0.9761	-1.7090	52.4902	-10.7422	3.8287	4.6857	34.0356	47.0700	386	469	-215	100804	0.43 
183.445	2015-01-01 00:03:59.720	0.0615	0.0625	1.0239	-4.4556	55.6641	-10.3760	3.7189	6.6687	33.9313	47.0700	390	472	-217	100805	0.43 
183.492	2015-01-01 00:03:59.760	0.0283	0.0835	1.0142	-8.0566	58.7769	-25.5127	3.4058	8.7122	33.5028	47.0700	389	469	-216	100805	0.43 
183.523	2015-01-01 00:03:59.800	-0.0371	0.0820	1.0498	-6.6528	66.1621	-31.3110	2.9443	11.0687	32.5140	47.0700	387	468	-214	100805	0.43 
183.554	2015-01-01 00:03:59.840	-0.1167	0.1016	1.2227	-7.3853	72.6929	-18.6157	2.5873	13.6285	31.8439	46.9200	398	469	-216	100804	0.43 
183.585	2015-01-01 00:03:59.880	-0.4888	0.2422	1.4980	1.4038	119.4458	-4.7607	2.4500	17.6001	31.6681	46.9200	398	467	-212	100805	0.43 
183.632	2015-01-01 00:03:59.920	-0.5874	0.0439	1.5718	3.6011	53.5278	-2.6855	2.6917	21.2531	31.7065	47.2600	401	467	-210	100805	0.43 
183.726	2015-01-01 00:03:59.960	-0.3213	-0.0234	1.2603	-8.4839	-14.0991	-17.8833	2.3895	21.4838	31.4374	47.0700	414	469	-210	100805	0.43 
183.726	2015-01-01 00:04:0.000	-0.2612	0.1016	1.1758	0.4883	46.2036	-15.1367	1.8402	21.8573	30.7013	47.0700	417	473	-208	100805	0.43 
183.773	2015-01-01 00:04:0.040	-0.5962	0.1650	1.2900	-2.1362	34.2407	5.5542	2.0380	23.6646	30.8606	47.0700	420	471	-206	100805	0.43 
183.820	2015-01-01 00:04:0.080	-0.4897	0.0454	1.2466	-3.4180	-2.4414	2.4414	1.9720	24.0656	31.0529	47.1100	424	471	-208	100805	0.43 
183.852	2015-01-01 00:04:0.120	-0.3750	-0.0103	1.1162	-0.1831	0.0610	8.4839	1.9720	23.8568	31.3934	46.9200	422	467	-208	100805	0.43 
183.945	2015-01-01 00:04:0.160	-0.4141	0.0151	0.9531	-1.8921	-10.7422	3.6621	2.0215	23.5876	31.7340	47.2600	426	469	-207	100805	0.43 
183.945	2015-01-01 00:04:0.200	-0.2842	0.1064	0.9248	-6.7139	0.5493	-0.8545	1.8732	23.3020	31.8054	46.8700	427	469	-206	100805	0.43 
183.977	2015-01-01 00:04:0.240	-0.3413	0.0903	0.9658	-2.5635	-28.0762	12.7563	1.9006	22.6758	32.1680	46.8700	427	468	-202	100805	0.43 
184.008	2015-01-01 00:04:0.280	-0.2236	0.0991	0.6929	-6.5308	-22.3999	15.8081	2.1039	21.3904	32.8711	46.9200	427	469	-205	100805	0.43 
184.070	2015-01-01 00:04:0.320	-0.2290	0.0430	0.8696	-7.9956	-8.5449	18.2495	2.1204	20.8191	33.6731	46.8700	425	469	-207	100805	0.43 
184.117	2015-01-01 00:04:0.360	-0.2241	0.0576	0.7803	-6.3477	-24.0479	20.8740	2.1478	19.9402	34.5850	47.0700	424	469	-207	100804	0.43 
184.148	2015-01-01 00:04:0.400	-0.1470	0.0259	0.7798	-0.2441	-28.7476	13.9160	2.3181	18.6768	35.3430	46.8300	428	469	-208	100804	0.43 
184.179	2015-01-01 00:04:0.440	-0.1553	0.0083	0.6123	-1.1597	-30.5176	14.3433	2.4280	17.3090	35.9363	47.0700	429	465	-211	100803	0.43 
184.210	2015-01-01 00:04:0.480	-0.1367	0.0552	0.5327	5.0659	-18.0664	13.7939	2.6807	16.2708	36.5131	46.9200	429	465	-210	100803	0.43 
184.257	2015-01-01 00:04:0.520	-0.1606	0.0254	0.6606	9.3384	-11.7798	14.7705	3.2190	15.6775	37.1228	46.8700	428	467	-209	100803	0.44 
184.320	2015-01-01 00:04:0.560	-0.2446	0.0220	0.6729	2.1362	-7.3242	9.1553	3.4937	15.2930	37.5897	47.0200	427	466	-211	100802	0.44 
184.352	2015-01-01 00:04:0.600	-0.2734	0.1045	0.7988	0.9155	-2.8687	2.1973	3.6639	15.2545	37.7216	47.1100	428	466	-213	100802	0.44 
184.383	2015-01-01 00:04:0.640	-0.2612	0.1074	0.9092	-3.4790	-7.2021	4.1504	3.7134	15.1007	37.8204	46.8700	431	471	-212	100802	0.44 
184.445	2015-01-01 00:04:0.680	-0.2109	0.0259	1.0049	-1.9531	-5.0659	-1.8311	3.6035	14.7711	37.8699	46.8300	431	472	-212	100801	0.44 
184.477	2015-01-01 00:04:0.720	-0.2002	0.0244	0.9878	-1.2207	-2.3804	-2.4414	3.4607	14.5789	37.7710	47.0700	431	468	-212	100801	0.44 
184.523	2015-01-01 00:04:0.760	-0.1851	0.1074	0.9932	-0.7935	-5.4932	-0.9155	3.4277	14.4086	37.7600	47.0200	430	464	-210	100801	0.44 
184.555	2015-01-01 00:04:0.800	-0.1895	0.1235	0.9668	-1.8921	-9.0942	-0.3662	3.4387	13.9581	37.7545	47.0700	429	463	-210	100801	0.44 
184.586	2015-01-01 00:04:0.840	-0.1982	0.0806	0.9780	-2.9297	-3.9673	-4.2725	3.3618	13.6670	37.6556	46.8700	426	462	-210	100801	0.44 
184.648	2015-01-01 00:04:0.880	-0.2104	-0.0054	1.0200	-2.5024	-4.0894	-10.8032	3.1421	13.5077	37.3590	46.9200	429	460	-208	100801	0.44 
184.680	2015-01-01 00:04:0.920	-0.2065	0.0449	1.0327	-2.3193	-4.1504	-11.1694	2.8674	13.3099	36.9250	46.8700	427	463	-209	100801	0.44 
184.726	2015-01-01 00:04:0.960	-0.1968	0.1289	0.9946	-1.0986	-6.1035	-9.3384	2.7905	13.0682	36.4856	47.0700	424	465	-210	100800	0.44 
184.758	2015-01-01 00:04:1.000	-0.1665	0.0708	0.9800	-2.5024	-0.4883	-3.5400	2.7356	12.9034	36.3208	46.8700	424	467	-212	100800	0.44 
184.789	2015-01-01 00:04:1.040	-0.1772	0.0630	0.9980	-1.2207	1.4038	-2.6245	2.6697	12.8705	36.2823	46.8700	423	466	-213	100800	0.44 
184.852	2015-01-01 00:04:1.080	-0.1587	0.0659	0.9839	-1.7700	-0.1831	2.1973	2.6422	12.7936	36.3318	46.7300	420	469	-209	100800	0.44 
184.883	2015-01-01 00:04:1.120	-0.1582	0.0518	1.0293	-1.5869	0.4272	3.4790	2.6202	12.7112	36.5295	47.0200	419	470	-210	100800	0.44 
184.929	2015-01-01 00:04:1.160	-0.1733	0.0557	1.0039	-2.4414	1.3428	4.7607	2.5818	12.6508	36.7328	46.9200	420	468	-209	100800	0.44 
184.961	2015-01-01 00:04:1.200	-0.1631	0.0527	1.0029	-1.3428	1.0986	5.0659	2.5708	12.6123	37.0020	46.8700	421	466	-209	100800	0.44 
184.992	2015-01-01 00:04:1.240	-0.1421	0.0308	1.0034	-0.9155	1.2817	2.1362	2.5433	12.5574	37.1887	47.0200	421	466	-210	100800	0.44 
185.054	2015-01-01 00:04:1.280	-0.1338	0.0405	1.0103	-0.2441	2.8076	-0.3662	2.5159	12.5354	37.2931	47.1100	423	466	-212	100799	0.44 
185.085	2015-01-01 00:04:1.320	-0.1284	0.0479	0.9922	0.7324	2.8076	-3.2959	2.5104	12.5299	37.2491	47.0200	424	467	-215	100799	0.44 
185.132	2015-01-01 00:04:1.360	-0.1260	0.0439	1.0059	1.4038	4.0894	-4.7607	2.5323	12.5409	37.1613	46.9200	423	470	-214	100799	0.44 
185.179	2015-01-01 00:04:1.400	-0.1191	0.0459	1.0098	0.9766	4.8828	-8.2397	2.5269	12.5958	36.9690	46.8700	424	467	-211	100799	0.44 
185.226	2015-01-01 00:04:1.440	-0.1162	0.0718	0.9956	0.1221	5.9814	-8.0566	2.4994	12.6837	36.7108	46.8700	425	466	-213	100799	0.44 
185.242	2015-01-01 00:04:1.480	-0.1196	0.0635	0.9902	0.5493	7.9956	-5.9204	2.4994	12.8375	36.5186	47.0200	422	466	-212	100799	0.44 
185.289	2015-01-01 00:04:1.520	-0.1313	0.0469	0.9741	0.0000	11.5356	-7.4463	2.4774	13.1067	36.3593	47.0200	421	467	-210	100799	0.44 
185.335	2015-01-01 00:04:1.560	-0.1851	0.0552	1.0278	1.1597	14.6484	-7.4463	2.4500	13.5901	36.1176	46.9200	422	467	-209	100799	0.44 
185.382	2015-01-01 00:04:1.600	-0.1963	0.0757	1.0259	0.7935	5.6152	-8.7891	2.4500	13.8812	35.8923	46.8700	421	465	-211	100799	0.44 
185.429	2015-01-01 00:04:1.640	-0.1797	0.0713	0.9985	0.0000	5.0659	-9.0332	2.4170	14.0021	35.5847	46.8700	420	464	-209	100799	0.44 
185.461	2015-01-01 00:04:1.680	-0.1729	0.0835	0.9878	0.1221	7.0190	-6.8359	2.3840	14.1779	35.3595	47.0200	420	464	-209	100799	0.44 
185.507	2015-01-01 00:04:1.720	-0.1689	0.0776	0.9976	0.6714	5.5542	-4.0894	2.4060	14.3317	35.2386	47.0700	421	466	-211	100799	0.44 
185.570	2015-01-01 00:04:1.760	-0.1660	0.0645	1.0166	0.3662	3.9673	-4.0894	2.4335	14.3866	35.1837	46.8700	423	469	-212	100799	0.44 
185.602	2015-01-01 00:04:1.800	-0.1782	0.0635	0.9883	-1.0376	7.0190	-6.1646	2.3895	14.4965	35.0574	47.0700	425	466	-211	100799	0.44 
185.633	2015-01-01 00:04:1.840	-0.2012	0.0435	0.9839	0.4883	7.5684	-6.4697	2.3126	14.7107	34.9146	47.2100	424	467	-213	100799	0.44 
185.664	2015-01-01 00:04:1.880	-0.1978	0.0767	1.0347	-0.9155	5.9814	-4.0894	2.2742	14.9359	34.7992	47.2100	424	466	-212	100799	0.44 
185.695	2015-01-01 00:04:1.920	-0.1924	0.0845	1.0176	0.8545	4.4556	-2.0142	2.3181	15.0348	34.7772	46.9200	422	468	-211	100799	0.44 
185.773	2015-01-01 00:04:1.960	-0.1758	0.0552	0.9868	0.1221	1.4038	-2.9297	2.3676	15.0128	34.8102	46.8700	423	466	-214	100799	0.44 
185.805	2015-01-01 00:04:2.000	-0.1753	0.0571	0.9985	-0.5493	2.8687	-3.4180	2.3236	14.9744	34.7662	46.9200	424	465	-214	100799	0.44 
185.836	2015-01-01 00:04:2.040	-0.1821	0.0850	1.0024	0.7324	2.8687	-1.5259	2.3566	14.9963	34.7772	46.9200	424	467	-214	100799	0.44 
185.867	2015-01-01 00:04:2.080	-0.1812	0.0654	0.9980	0.0610	0.9766	0.0000	2.4170	14.9579	34.8541	46.8700	423	466	-214	100799	0.44 
185.898	2015-01-01 00:04:2.120	-0.1699	0.0630	0.9897	-0.2441	3.3569	-2.3804	2.4390	14.9249	34.9091	46.8700	423	466	-214	100799	0.44 
185.977	2015-01-01 00:04:2.160	-0.1855	0.0693	1.0112	0.0610	2.6855	-2.9907	2.4390	14.9524	34.8871	46.9200	423	465	-214	100799	0.44 
186.008	2015-01-01 00:04:2.200	-0.1753	0.0708	0.9946	-0.1221	3.9673	-2.3193	2.4554	14.9579	34.8816	47.0700	421	461	-215	100799	0.44 
186.039	2015-01-01 00:04:2.240	-0.1719	0.0801	0.9995	0.2441	4.0894	-0.9766	2.4994	14.9908	34.9200	47.1100	422	462	-216	100799	0.44 
186.102	2015-01-01 00:04:2.280	-0.1914	0.0835	1.0049	0.8545	4.6997	-0.3052	2.5763	15.0897	34.9969	46.8700	423	464	-211	100800	0.44 
186.148	2015-01-01 00:04:2.320	-0.1826	0.0752	1.0063	0.3052	3.0518	0.1831	2.6532	15.1117	35.0958	46.8700	423	466	-211	100799	0.44 
186.196	2015-01-01 00:04:2.360	-0.1851	0.0703	0.9990	-0.0610	4.0283	0.6104	2.6917	15.1282	35.2112	47.2100	423	464	-211	100799	0.44 
186.227	2015-01-01 00:04:2.400	-0.1875	0.0776	1.0005	-0.0610	2.3193	0.2441	2.7466	15.1447	35.3265	46.8700	424	464	-209	100799	0.44 
186.258	2015-01-01 00:04:2.440	-0.1855	0.0718	0.9985	-0.3052	1.5259	-1.2207	2.7686	15.1007	35.3925	46.9200	424	463	-207	100799	0.44 
186.289	2015-01-01 00:04:2.480	-0.1777	0.0566	0.9956	-0.3052	2.3804	-2.8076	2.7521	15.0623	35.3979	47.1100	424	464	-210	100799	0.44 
186.321	2015-01-01 00:04:2.520	-0.1890	0.0581	1.0000	-0.3052	2.3193	-5.3101	2.7191	15.0677	35.3156	47.0200	422	467	-207	100800	0.44 
186.414	2015-01-01 00:04:2.560	-0.1792	0.0684	1.0044	0.0000	1.1597	-6.2256	2.6697	15.0403	35.1453	46.8700	420	468	-205	100800	0.44 
186.414	2015-01-01 00:04:2.600	-0.1758	0.0825	1.0044	1.2207	1.1597	-4.4556	2.6862	14.9744	35.0189	47.0700	425	465	-209	100799	0.44 
186.445	2015-01-01 00:04:2.640	-0.1704	0.0830	0.9980	0.9766	2.5024	-2.9907	2.7521	14.9359	34.9805	47.1100	427	466	-215	100800	0.44 
186.476	2015-01-01 00:04:2.680	-0.1772	0.0708	1.0005	0.3662	2.5635	-4.1504	2.7905	14.9249	34.9420	47.1100	428	467	-214	100800	0.44 
186.570	2015-01-01 00:04:2.720	-0.1753	0.0786	1.0044	0.1831	1.9531	-4.6387	2.7960	14.9084	34.8651	47.0700	427	466	-212	100800	0.44 
186.602	2015-01-01 00:04:2.760	-0.1709	0.0815	0.9927	-0.0610	1.4648	-4.7607	2.8015	14.8700	34.7717	47.1100	425	466	-214	100799	0.44 
186.632	2015-01-01 00:04:2.800	-0.1782	0.0728	1.0020	0.0610	1.7700	-4.6997	2.8015	14.8151	34.7003	47.2600	426	465	-213	100799	0.44 
186.648	2015-01-01 00:04:2.840	-0.1729	0.0781	0.9951	0.2441	1.1597	-4.7607	2.8125	14.7656	34.6179	47.0200	426	465	-210	100799	0.44 
186.695	2015-01-01 00:04:2.880	-0.1768	0.0762	1.0005	0.3662	1.9531	-4.3335	2.8180	14.7327	34.5575	47.0200	427	465	-210	100800	0.44 
186.742	2015-01-01 00:04:2.920	-0.1694	0.0796	0.9902	0.9155	1.7090	-3.3569	2.8345	14.6777	34.5135	46.8300	425	465	-209	100799	0.44 
186.805	2015-01-01 00:04:2.960	-0.1738	0.0830	1.0078	0.5493	2.1362	-3.2959	2.8729	14.6722	34.4861	47.1100	423	470	-211	100799	0.44 
186.836	2015-01-01 00:04:3.000	-0.1665	0.0762	0.9990	-0.1221	1.7700	-3.5400	2.8894	14.6283	34.4476	46.9200	423	474	-211	100799	0.44 
186.867	2015-01-01 00:04:3.040	-0.1792	0.0708	0.9976	-0.1221	2.5024	-3.1128	2.8894	14.6063	34.4147	47.2100	421	471	-212	100799	0.44 
186.898	2015-01-01 00:04:3.080	-0.1733	0.0825	1.0044	0.3662	1.7700	-2.4414	2.9059	14.5734	34.4092	47.2600	427	467	-212	100800	0.44 
186.929	2015-01-01 00:04:3.120	-0.1743	0.0845	0.9990	-0.1221	1.2817	-2.5024	2.9333	14.5184	34.4257	47.0700	430	464	-213	100799	0.44 
187.008	2015-01-01 00:04:3.160	-0.1670	0.0806	1.0015	-0.3052	1.0376	-1.0986	2.9608	14.4525	34.4861	47.1100	428	465	-214	100799	0.44 
187.045	2015-01-01 00:04:3.200	-0.1724	0.0771	1.0068	0.0610	2.0142	-1.2817	2.9883	14.3976	34.5575	46.9200	425	467	-212	100799	0.44 
187.060