StartTime: 2017-07-21 14:03:38.842
Time(s)	ChipTime	ax(g)	ay(g)	az(g)	wx(deg/s)	wy(deg/s)	wz(deg/s)	AngleX(deg)	AngleY(deg)	AngleZ(deg)	T(°)	hx	hy	hz	Pressure(Pa)	Altitude(m) 
40.363	2015-01-01 00:08:9.560	-0.0225	0.0049	1.0342	-2.1362	-4.2114	-16.1743	-0.7690	-4.9274	14.7656	46.5400	446	469	-213	100847	0.40 
40.379	2015-01-01 00:08:9.600	-0.0024	0.0034	1.0210	-2.5024	-6.1035	-16.7236	-0.8185	-5.0262	14.7876	46.3000	443	469	-213	100847	0.40 
40.442	2015-01-01 00:08:9.640	0.0024	0.0083	1.0137	-2.1973	-5.4321	-16.6016	-0.8569	-5.1416	14.8041	46.0100	441	469	-213	100847	0.40 
40.488	2015-01-01 00:08:9.680	-0.0122	0.0107	1.0342	-2.2583	-3.9063	-17.8223	-0.8899	-5.1636	14.7931	46.3900	442	468	-215	100847	0.40 
40.535	2015-01-01 00:08:9.720	0.0200	-0.0073	0.9980	-2.8076	-3.6011	-19.2261	-0.9338	-5.2625	14.7491	46.2000	444	467	-216	100846	0.40 
40.567	2015-01-01 00:08:9.760	-0.0039	-0.0142	1.0137	-2.4414	-2.5024	-21.3623	-0.9833	-5.2625	14.6118	46.3500	443	469	-218	100847	0.40 
40.598	2015-01-01 00:08:9.800	-0.0034	0.0073	1.0195	-2.1362	-2.4414	-20.7520	-1.0107	-5.2295	14.4415	46.4900	443	470	-219	100846	0.40 
40.645	2015-01-01 00:08:9.840	-0.0059	-0.0073	1.0239	-1.7090	-4.9438	-21.0571	-1.0162	-5.2515	14.3152	46.2000	446	467	-219	100847	0.40 
40.676	2015-01-01 00:08:9.880	0.0205	-0.0278	1.0205	-1.7700	-0.2441	-23.6816	-1.0327	-5.2679	14.1064	46.3900	447	464	-220	100846	0.40 
40.738	2015-01-01 00:08:9.920	0.0029	-0.0244	1.0293	-2.2583	-0.4272	-25.0244	-1.0657	-5.1801	13.8593	46.0600	443	469	-216	100846	0.40 
40.770	2015-01-01 00:08:9.960	0.0200	-0.0166	1.0161	-1.8921	0.6104	-25.1465	-1.0876	-5.1031	13.5626	46.3900	441	472	-216	100847	0.40 
40.848	2015-01-01 00:08:10.000	0.0210	-0.0352	1.0132	-1.9531	1.8921	-23.5596	-1.1096	-4.9823	13.2990	46.4900	439	472	-213	100846	0.40 
40.848	2015-01-01 00:08:10.040	0.0059	-0.0029	1.0122	-0.2441	2.8687	-19.1040	-1.1041	-4.7900	13.1726	46.2000	441	470	-212	100846	0.40 
40.879	2015-01-01 00:08:10.080	-0.0034	-0.0098	1.0249	-0.0610	3.2349	-15.5029	-1.0657	-4.5593	13.2275	46.0600	440	468	-214	100847	0.40 
40.942	2015-01-01 00:08:10.120	0.0000	0.0010	1.0220	0.8545	3.9673	-14.4653	-1.0107	-4.3231	13.3374	46.2000	441	466	-215	100847	0.40 
40.973	2015-01-01 00:08:10.160	-0.0161	-0.0103	1.0459	-0.3052	0.5493	-10.8643	-0.9668	-4.1144	13.5736	46.3500	443	467	-215	100847	0.40 
41.005	2015-01-01 00:08:10.200	0.0010	-0.0513	0.9849	-0.9155	-0.6714	-13.6108	-1.0107	-4.0430	13.7933	46.1500	442	465	-215	100847	0.40 
41.036	2015-01-01 00:08:10.240	0.0190	-0.0142	1.0103	0.7324	12.8174	-15.7471	-1.0107	-3.7299	13.9087	46.1500	443	466	-218	100847	0.40 
41.082	2015-01-01 00:08:10.280	-0.0313	0.0303	1.0278	-0.1831	4.2114	-11.7188	-0.9448	-3.2959	14.0405	46.2000	447	464	-215	100847	0.40 
41.113	2015-01-01 00:08:10.320	-0.0317	0.0317	0.9780	-1.5869	6.0425	-6.6528	-0.9338	-2.9883	14.3591	46.3000	449	462	-213	100847	0.40 
41.176	2015-01-01 00:08:10.360	-0.0762	0.0386	0.9502	-2.3804	11.4136	0.9155	-0.9723	-2.4445	14.9194	46.3900	449	465	-212	100847	0.40 
41.207	2015-01-01 00:08:10.400	-0.0757	0.0503	0.9419	-5.9204	13.7329	7.0190	-1.1151	-1.7688	15.7214	46.3500	453	464	-212	100847	0.40 
41.254	2015-01-01 00:08:10.440	-0.0679	0.1123	1.0298	-2.6245	24.7803	16.4795	-1.1920	-0.7855	16.7981	46.1500	459	464	-210	100847	0.40 
41.285	2015-01-01 00:08:10.480	0.0283	0.0166	1.0854	-0.5493	15.9912	19.7144	-1.1316	0.0769	18.2428	46.3000	462	465	-209	100847	0.40 
41.348	2015-01-01 00:08:10.520	0.0889	-0.0845	1.1665	2.8687	14.0991	-3.1738	-1.0712	0.5878	19.1711	46.3000	464	465	-208	100848	0.40 
41.379	2015-01-01 00:08:10.560	0.0137	-0.0527	1.0464	7.5073	13.1226	-10.9253	-0.9174	1.0162	19.4458	46.3900	470	464	-210	100848	0.40 
41.457	2015-01-01 00:08:10.600	0.0073	0.0464	0.9883	8.9722	9.2163	-9.0942	-0.5493	1.4282	19.6710	46.2000	473	468	-210	100848	0.40 
41.457	2015-01-01 00:08:10.640	0.0391	0.0674	0.9985	8.7280	7.1411	-10.3149	-0.0934	1.7084	19.8743	46.3500	477	467	-212	100848	0.40 
41.489	2015-01-01 00:08:10.680	0.0425	0.0791	0.9849	6.8359	5.7983	-8.1787	0.3076	1.8732	20.1105	46.1500	480	462	-212	100848	0.40 
41.551	2015-01-01 00:08:10.720	0.0347	0.1001	1.0469	4.6387	2.6245	-8.8501	0.6262	1.9666	20.3796	46.3000	481	461	-215	100847	0.40 
41.583	2015-01-01 00:08:10.760	0.0034	0.1201	1.0879	4.4556	-5.6152	-8.3618	0.9393	1.8677	20.6488	46.3900	485	459	-215	100847	0.40 
41.614	2015-01-01 00:08:10.800	0.0708	0.1196	1.0176	4.3335	-2.4414	-14.5264	1.2415	1.5765	20.7642	46.3000	487	456	-216	100847	0.40 
41.645	2015-01-01 00:08:10.840	0.0234	0.1650	1.1631	2.4414	1.4038	-13.4888	1.5491	1.5765	20.7971	46.3900	488	453	-216	100848	0.40 
41.692	2015-01-01 00:08:10.880	0.0469	0.1084	1.1909	-0.3662	-5.8594	-21.2402	1.6864	1.4227	20.7257	46.2000	489	452	-217	100848	0.40 
41.754	2015-01-01 00:08:10.920	0.1069	0.0410	1.1138	0.4272	-7.6294	-27.8320	1.7358	1.0162	20.3687	46.5400	494	449	-221	100848	0.40 
41.786	2015-01-01 00:08:10.960	0.0249	0.0957	1.2471	5.0049	4.5776	-27.6489	1.8512	0.8734	19.8303	46.2000	493	450	-220	100848	0.40 
41.817	2015-01-01 00:08:11.000	-0.1309	0.2261	1.0654	2.0752	-11.9629	-14.8315	2.1808	0.8240	19.6875	46.3000	492	454	-219	100848	0.40 
41.864	2015-01-01 00:08:11.040	-0.1968	0.0386	0.7808	-0.1221	-12.8174	-28.3203	2.2742	0.6152	19.3414	46.3900	491	456	-220	100847	0.40 
41.895	2015-01-01 00:08:11.080	-0.2563	-0.1777	0.6743	0.6714	6.4697	-40.2222	1.9995	0.8514	18.5229	46.3000	486	455	-223	100848	0.40 
41.957	2015-01-01 00:08:11.120	-0.4458	-0.1362	1.1284	0.1221	11.7188	-52.9785	1.6040	1.9226	17.1991	46.0100	479	453	-221	100848	0.40 
41.989	2015-01-01 00:08:11.160	-0.2178	0.0542	0.9985	-3.0518	-3.1738	-50.1099	1.2744	2.3676	15.6006	46.3000	478	453	-222	100848	0.40 
42.020	2015-01-01 00:08:11.200	-0.1572	0.2358	0.9629	-13.2446	-4.5776	-28.1372	1.0712	2.4719	14.7382	46.3900	474	455	-222	100848	0.40 
42.051	2015-01-01 00:08:11.240	-0.1333	0.0967	0.9116	-18.5547	7.2632	-10.1929	0.5493	2.7686	14.6393	46.3000	473	457	-222	100847	0.40 
42.098	2015-01-01 00:08:11.280	-0.1294	-0.0498	0.9478	-21.3623	2.8076	7.4463	-0.2911	3.1586	15.3204	46.3900	473	457	-221	100848	0.40 
42.160	2015-01-01 00:08:11.320	-0.1172	-0.1230	0.8848	-17.0898	-1.7700	1.2207	-1.2415	3.1531	16.2762	46.3000	475	458	-219	100848	0.40 
42.192	2015-01-01 00:08:11.360	-0.0703	-0.0566	0.8945	-9.9487	-7.7515	-6.2866	-1.8896	3.0597	16.7651	46.3500	476	458	-216	100848	0.40 
42.239	2015-01-01 00:08:11.400	0.0137	0.0332	0.8335	-2.4414	-14.0991	3.9673	-2.0490	2.5323	17.4188	46.3900	478	456	-218	100848	0.40 
42.286	2015-01-01 00:08:11.440	-0.0005	0.0405	1.0449	-3.2959	-10.6201	13.7329	-2.0050	1.9885	18.5120	46.2000	477	456	-220	100848	0.40 
42.317	2015-01-01 00:08:11.480	-0.0581	-0.1709	1.2617	-8.1787	-9.7656	1.5259	-2.2357	1.6150	19.5776	46.0100	482	454	-220	100848	0.40 
42.410	2015-01-01 00:08:11.520	0.0923	-0.1289	1.4282	-21.0571	-29.1748	-12.8784	-3.0267	0.7855	19.9512	46.3500	487	455	-216	100848	0.40 
42.457	2015-01-01 00:08:11.560	0.0234	0.0249	1.3735	-22.3389	-10.7422	-4.8828	-3.6200	-0.4065	20.4675	46.2000	487	456	-214	100847	0.40 
42.457	2015-01-01 00:08:11.600	-0.5938	-0.0918	0.9448	-21.4844	5.5542	-27.6489	-4.7791	0.1868	19.9951	46.2000	484	458	-216	100848	0.40 
42.489	2015-01-01 00:08:11.640	-0.2563	0.1494	0.7622	-16.9067	8.7280	-7.2021	-5.1965	1.0657	19.8798	46.3000	486	460	-214	100848	0.40 
42.504	2015-01-01 00:08:11.680	-0.3115	0.0791	1.1924	-13.0615	16.7847	-22.4609	-5.7404	1.9720	19.5337	46.3500	485	461	-212	100848	0.40 
42.567	2015-01-01 00:08:11.720	-0.2314	0.0991	1.0977	13.3667	-2.1973	5.7983	-5.4437	2.4664	19.7589	46.1500	489	462	-211	100848	0.40 
42.598	2015-01-01 00:08:11.760	-0.0522	-0.1030	0.8638	15.6860	-8.3008	-0.4272	-4.6967	2.2961	20.5829	46.3000	491	464	-210	100848	0.40 
42.629	2015-01-01 00:08:11.800	-0.0464	-0.1934	0.7783	18.4937	-3.4180	-19.1650	-4.2242	2.0874	20.8466	46.1500	490	462	-211	100848	0.40 
42.676	2015-01-01 00:08:11.840	-0.0249	-0.0010	0.8257	20.2026	2.7466	-33.4473	-3.5486	1.9995	20.3632	46.3000	489	459	-215	100848	0.40 
42.723	2015-01-01 00:08:11.880	-0.0347	0.1890	0.9624	14.6484	-6.1646	-31.4331	-2.6642	1.9391	19.6271	46.2000	488	456	-216	100848	0.40 
42.770	2015-01-01 00:08:11.920	0.0322	0.1089	0.9233	6.6528	-19.5923	-20.8740	-1.9830	1.3733	19.2480	46.3900	486	454	-221	100847	0.40 
42.801	2015-01-01 00:08:11.960	0.0903	0.0776	0.9297	-3.6011	-10.1929	-23.7427	-1.7633	0.6262	19.0997	46.1500	485	454	-225	100847	0.40 
42.833	2015-01-01 00:08:12.000	0.0986	0.0288	1.3237	-10.1318	-18.4937	-49.0723	-2.0325	-0.1099	18.3527	46.1500	483	454	-223	100847	0.40 
42.879	2015-01-01 00:08:12.040	-0.0830	0.2690	1.4951	9.2163	-8.3008	-33.2031	-1.8457	-0.4779	17.1222	46.2000	482	454	-223	100847	0.40 
42.911	2015-01-01 00:08:12.080	0.0708	0.0439	1.2070	-0.7935	-40.5884	-29.4800	-1.4447	-1.9666	16.8146	46.3000	476	456	-222	100847	0.40 
42.973	2015-01-01 00:08:12.120	-0.5571	0.0835	1.0254	27.0386	-4.3945	0.3052	-0.6921	-1.7963	16.8640	46.1500	471	452	-224	100847	0.40 
43.005	2015-01-01 00:08:12.160	-0.3120	-0.2163	0.7324	15.5640	-1.0376	-27.3438	-0.0549	-1.3458	16.7047	46.3000	468	447	-230	100847	0.40 
43.051	2015-01-01 00:08:12.200	-0.3369	-0.0859	1.1323	6.7139	0.3052	-40.5884	0.0549	-0.7800	16.0236	46.2000	466	448	-231	100847	0.40 
43.082	2015-01-01 00:08:12.240	-0.2168	0.2266	0.8315	-15.5029	-1.1597	-43.2739	-0.0714	-0.4559	14.6887	46.3000	466	448	-233	100847	0.40 
43.129	2015-01-01 00:08:12.280	-0.1475	0.3247	0.8716	-27.8931	1.2817	-12.8784	-0.6262	-0.0934	14.2053	46.0100	465	448	-234	100847	0.40 
43.176	2015-01-01 00:08:12.320	-0.1519	0.0298	0.8862	-17.7002	5.8594	12.9395	-1.3019	0.3900	14.9689	46.3000	465	447	-233	100847	0.40 
43.223	2015-01-01 00:08:12.360	-0.1411	-0.1782	0.8398	-17.0898	1.0376	14.8315	-2.1478	0.7031	16.3092	46.2000	465	450	-230	100847	0.40 
43.270	2015-01-01 00:08:12.400	-0.0508	-0.2646	0.8872	-11.3525	-13.1226	-3.8452	-3.0377	0.5054	17.3035	46.0100	467	452	-229	100847	0.40 
43.286	2015-01-01 00:08:12.440	0.0566	-0.0874	0.7817	-1.7090	-22.3999	-22.3389	-3.5266	-0.4120	17.4518	46.3000	470	451	-225	100847	0.40 
43.332	2015-01-01 00:08:12.480	0.1611	0.1128	0.9546	5.0659	-9.8267	2.9907	-3.2300	-1.1975	17.7759	46.2000	471	452	-225	100847	0.40 
43.411	2015-01-01 00:08:12.520	0.0015	-0.0220	1.2993	-1.3428	-4.2114	12.7563	-2.9718	-1.3458	18.9899	46.0100	472	454	-225	100847	0.40 
43.411	2015-01-01 00:08:12.560	0.1611	-0.3921	1.4941	-26.7944	-37.2925	-24.1699	-3.6914	-2.2906	19.4513	46.1500	473	449	-227	100847	0.40 
43.457	2015-01-01 00:08:12.600	0.0532	0.0596	1.4326	-20.5078	-37.1094	-12.5732	-4.6088	-4.1638	19.4623	46.3000	472	450	-227	100847	0.40 
43.489	2015-01-01 00:08:12.640	-0.5923	-0.0093	0.9019	-28.0762	-2.6855	-28.9307	-5.6415	-4.2352	18.9679	46.3500	471	454	-224	100847	0.40 
43.536	2015-01-01 00:08:12.680	-0.1323	0.1904	0.7397	-13.7939	17.7612	-22.7051	-6.0205	-3.3618	18.3197	46.0600	470	457	-224	100847	0.40 
43.582	2015-01-01 00:08:12.720	-0.2598	0.0967	1.1582	-4.8828	16.5405	-11.9629	-6.0809	-2.1698	18.0505	46.1500	471	458	-221	100847	0.40 
43.629	2015-01-01 00:08:12.760	-0.1777	-0.0083	1.0708	17.1509	11.8408	-2.9297	-5.6580	-1.3239	18.3472	46.2000	472	456	-219	100847	0.40 
43.645	2015-01-01 00:08:12.800	-0.0664	-0.0688	0.9336	22.2168	-3.2349	-10.8032	-4.7461	-1.0107	18.6823	46.3000	473	456	-217	100847	0.40 
43.692	2015-01-01 00:08:12.840	0.0278	-0.1265	0.7520	21.4233	-3.5400	-24.2920	-3.9606	-1.1920	18.6603	46.1500	475	455	-218	100847	0.40 
43.723	2015-01-01 00:08:12.880	0.0508	0.0010	0.7715	21.6675	2.9907	-37.1094	-3.0707	-1.3074	18.1000	46.0100	476	454	-219	100847	0.40 
43.817	2015-01-01 00:08:12.920	0.0552	0.2144	0.8979	11.1084	-1.6479	-36.2549	-2.0874	-1.2799	17.2101	46.2000	476	453	-219	100847	0.40 
43.817	2015-01-01 00:08:12.960	0.0093	0.1045	0.9229	-2.5635	-10.5591	-27.9541	-1.6699	-1.5106	16.6553	46.3000	474	453	-222	100847	0.40 
43.864	2015-01-01 00:08:13.000	0.1294	0.0171	1.0054	-5.7983	-11.5356	-32.7759	-1.6974	-2.0270	16.1993	46.3000	473	454	-224	100847	0.40 
43.942	2015-01-01 00:08:13.040	0.0332	0.1514	1.3608	-4.0283	-2.2583	-42.1753	-1.7688	-2.3456	15.3094	46.2000	469	454	-225	100847	0.40 
43.942	2015-01-01 00:08:13.080	0.1543	0.2686	1.4185	13.0005	-22.6440	-15.9912	-1.2195	-2.6807	14.8920	46.3500	465	454	-224	100847	0.40 
44.020	2015-01-01 00:08:13.120	0.0386	-0.1235	1.0854	5.3711	4.9438	-29.9072	-0.8350	-3.6694	14.7876	46.2000	466	453	-227	100847	0.40 
44.036	2015-01-01 00:08:13.160	-0.6104	0.1152	1.0098	32.0435	0.9155	-19.3481	0.0879	-2.6862	14.3921	46.3500	464	450	-226	100847	0.40 
44.067	2015-01-01 00:08:13.200	-0.3076	-0.0742	0.8691	20.4468	21.2402	-21.3623	0.9778	-1.5271	13.8812	46.0600	464	447	-225	100847	0.40 
44.098	2015-01-01 00:08:13.240	-0.3447	0.0732	1.0649	10.9863	-0.7935	-17.0288	1.5271	-0.6592	13.8977	46.3000	465	445	-227	100847	0.40 
44.145	2015-01-01 00:08:13.280	-0.1870	0.1587	0.9106	-14.8315	7.7515	-16.9067	1.4667	-0.2307	13.7494	46.1500	465	443	-230	100847	0.40 
44.223	2015-01-01 00:08:13.320	-0.1392	0.1611	0.8774	-28.0762	13.4888	-10.5591	0.6262	0.5219	13.8538	46.1500	468	441	-230	100846	0.40 
44.239	2015-01-01 00:08:13.360	-0.1226	0.0483	0.9404	-23.3765	2.8076	0.3662	-0.2856	1.0547	14.3372	46.0100	464	440	-230	100847	0.40 
44.270	2015-01-01 00:08:13.400	-0.0723	-0.1011	0.8408	-24.1089	-3.1738	7.4463	-1.2964	1.0986	15.3040	46.3500	462	439	-230	100847	0.40 
44.317	2015-01-01 00:08:13.440	0.0073	-0.2026	0.8394	-13.9771	-12.7563	-5.4932	-2.2742	0.8185	16.1444	46.1500	471	445	-227	100847	0.40 
44.348	2015-01-01 00:08:13.480	0.0732	-0.1426	0.8433	-3.6011	-17.6392	-23.3765	-2.7905	-0.0769	16.3696	46.3900	480	446	-223	100847	0.40 
44.426	2015-01-01 00:08:13.520	0.1104	-0.0249	0.9150	0.0000	-12.3901	-15.4419	-2.8235	-0.8789	16.3641	46.2000	480	447	-223	100847	0.40 
44.442	2015-01-01 00:08:13.560	-0.0015	0.0171	1.2583	-6.9580	1.7700	-5.3711	-2.8784	-1.0712	16.7322	46.2000	476	447	-226	100847	0.40 
44.473	2015-01-01 00:08:13.600	0.0737	-0.1621	1.3950	-21.7285	-23.8647	-5.9814	-3.4222	-1.4282	17.3145	46.3500	476	447	-227	100847	0.40 
44.504	2015-01-01 00:08:13.640	0.1548	0.0127	1.2383	-14.2212	-8.6060	12.6953	-4.1968	-2.4390	18.1000	46.0600	475	449	-224	100847	0.40 
44.551	2015-01-01 00:08:13.680	-0.5884	-0.1655	1.0854	-35.3394	9.5215	-31.0669	-5.3778	-2.0050	18.4680	46.3500	475	454	-219	100847	0.40 
44.630	2015-01-01 00:08:13.720	-0.3672	0.1880	0.9160	-14.8315	17.8223	-34.3018	-6.2018	-0.7416	17.2705	46.1500	477	455	-217	100847	0.40 
44.630	2015-01-01 00:08:13.760	-0.2827	0.1738	1.2085	-4.0894	7.0190	-19.8975	-6.1963	0.0714	16.6388	45.9600	477	456	-213	100847	0.40 
44.676	2015-01-01 00:08:13.800	-0.1987	-0.0566	1.0562	16.8457	-2.8687	-8.6670	-5.7788	0.3845	16.7377	46.0100	477	458	-212	100847	0.40 
44.708	2015-01-01 00:08:13.840	-0.0205	-0.1235	0.8403	26.0620	-3.4790	-17.3340	-4.8669	0.2527	16.9904	46.2000	477	456	-214	100848	0.40 
44.770	2015-01-01 00:08:13.880	-0.0303	-0.0986	0.7622	23.7427	3.6011	-34.9731	-3.9825	0.2692	16.6278	46.1500	472	453	-216	100848	0.40 
44.833	2015-01-01 00:08:13.920	-0.0596	0.0610	0.8271	22.3389	2.9907	-45.9595	-3.0652	0.3790	15.6226	46.3500	469	452	-218	100847	0.40 
44.864	2015-01-01 00:08:13.960	-0.0107	0.2524	0.8901	16.8457	-4.8828	-34.3628	-1.9720	0.3900	14.6722	46.0600	473	449	-221	100848	0.40 
44.879	2015-01-01 00:08:14.000	0.0190	0.1504	0.8965	2.8076	-16.7847	-22.7051	-1.2360	0.0000	14.3536	46.2000	469	451	-221	100848	0.40 
44.926	2015-01-01 00:08:14.040	0.1587	0.0034	0.9292	-8.0566	-18.4937	-32.2266	-1.2744	-0.8789	14.0790	46.2000	469	449	-222	100848	0.40 
44.958	2015-01-01 00:08:14.080	-0.0171	0.0186	1.1938	-10.3149	2.7466	-55.4199	-1.6315	-1.3568	13.0298	46.3000	468	446	-223	100848	0.40 
45.005	2015-01-01 00:08:14.120	0.0332	0.4023	1.5708	9.8267	-21.3623	-18.5547	-1.3513	-1.3843	12.2058	46.2000	467	447	-221	100848	0.40 
45.036	2015-01-01 00:08:14.160	0.2334	-0.1431	1.1040	5.7373	-24.6582	-26.1230	-0.8240	-3.0762	12.3926	46.3000	463	445	-222	100848	0.40 
45.083	2015-01-01 00:08:14.200	-0.6177	0.0630	1.1738	30.0903	-6.7139	-7.9956	-0.0110	-2.4500	12.4200	46.2000	463	447	-223	100848	0.40 
45.130	2015-01-01 00:08:14.240	-0.2607	-0.1724	0.6582	19.9585	5.9204	-36.2549	0.7690	-2.1259	11.9147	46.0600	462	445	-226	100848	0.40 
45.161	2015-01-01 00:08:14.280	-0.3965	0.0898	1.2524	11.1694	4.0283	-18.6768	1.3184	-0.9998	11.6071	46.0100	460	443	-226	100848	0.40 
45.239	2015-01-01 00:08:14.320	-0.1396	0.1924	0.8760	-15.4419	-2.8076	-17.8833	1.2415	-0.8405	11.4203	46.2000	460	441	-226	100848	0.40 
45.286	2015-01-01 00:08:14.360	-0.1787	0.1855	0.8071	-32.6538	-3.4180	-9.7656	0.3625	-0.5383	11.5631	46.2000	460	440	-227	100848	0.40 
45.317	2015-01-01 00:08:14.400	-0.1191	0.0327	0.8623	-23.3765	2.0142	-0.5493	-0.6812	-0.2472	12.0850	46.2000	460	437	-228	100848	0.40 
45.317	2015-01-01 00:08:14.440	-0.0864	-0.0771	0.8706	-23.3765	-1.4038	6.9580	-1.6425	-0.0879	13.0353	46.1500	462	438	-226	100848	0.40 
45.364	2015-01-01 00:08:14.480	0.0229	-0.2070	0.8613	-16.0522	-17.8223	-5.9204	-2.6312	-0.4779	13.9911	46.4900	465	441	-222	100848	0.40 
45.442	2015-01-01 00:08:14.520	0.1196	-0.1616	0.8081	-5.8594	-22.5830	-28.6865	-3.2080	-1.5820	14.0955	46.3500	467	439	-223	100848	0.40 
45.474	2015-01-01 00:08:14.560	0.1143	0.0303	0.9497	0.4272	-6.7139	-8.5449	-3.1970	-2.3236	14.1394	46.2000	464	441	-221	100848	0.40 
45.505	2015-01-01 00:08:14.600	0.0254	-0.0122	1.3125	-15.1978	-14.8315	4.0894	-3.3398	-2.6697	15.0293	46.0100	463	444	-214	100848	0.40 
45.536	2015-01-01 00:08:14.640	0.1396	-0.2549	1.2710	-23.8647	-22.2778	-21.5454	-4.2078	-3.4717	15.4028	46.3000	464	444	-212	100848	0.40 
45.614	2015-01-01 00:08:14.680	0.0210	0.0288	1.3799	-18.5547	-12.6343	17.0898	-4.8010	-4.4440	16.2598	46.0600	464	441	-214	100848	0.40 
45.645	2015-01-01 00:08:14.720	-0.5835	-0.1636	1.0039	-33.3862	11.6577	-33.2642	-6.2567	-3.7903	16.2762	46.2000	464	439	-211	100848	0.40 
45.661	2015-01-01 00:08:14.760	-0.1919	0.2788	1.0083	-13.3667	13.4888	-18.9209	-6.7346	-2.8125	15.7159	46.1500	467	442	-210	100848	0.40 
45.708	2015-01-01 00:08:14.800	-0.1782	0.1025	1.1270	0.2441	1.7090	-8.1177	-6.6687	-2.2028	15.7379	46.1500	466	441	-209	100848	0.40 
45.739	2015-01-01 00:08:14.840	-0.0952	-0.1470	0.9731	22.2168	8.1177	-3.9673	-6.0974	-1.8512	16.2323	46.0100	464	441	-207	100848	0.40 
45.770	2015-01-01 00:08:14.880	-0.0313	-0.1519	0.8540	32.0435	4.6387	-22.7051	-5.0372	-1.5381	16.4410	46.0600	468	441	-209	100848	0.40 
45.848	2015-01-01 00:08:14.920	0.0176	-0.0869	0.7246	28.8086	5.6152	-38.1470	-3.8837	-1.4502	15.9302	46.2000	469	440	-215	100848	0.40 
45.864	2015-01-01 00:08:14.960	0.0244	0.1519	0.8374	21.6675	6.7139	-40.9546	-2.7081	-1.1810	14.9799	46.1500	470	436	-216	100848	0.40 
45.895	2015-01-01 00:08:15.000	0.0771	0.2603	0.8730	10.8032	0.7935	-28.3203	-1.6315	-1.1096	14.3536	46.3000	469	432	-219	100849	0.40 
45.958	2015-01-01 00:08:15.040	0.0586	0.0796	0.9800	-1.2817	-8.6670	-22.5830	-1.1865	-1.2689	14.1174	46.0600	468	428	-221	100848	0.40 
45.990	2015-01-01 00:08:15.080	0.1450	-0.0303	1.0391	-5.8594	-2.1973	-37.3535	-1.2854	-1.7029	13.8153	46.1500	466	430	-220	100848	0.40 
46.036	2015-01-01 00:08:15.120	0.0356	0.1079	1.3530	-3.6621	6.2866	-48.7061	-1.3788	-1.6919	12.7386	46.2000	469	436	-218	100849	0.40 
46.083	2015-01-01 00:08:15.160	0.0620	0.2974	1.4736	13.9160	-20.3247	-18.3716	-0.7910	-1.7139	12.2662	46.0600	466	435	-217	100849	0.40 
46.114	2015-01-01 00:08:15.200	-0.2065	0.0386	1.2451	17.3950	13.9160	-15.8081	-0.1978	-2.2192	12.2717	46.1500	462	432	-218	100849	0.40 
46.145	2015-01-01 00:08:15.240	-0.6523	0.0479	0.9355	26.7334	-3.4790	-16.2354	0.7306	-1.1920	12.3212	46.3000	462	428	-220	100849	0.40 
46.208	2015-01-01 00:08:15.280	-0.2368	-0.1841	1.0356	11.7188	10.1929	-30.8228	1.1041	-0.6592	11.9366	46.2000	460	428	-220	100848	0.40 
46.239	2015-01-01 00:08:15.320	-0.2739	0.1484	0.9204	-8.0566	-0.1221	-45.2271	1.0767	-0.1099	11.1237	46.0600	457	426	-221	100848	0.40 
46.270	2015-01-01 00:08:15.360	-0.1807	0.3232	0.8643	-32.1045	3.7842	-18.9209	0.4614	0.3790	10.5304	46.1500	458	424	-219	100848	0.40 
46.317	2015-01-01 00:08:15.400	-0.1851	0.1514	0.9448	-29.2969	-0.7324	9.8267	-0.5328	0.8240	11.1182	46.2000	457	424	-218	100848	0.40 
46.348	2015-01-01 00:08:15.440	-0.0693	-0.0996	0.7896	-23.8647	-5.4321	23.6816	-1.5710	0.7196	12.6947	46.0600	464	428	-214	100849	0.40 
46.395	2015-01-01 00:08:15.480	-0.0010	-0.1968	0.8271	-15.8691	2.8076	16.2354	-2.5928	0.7031	14.3921	46.2000	468	429	-212	100848	0.40 
46.442	2015-01-01 00:08:15.520	0.0366	-0.2124	0.8872	-5.1270	-12.7563	-6.2256	-3.2465	0.3516	15.4578	46.1500	470	430	-214	100848	0.40 
46.474	2015-01-01 00:08:15.560	0.0820	-0.0640	0.8408	0.4272	-15.4419	-15.8691	-3.4003	-0.4669	15.7819	46.1500	472	432	-214	100848	0.40 
46.505	2015-01-01 00:08:15.600	0.1426	0.0327	1.0166	1.9531	2.2583	7.5073	-3.1915	-0.9009	16.3861	46.1500	472	430	-213	100848	0.40 
46.567	2015-01-01 00:08:15.640	-0.0815	-0.0928	1.4063	-8.5449	-1.9531	8.1177	-3.2629	-0.7141	17.6385	46.4900	472	430	-209	100848	0.40 
46.598	2015-01-01 00:08:15.680	0.1782	-0.0728	1.2549	-21.0571	-20.6299	0.0000	-4.0704	-1.3623	18.3527	46.3500	471	430	-208	100848	0.40 
46.645	2015-01-01 00:08:15.720	-0.3184	-0.0469	1.3530	-37.6587	12.6953	1.5869	-4.9219	-1.4886	19.5062	46.2000	471	430	-207	100848	0.40 
46.692	2015-01-01 00:08:15.760	-0.5972	0.1294	0.8970	-24.0479	23.0713	-34.3628	-6.3446	0.2032	18.5889	46.2000	476	431	-204	100848	0.40 
46.724	2015-01-01 00:08:15.800	-0.2017	0.1880	1.2588	-11.3525	-3.9063	-11.3525	-6.5643	0.7581	18.3966	46.1500	480	432	-201	100848	0.40 
46.770	2015-01-01 00:08:15.840	-0.2461	-0.1533	1.0835	17.7002	0.3662	-23.4375	-6.3940	0.9229	18.2977	46.3000	480	432	-198	100848	0.40 
46.833	2015-01-01 00:08:15.880	-0.0894	-0.0684	0.9404	33.2031	-6.4697	-25.8179	-5.3339	0.8899	17.9517	46.2000	479	432	-196	100848	0.40 
46.880	2015-01-01 00:08:15.920	-0.0269	0.0259	0.7744	29.6631	0.6714	-28.5645	-3.9716	0.7800	17.5891	46.3500	477	432	-200	100848	0.40 
46.911	2015-01-01 00:08:15.960	-0.0688	0.0117	0.6948	25.4517	-0.0610	-43.7012	-2.8235	0.7745	16.8036	46.1500	474	428	-204	100848	0.40 
46.942	2015-01-01 00:08:16.000	-0.0688	0.1367	0.7778	11.9629	1.8921	-46.8140	-1.9556	0.9668	15.5896	46.4900	475	426	-206	100848	0.40 
46.958	2015-01-01 00:08:16.040	-0.0371	0.1987	0.9248	3.1738	-3.8452	-32.7759	-1.4227	1.0657	14.7491	46.1500	473	426	-205	100848	0.40 
47.005	2015-01-01 00:08:16.080	0.0566	0.1118	0.9951	-5.1880	-14.0991	-29.2358	-1.2744	0.6757	14.3317	46.2000	472	428	-203	100848	0.40 
47.083	2015-01-01 00:08:16.120	0.1353	-0.0254	1.0640	-7.9346	-9.2773	-45.8374	-1.4557	-0.0385	13.6835	46.1500	472	428	-205	100848	0.40 
47.083	2015-01-01 00:08:16.160	0.0083	0.1465	1.2671	-0.1221	-2.4414	-42.1753	-1.5656	-0.3186	12.5739	46.2000	472	428	-206	100848	0.40 
47.130	2015-01-01 00:08:16.200	0.1436	0.2114	1.4009	8.6670	-32.5928	-21.9727	-0.9778	-0.8295	12.3212	46.0600	472	429	-205	100848	0.40 
47.161	2015-01-01 00:08:16.240	-0.2866	-0.0688	1.3413	16.4795	17.3950	-23.6816	-0.6427	-1.7249	12.0520	46.3500	469	426	-206	100848	0.40 
47.208	2015-01-01 00:08:16.280	-0.7603	0.1172	1.0708	27.5269	1.5259	-19.0430	0.3680	-0.4175	11.8542	45.8700	467	424	-207	100848	0.40 
47.286	2015-01-01 00:08:16.320	-0.2197	-0.1289	0.9741	9.0942	-4.5776	-21.6675	0.8075	-0.1923	11.6730	46.2000	466	424	-208	100848	0.40 
47.286	2015-01-01 00:08:16.360	-0.2051	0.0620	0.8140	-3.0518	-2.9907	-42.3584	0.7141	-0.1044	11.0962	46.1500	469	427	-212	100849	0.40 
47.333	2015-01-01 00:08:16.400	-0.2070	0.3330	0.8564	-26.3672	2.5635	-21.7285	0.3790	0.3461	10.5194	46.0100	470	428	-214	100848	0.40 
47.380	2015-01-01 00:08:16.440	-0.1719	0.1978	1.0093	-24.4141	-0.6714	7.1411	-0.4449	0.8185	11.0303	46.2000	468	426	-211	100848	0.40 
47.427	2015-01-01 00:08:16.480	-0.0522	-0.0532	0.8643	-21.3623	-9.8877	26.4282	-1.2140	0.6757	12.6013	46.2000	469	424	-210	100848	0.40 
47.474	2015-01-01 00:08:16.520	0.0005	-0.2314	0.8433	-18.9819	-10.1929	16.6626	-2.3016	0.2856	14.4196	46.0600	471	426	-211	100848	0.40 
47.520	2015-01-01 00:08:16.560	0.0288	-0.1543	0.8809	-12.2070	-24.5361	2.1973	-3.1256	-0.5548	15.6390	46.1500	478	432	-209	100848	0.40 
47.536	2015-01-01 00:08:16.600	0.0615	-0.0342	0.7739	-1.5259	-27.3438	-2.1973	-3.4113	-1.6315	16.4520	46.0100	479	434	-206	100848	0.40 
47.567	2015-01-01 00:08:16.640	0.1499	0.0186	0.9351	4.4556	-9.9487	10.9863	-3.1970	-2.5214	17.4188	46.0600	479	432	-211	100848	0.40 
47.614	2015-01-01 00:08:16.680	0.0166	-0.1904	1.2891	-9.3994	-5.2490	-8.9722	-3.3453	-2.7246	18.3636	46.1500	479	430	-215	100848	0.40 
47.677	2015-01-01 00:08:16.720	0.3013	-0.1211	1.2905	-19.1040	-15.3198	-27.0996	-4.0375	-3.4167	18.1659	46.1500	480	429	-213	100848	0.40 
47.708	2015-01-01 00:08:16.760	-0.0220	0.1812	1.4902	-16.7847	9.2773	9.6436	-4.2737	-3.7903	18.7592	46.0600	479	431	-210	100848	0.40 
47.739	2015-01-01 00:08:16.800	-0.7031	-0.2280	1.0098	-29.9683	22.3999	-28.5034	-5.6360	-2.5104	18.7427	46.1500	480	433	-208	100848	0.40 
47.770	2015-01-01 00:08:16.840	-0.2358	0.1777	0.9287	-11.9629	9.1553	-28.4424	-6.1688	-1.3733	17.9022	46.3000	485	432	-206	100848	0.40 
47.817	2015-01-01 00:08:16.880	-0.2705	0.0127	1.1880	-1.5259	8.0566	-31.5552	-6.2292	-0.6757	17.2925	46.1500	486	431	-206	100848	0.40 
47.895	2015-01-01 00:08:16.920	-0.1592	-0.0825	1.0576	21.1182	-3.7231	-20.2026	-5.7733	-0.4559	17.0123	46.1500	488	434	-205	100848	0.40 
47.974	2015-01-01 00:08:16.960	-0.0024	0.0054	0.8228	21.4844	-3.9673	-26.4893	-4.7845	-0.6921	16.8256	46.2000	489	434	-205	100848	0.40 
48.005	2015-01-01 00:08:17.000	-0.0220	-0.0488	0.7837	20.3247	3.1128	-33.9966	-3.9276	-0.7306	16.3751	46.1500	488	433	-202	100848	0.40 
48.005	2015-01-01 00:08:17.040	-0.0269	0.1431	0.8330	18.0664	-2.6855	-30.0903	-2.9938	-0.6537	15.7654	46.0600	488	433	-205	100848	0.40 
48.020	2015-01-01 00:08:17.080	-0.0234	0.1587	0.8433	8.4229	-4.2114	-20.6909	-2.1094	-0.6647	15.5182	46.3500	487	433	-207	100848	0.40 
48.083	2015-01-01 00:08:17.120	0.0332	0.0254	0.9194	-4.4556	-5.3711	-22.8882	-1.9006	-0.8789	15.4907	45.9600	486	432	-209	100848	0.40 
48.114	2015-01-01 00:08:17.160	0.0859	-0.0142	1.0981	-7.5684	-5.6152	-32.2876	-2.1039	-1.1316	15.1282	46.0600	482	431	-208	100848	0.40 
48.145	2015-01-01 00:08:17.200	0.0591	0.0605	1.1226	-1.2207	-5.1270	-36.6211	-2.1808	-1.5601	14.5404	46.2000	481	430	-207	100847	0.40 
48.193	2015-01-01 00:08:17.240	0.0762	0.2813	1.4043	12.5732	-11.0474	-12.4512	-1.6315	-1.6260	14.2657	46.2000	480	433	-210	100848	0.40 
48.224	2015-01-01 00:08:17.280	0.1670	-0.0815	1.0947	11.2305	-13.4277	-12.2681	-0.9723	-2.7466	14.7986	46.2000	483	433	-213	100847	0.40 
48.286	2015-01-01 00:08:17.320	-0.6387	-0.0010	1.0024	32.4097	3.5400	-17.3340	-0.0549	-1.9061	14.8755	46.1500	484	431	-215	100847	0.40 
48.317	2015-01-01 00:08:17.360	-0.3696	-0.1606	1.0337	22.5220	15.4419	-25.4517	0.7690	-0.8624	14.3481	46.1500	484	429	-219	100847	0.40 
48.349	2015-01-01 00:08:17.400	-0.3984	0.0454	1.1528	3.4180	-15.6860	-30.0293	1.2415	-0.3461	14.1339	46.0100	484	427	-219	100847	0.40 
48.380	2015-01-01 00:08:17.440	-0.0859	0.1865	0.7891	-24.4751	-2.2583	-31.0669	0.7910	-0.4724	13.3649	46.3500	482	424	-223	100847	0.40 
48.442	2015-01-01 00:08:17.480	-0.1250	0.2871	0.8350	-33.5083	0.3662	-9.3994	-0.1208	-0.1648	13.2770	46.1500	485	421	-221	100847	0.40 
48.489	2015-01-01 00:08:17.520	-0.0854	0.0664	0.8564	-25.0854	-1.7700	10.4370	-1.0107	0.0385	14.0955	46.1500	485	424	-220	100847	0.40 
48.521	2015-01-01 00:08:17.560	-0.0996	-0.1577	0.9253	-20.2637	-3.8452	16.1133	-2.0435	0.1044	15.5182	46.0100	484	429	-214	100847	0.40 
48.552	2015-01-01 00:08:17.600	0.0576	-0.2358	0.9136	-10.6201	-21.7285	-4.6387	-2.8949	-0.4834	16.6443	46.0100	487	431	-214	100847	0.40 
48.599	2015-01-01 00:08:17.640	0.1694	-0.1250	0.7534	-5.7983	-17.8833	-24.1699	-3.3618	-1.7578	16.8530	46.0600	488	431	-216	100847	0.40 
48.630	2015-01-01 00:08:17.680	0.1177	0.0122	1.0132	2.9297	-3.1128	-11.1084	-3.2629	-2.2906	16.8805	46.2000	489	431	-217	100847	0.40 
48.692	2015-01-01 00:08:17.720	0.0488	-0.0298	1.2114	-5.3711	-9.5825	-5.3101	-3.2410	-2.6038	17.5012	46.0600	486	433	-217	100847	0.40 
48.724	2015-01-01 00:08:17.760	0.1460	-0.1729	1.2451	-14.6484	-11.8408	-16.0522	-3.7134	-3.0212	17.7319	46.1500	487	433	-217	100847	0.40 
48.755	2015-01-01 00:08:17.800	0.0464	0.0327	1.4624	-8.7891	5.1270	13.2446	-3.8892	-3.4332	18.5614	46.1500	486	433	-216	100847	0.40 
48.786	2015-01-01 00:08:17.840	-0.6895	-0.3257	1.0049	-35.2173	25.8789	-53.8330	-5.3119	-2.3291	18.1439	46.0600	489	435	-219	100847	0.40 
48.833	2015-01-01 00:08:17.880	-0.2944	0.2876	0.9058	-7.9956	18.2495	-36.9263	-5.7898	-0.7855	16.5125	46.1500	492	436	-223	100847	0.40 
48.896	2015-01-01 00:08:17.920	-0.2681	0.0693	1.2197	-2.8076	8.7891	-32.4097	-5.7568	0.0165	15.8203	45.9600	492	436	-219	100847	0.40 
48.943	2015-01-01 00:08:17.960	-0.1304	-0.0342	1.0283	25.3906	0.0000	-14.4043	-5.1581	0.3351	15.5347	45.8200	489	440	-213	100847	0.40 
48.974	2015-01-01 00:08:18.000	-0.0146	0.0376	0.8481	23.6816	5.7983	-8.3618	-3.9825	0.4614	15.9192	46.2000	487	440	-212	100847	0.40 
48.989	2015-01-01 00:08:18.040	-0.0435	0.0298	0.8599	20.6299	-1.3428	-11.8408	-3.0322	0.6207	16.2598	45.9600	492	436	-212	100847	0.40 
49.036	2015-01-01 00:08:18.080	-0.0405	0.0767	0.8076	15.9302	-4.0283	-17.8223	-2.1423	0.5383	16.3641	46.0600	496	437	-210	100847	0.40 
49.099	2015-01-01 00:08:18.120	-0.0254	0.1128	0.8638	1.4648	-7.5073	-16.0522	-1.6479	0.4340	16.4026	46.2000	495	435	-215	100847	0.40 
49.146	2015-01-01 00:08:18.160	0.1050	0.0542	0.8262	-5.3711	-14.4653	-11.6577	-1.5546	-0.1208	16.6498	46.0100	494	434	-219	100847	0.40 
49.161	2015-01-01 00:08:18.200	0.0430	0.0015	1.0137	-5.9814	8.4229	-30.4565	-1.7139	-0.3625	16.5894	46.0100	495	432	-219	100847	0.40 
49.208	2015-01-01 00:08:18.240	-0.0776	0.0811	1.3296	-10.6812	-21.6675	-37.9639	-2.0270	-0.6372	15.8588	46.1500	491	430	-219	100847	0.40 
49.255	2015-01-01 00:08:18.280	0.1035	0.2280	1.2417	2.6245	-23.4985	-18.7988	-1.9446	-1.5051	15.4907	46.1500	489	429	-218	100847	0.40 
49.302	2015-01-01 00:08:18.320	0.0371	-0.0015	1.2188	6.3477	-9.3994	-21.4233	-1.5546	-2.5488	15.5731	46.1500	488	429	-223	100848	0.40 
49.334	2015-01-01 00:08:18.360	-0.6514	-0.0034	1.0366	21.4844	4.1504	-18.7988	-0.9229	-1.6479	15.4083	46.0100	486	427	-227	100847	0.40 
49.365	2015-01-01 00:08:18.400	-0.2832	-0.1880	0.7905	17.9443	4.2114	-32.8369	-0.4559	-1.0272	14.7491	46.0600	484	427	-229	100847	0.40 
49.427	2015-01-01 00:08:18.440	-0.3516	0.0601	1.4058	8.0566	-7.1411	-27.3438	-0.0110	-0.3461	14.3756	46.1500	484	429	-225	100847	0.40 
49.459	2015-01-01 00:08:18.480	-0.0889	0.1987	0.8276	-18.9819	-7.4463	-28.1982	-0.1813	-0.7031	13.8702	46.0600	487	428	-222	100847	0.40 
49.505	2015-01-01 00:08:18.520	-0.1069	0.2539	0.8960	-27.6489	-1.7090	-13.3057	-0.8624	-0.6262	13.7164	46.0100	482	431	-228	100848	0.40 
49.536	2015-01-01 00:08:18.560	-0.0591	0.0820	0.8442	-20.7520	-8.8501	10.1929	-1.5710	-0.6042	14.4800	45.8700	482	433	-228	100848	0.40 
49.567	2015-01-01 00:08:18.600	-0.0107	-0.1611	0.7749	-21.3013	-17.8833	15.3809	-2.5323	-1.0712	15.9137	46.1500	480	435	-227	100848	0.40 
49.614	2015-01-01 00:08:18.640	0.0801	-0.2246	0.8276	-4.5776	-15.9912	-3.4180	-3.3234	-1.9006	17.0508	46.0600	483	436	-227	100848	0.40 
49.646	2015-01-01 00:08:18.680	0.0542	-0.1011	0.9248	2.5635	-32.4097	-6.4087	-3.4003	-3.0103	17.6770	46.0600	485	436	-226	100848	0.40 
49.708	2015-01-01 00:08:18.720	0.1685	-0.0098	0.9307	4.7607	-17.9443	-6.7749	-3.1531	-4.1528	18.1769	45.9600	481	437	-227	100848	0.40 
49.740	2015-01-01 00:08:18.760	0.1157	-0.0513	1.1636	-8.2397	0.3662	-10.0708	-3.1641	-4.5154	18.7262	46.0100	479	436	-228	100847	0.40 
49.787	2015-01-01 00:08:18.800	0.1182	-0.1255	1.3271	-17.1509	-6.4697	-27.2827	-3.6749	-4.6307	18.5394	46.2000	478	437	-228	100848	0.40 
49.818	2015-01-01 00:08:18.840	0.0317	0.1152	1.3716	-10.0708	2.7466	16.5405	-3.9990	-4.8120	19.0503	46.3000	478	436	-229	100848	0.40 
49.864	2015-01-01 00:08:18.880	-0.5508	-0.1880	0.9946	-32.1045	20.3247	-22.5220	-5.2130	-3.8562	19.5447	46.2000	477	436	-230	100848	0.40 
49.911	2015-01-01 00:08:18.920	-0.2529	0.2476	0.9756	-13.3057	21.7896	-10.9863	-5.8118	-2.3071	19.0558	46.1500	477	436	-228	100848	0.40 
49.943	2015-01-01 00:08:18.960	-0.2422	0.1455	1.3218	-3.6011	5.0049	2.6245	-5.8722	-1.3074	19.4843	46.1500	482	437	-226	100848	0.40 
49.989	2015-01-01 00:08:19.000	-0.1069	-0.1323	0.9902	21.2402	5.6763	7.9346	-5.4163	-0.9613	20.3467	46.2000	487	439	-223	100848	0.40 
50.021	2015-01-01 00:08:19.040	-0.0244	-0.1519	0.8296	25.0244	-2.6245	-6.6528	-4.5428	-0.8405	21.0938	46.2000	488	437	-221	100848	0.40 
50.068	2015-01-01 00:08:19.080	0.0107	-0.0918	0.7495	22.2168	7.4463	-25.5127	-3.7189	-0.7526	21.0938	46.0100	489	438	-221	100847	0.40 
50.114	2015-01-01 00:08:19.120	-0.0161	0.1172	0.8345	19.6533	4.2114	-32.5317	-2.7795	-0.4944	20.4840	46.0100	491	436	-224	100847	0.40 
50.161	2015-01-01 00:08:19.160	-0.0186	0.1924	0.9067	6.6528	-10.0708	-26.8555	-1.9281	-0.5713	19.8962	46.0600	490	429	-226	100847	0.40 
50.193	2015-01-01 00:08:19.200	-0.0278	0.0303	0.8501	-4.8828	-14.9536	-29.6021	-1.7688	-1.1206	19.5172	46.2000	490	425	-227	100847	0.40 
50.224	2015-01-01 00:08:19.240	0.1387	0.0034	0.9585	-9.0332	-14.1602	-42.0532	-1.9501	-1.7413	18.7921	46.1500	487	428	-231	100847	0.40 
50.271	2015-01-01 00:08:19.280	0.0894	0.1011	1.2329	-6.9580	2.0752	-46.1426	-2.0929	-2.1094	17.6385	46.0100	484	432	-236	100847	0.40 
50.333	2015-01-01 00:08:19.320	0.1245	0.2378	1.3730	11.0474	-5.0049	-18.1885	-1.6534	-2.0325	17.1387	45.9600	480	434	-235	100847	0.40 
50.349	2015-01-01 00:08:19.360	0.1655	-0.1094	1.1206	5.1880	-3.7231	-32.1045	-1.2085	-2.8894	16.9739	46.3500	477	434	-234	100847	0.40 
50.380	2015-01-01 00:08:19.400	-0.6855	0.0825	1.2617	32.1655	8.6670	-8.4229	-0.3406	-1.7029	16.8146	46.0600	476	432	-233	100847	0.40 
50.427	2015-01-01 00:08:19.440	-0.3193	-0.1050	0.8237	18.8599	-1.5259	-32.4707	0.5988	-1.1810	16.3751	45.8700	475	430	-234	100847	0.40 
50.458	2015-01-01 00:08:19.480	-0.2456	-0.0566	1.1240	5.3711	-2.7466	-26.3062	0.8734	-0.8130	15.9576	46.1500	476	431	-234	100847	0.40 
50.521	2015-01-01 00:08:19.520	-0.1929	0.2119	0.9009	-18.8599	-7.6294	-32.7759	0.6042	-0.7581	15.2875	46.1500	475	428	-235	100846	0.40 
50.552	2015-01-01 00:08:19.560	-0.1582	0.3335	0.8315	-31.0059	-4.1504	-14.4653	-0.1208	-0.6427	14.8920	46.0100	473	431	-235	100846	0.40 
50.614	2015-01-01 00:08:19.600	-0.1377	0.0830	0.9546	-24.1699	-12.6953	16.2354	-0.9393	-0.5713	15.6830	46.1500	470	432	-234	100847	0.40 
50.662	2015-01-01 00:08:19.640	0.0039	-0.1670	0.7983	-24.4141	-8.6670	21.7285	-2.0380	-1.0162	17.3309	46.3000	474	434	-234	100847	0.40 
50.693	2015-01-01 00:08:19.680	0.0479	-0.2378	0.8882	-13.9771	-8.9722	3.7842	-3.0652	-1.3513	18.6658	46.1500	480	435	-235	100846	0.40 
50.756	2015-01-01 00:08:19.720	0.1128	-0.1357	0.8403	-8.7891	-17.4561	-14.2822	-3.6530	-2.1533	19.2206	46.0600	479	434	-231	100846	0.40 
50.771	2015-01-01 00:08:19.760	0.0986	-0.0337	0.8989	-0.7935	-18.9819	-6.4697	-3.8013	-2.9773	19.5172	46.0100	478	435	-228	100846	0.40 
50.802	2015-01-01 00:08:19.800	0.1060	-0.0107	1.0557	-2.0142	-10.8032	6.7749	-3.7354	-3.6145	20.3906	46.1500	475	435	-228	100846	0.40 
50.833	2015-01-01 00:08:19.840	-0.0273	-0.1797	1.2583	-11.4746	9.2163	-22.6440	-4.0155	-3.5431	20.7257	46.2000	472	432	-226	100846	0.40 
50.880	2015-01-01 00:08:19.880	0.2305	-0.0352	1.2778	-15.3198	-14.3433	-11.1084	-4.7571	-3.8837	20.6158	45.9600	473	432	-227	100846	0.40 
50.958	2015-01-01 00:08:19.920	-0.2690	0.0781	1.3311	-25.4517	14.4653	16.1743	-5.0647	-3.8452	21.7419	46.2000	476	434	-226	100847	0.40 
50.958	2015-01-01 00:08:19.960	-0.5293	-0.0625	0.9624	-25.3296	21.3013	-34.9121	-6.3776	-2.4445	21.3409	46.3500	477	436	-228	100847	0.40 
51.005	2015-01-01 00:08:20.000	-0.2412	0.1680	1.3042	-18.0054	-6.2866	-30.1514	-6.8939	-1.9226	20.4401	46.0600	479	437	-225	100847	0.40 
51.068	2015-01-01 00:08:20.040	-0.2188	-0.0835	1.0796	4.6997	-6.2866	-27.0386	-6.9598	-2.0270	19.9017	46.1500	477	441	-222	100847	0.40 
51.083	2015-01-01 00:08:20.080	-0.0630	-0.1445	0.8525	24.2920	-7.4463	-26.9165	-6.3776	-2.2687	19.5667	46.3000	477	443	-222	100847	0.40 
51.130	2015-01-01 00:08:20.120	0.0132	-0.0557	0.7622	24.6582	1.6479	-35.4614	-5.3174	-2.4280	19.0283	46.1500	475	438	-222	100847	0.40 
51.177	2015-01-01 00:08:20.160	-0.0190	-0.0054	0.8203	20.2026	0.3662	-48.3398	-4.3231	-2.4390	18.0176	46.0600	473	439	-226	100847	0.40 
51.193	2015-01-01 00:08:20.200	0.0337	0.2065	0.8760	12.5732	-6.9580	-43.2739	-3.3344	-2.5763	16.7871	46.1500	469	440	-231	100847	0.40 
51.240	2015-01-01 00:08:20.240	0.0718	0.1421	0.9058	3.7231	-15.5640	-29.1138	-2.5763	-3.0542	16.0785	46.0600	465	438	-229	100846	0.40 
51.271	2015-01-01 00:08:20.280	0.0762	0.0117	0.8896	-5.7983	-21.2402	-30.5786	-2.4719	-3.8672	15.7434	46.0600	461	435	-226	100846	0.40 
51.365	2015-01-01 00:08:20.320	0.1987	0.0020	1.0898	-3.8452	-17.4561	-46.1426	-2.4445	-4.7900	14.9908	46.0600	460	433	-231	100846	0.40 
51.380	2015-01-01 00:08:20.360	0.0532	0.1763	1.3413	4.6997	-3.6011	-38.8794	-2.1588	-5.2295	13.9471	45.9600	458	433	-233	100846	0.40 
51.411	2015-01-01 00:08:20.400	0.1743	0.1904	1.4014	10.0098	-41.0767	-24.2310	-1.3458	-5.9161	13.6121	45.8700	455	434	-233	100846	0.40 
51.458	2015-01-01 00:08:20.440	-0.1870	-0.0298	1.2690	19.6533	19.1040	-35.4004	-0.8350	-6.6907	13.0188	46.0100	451	433	-232	100846	0.40 
51.490	2015-01-01 00:08:20.480	-0.5044	-0.0645	0.8755	26.4282	-9.3384	-25.6958	0.2032	-5.7623	12.5409	46.2000	448	430	-231	100846	0.40 
51.583	2015-01-01 00:08:20.520	-0.2324	-0.1533	0.9678	16.9678	17.3950	-31.4941	0.7745	-5.0262	12.0135	46.3500	444	430	-237	100846	0.40 
51.599	2015-01-01 00:08:20.560	-0.2646	0.2192	1.1440	2.2583	8.2397	-31.7383	1.1536	-4.0485	11.3873	45.9600	441	429	-239	100846	0.40 
51.615	2015-01-01 00:08:20.600	-0.1851	0.3403	1.0220	-24.2310	-7.6294	-1.4648	0.9503	-3.6859	11.3434	46.1500	437	427	-239	100846	0.40 
51.661	2015-01-01 00:08:20.640	-0.0977	0.0132	0.9604	-24.0479	-14.5264	17.7002	-0.0165	-3.9221	12.5299	46.0100	440	428	-236	100846	0.40 
51.693	2015-01-01 00:08:20.680	-0.0405	-0.0366	0.8135	-17.5781	1.4038	22.6440	-0.9833	-3.9441	14.0680	46.1500	442	430	-235	100846	0.40 
51.771	2015-01-01 00:08:20.720	-0.0317	-0.1079	0.8936	-15.5029	-15.1978	28.5645	-1.8182	-3.9825	15.9467	45.9600	444	430	-235	100846	0.40 
51.771	2015-01-01 00:08:20.760	0.0518	-0.2139	0.7402	-6.2256	-14.3433	6.6528	-2.5763	-4.7296	17.4792	46.1500	445	431	-237	100846	0.40 
51.818	2015-01-01 00:08:20.800	0.0171	-0.1187	0.9751	2.7466	-10.0098	-4.6997	-2.8015	-5.0317	18.1934	45.9600	447	431	-236	100845	0.40 
51.850	2015-01-01 00:08:20.840	0.1011	-0.0562	0.9253	4.8218	-15.1978	-1.4648	-2.6752	-5.6305	18.8361	46.3000	449	431	-236	100845	0.40 
51.900	2015-01-01 00:08:20.880	0.0522	-0.0439	1.0049	-3.6621	-6.0425	-12.1460	-2.6477	-5.9985	19.2865	46.0100	449	431	-237	100845	0.40 
51.973	2015-01-01 00:08:20.920	0.0234	-0.0786	1.0811	-12.6343	-3.9673	-21.3013	-2.9718	-6.0699	19.2426	46.2000	449	434	-233	100846	0.40 
52.005	2015-01-01 00:08:20.960	0.1924	0.0913	1.1636	-20.0195	-11.2305	-1.6479	-3.5870	-6.3885	19.3744	46.1500	450	434	-232	100846	0.40 
52.020	2015-01-01 00:08:21.000	-0.1621	0.0376	1.5752	-40.5884	8.0566	11.5356	-4.4440	-6.2128	20.6158	46.1500	451	433	-228	100846	0.40 
52.067	2015-01-01 00:08:21.040	-0.2974	-0.2646	0.8579	-30.3345	-11.5356	-30.3955	-6.3336	-6.1469	20.4785	46.0100	453	436	-227	100846	0.40 
52.099	2015-01-01 00:08:21.080	-0.0894	0.2852	0.9780	-8.3618	16.6016	9.6436	-6.6138	-5.5701	20.5774	46.0100	454	438	-224	100846	0.40 
52.161	2015-01-01 00:08:21.120	-0.3877	0.0073	1.5190	-5.1880	1.2817	-7.4463	-6.7456	-4.6198	21.2640	46.1500	454	438	-225	100846	0.40 
52.193	2015-01-01 00:08:21.160	-0.1406	-0.1274	0.9932	14.1602	-16.8457	-22.5830	-6.4600	-4.8834	21.0883	46.1500	458	435	-223	100846	0.40 
52.224	2015-01-01 00:08:21.200	-0.0508	0.0073	0.9136	13.0615	-9.1553	-25.0244	-5.8008	-5.2515	20.7806	46.1500	457	435	-223	100846	0.40 
52.270	2015-01-01 00:08:21.240	-0.0532	0.0225	0.8174	21.9116	3.9673	-25.9399	-4.8889	-5.2185	20.3522	46.1500	458	435	-224	100846	0.40 
52.302	2015-01-01 00:08:21.280	-0.1636	0.0293	0.9536	20.5688	13.1836	-38.5742	-3.8287	-4.5538	19.5996	46.2000	458	435	-226	100845	0.40 
52.380	2015-01-01 00:08:21.320	-0.1509	0.0815	1.0386	12.3291	0.0000	-44.3726	-2.9718	-4.0375	18.4241	46.2000	455	435	-228	100846	0.40 
52.380	2015-01-01 00:08:21.360	-0.1152	0.0728	1.0088	5.4321	-8.9722	-51.5137	-2.3950	-4.0814	17.1112	46.1500	453	434	-225	100846	0.40 
52.427	2015-01-01 00:08:21.400	-0.1099	0.0928	1.0039	4.0283	-8.6670	-53.5278	-1.9556	-4.2572	15.6171	46.2000	450	434	-230	100846	0.40 
52.474	2015-01-01 00:08:21.440	-0.0649	0.0825	1.0781	2.6855	-10.4980	-51.3916	-1.5381	-4.4275	14.2163	46.2000	442	434	-228	100846	0.40 
52.505	2015-01-01 00:08:21.480	-0.0073	0.0371	0.9585	2.9907	-6.5918	-50.5981	-1.2524	-4.7736	12.8815	46.1500	439	434	-228	100846	0.40 
52.583	2015-01-01 00:08:21.520	-0.0776	0.1646	0.9712	6.4697	0.1831	-33.0200	-0.7526	-4.6088	11.9586	45.8700	436	434	-229	100845	0.40 
52.599	2015-01-01 00:08:21.560	-0.1367	0.0977	1.0132	4.8828	10.9253	-23.4375	-0.3461	-4.0759	11.5631	46.1500	435	432	-231	100845	0.40 
52.630	2015-01-01 00:08:21.600	-0.1338	0.0806	0.9980	1.8921	4.0283	-9.7046	-0.1208	-3.5046	11.6455	46.2000	435	431	-232	100846	0.40 
52.677	2015-01-01 00:08:21.640	-0.0732	0.0493	0.9600	-2.9907	1.2817	-1.3428	-0.1099	-3.1586	12.2058	46.2000	435	429	-233	100846	0.40 
52.708	2015-01-01 00:08:21.680	-0.0249	-0.0293	1.0103	-5.6763	0.0000	-8.5449	-0.3076	-2.9828	12.7716	46.0600	435	428	-231	100845	0.40 
52.786	2015-01-01 00:08:21.720	-0.0469	-0.0298	1.0771	-5.8594	-1.1597	-15.3809	-0.5768	-2.9333	13.0518	46.1500	438	429	-231	100846	0.40 
52.802	2015-01-01 00:08:21.760	-0.0674	0.0029	1.0068	-3.6011	2.1973	-17.2729	-0.7800	-2.7795	13.1177	46.2000	441	431	-232	100845	0.40 
52.833	2015-01-01 00:08:21.800	-0.0552	0.0171	1.0200	-2.1973	5.9204	-14.2212	-0.8624	-2.4500	13.2330	45.8200	440	431	-230	100846	0.40 
52.880	2015-01-01 00:08:21.840	-0.0405	0.0015	1.0381	-1.2207	4.6997	-15.1978	-0.9009	-2.1149	13.3978	45.8700	435	431	-228	100845	0.40 
52.911	2015-01-01 00:08:21.880	-0.0444	-0.0347	1.0308	-2.6245	1.5259	-24.3530	-0.9668	-1.9006	13.3539	46.1500	433	435	-225	100846	0.40 
52.989	2015-01-01 00:08:21.920	-0.0298	-0.0308	1.0220	-4.5776	-1.2207	-33.9355	-1.1316	-1.8622	12.8870	46.3500	435	434	-227	100846	0.40 
52.989	2015-01-01 00:08:21.960	-0.0376	0.0239	1.0254	-6.5308	0.7935	-37.2925	-1.3074	-1.8018	12.2223	46.2000	436	429	-229	100845	0.40 
53.036	2015-01-01 00:08:22.000	-0.0762	0.0596	1.0376	-5.6763	-1.8311	-31.0059	-1.4502	-1.6919	11.5961	46.2000	436	427	-230	100846	0.40 
53.083	2015-01-01 00:08:22.040	-0.0498	0.0396	1.0215	-3.9063	-3.2349	-23.1323	-1.5381	-1.7029	11.3269	46.3000	435	431	-229	100846	0.40 
53.114	2015-01-01 00:08:22.080	-0.0254	0.0059	1.0093	-3.4180	-2.4414	-19.4702	-1.6370	-1.7523	11.2939	46.2000	434	430	-229	100846	0.40 
53.192	2015-01-01 00:08:22.120	-0.0547	0.0190	1.0347	-3.0518	-5.9204	-17.7612	-1.6974	-1.7853	11.3489	46.3500	434	432	-229	100846	0.40 
53.208	2015-01-01 00:08:22.160	-0.0356	0.0142	1.0269	-3.4790	-3.4180	-18.5547	-1.7688	-1.8951	11.4093	46.0100	438	432	-228	100846	0.40 
53.255	2015-01-01 00:08:22.200	-0.0615	-0.0005	1.0234	-2.6855	-3.6621	-18.0054	-1.8512	-1.9226	11.4752	46.1500	439	433	-228	100846	0.40 
53.286	2015-01-01 00:08:22.240	-0.0386	-0.0117	1.0186	-1.7700	-6.2866	-18.5547	-1.9116	-2.0654	11.5466	46.2000	440	436	-230	100846	0.40 
53.333	2015-01-01 00:08:22.280	-0.0293	0.0000	1.0220	-1.9531	-6.4697	-20.8740	-1.9446	-2.2357	11.5466	46.3000	438	435	-232	100846	0.40 
53.396	2015-01-01 00:08:22.320	-0.0039	-0.0039	1.0151	-2.1362	-5.0049	-22.0337	-1.9830	-2.4225	11.4697	46.3500	437	435	-234	100846	0.40 
53.411	2015-01-01 00:08:22.360	-0.0254	0.0112	1.0347	-3.2349	-5.6763	-21.7896	-2.0160	-2.5488	11.3983	46.2000	435	433	-232	100845	0.40 
53.442	2015-01-01 00:08:22.400	-0.0093	0.0151	1.0176	-3.4790	-5.7983	-20.2637	-2.0764	-2.7246	11.3324	46.1500	431	435	-231	100846	0.40 
53.505	2015-01-01 00:08:22.440	-0.0156	0.0098	1.0142	-2.8687	-2.9907	-17.3950	-2.1149	-2.8235	11.3928	46.1500	430	435	-230	100845	0.40 
53.536	2015-01-01 00:08:22.480	-0.0200	0.0005	1.0342	-3.5400	-2.7466	-16.9067	-2.1753	-2.8455	11.4917	46.0600	428	435	-228	100845	0.40 
53.599	2015-01-01 00:08:22.520	-0.0195	0.0044	1.0190	-3.9673	-5.4321	-16.3574	-2.2632	-2.9388	11.6125	46.3000	428	435	-226	100846	0.40 
53.630	2015-01-01 00:08:22.560	-0.0181	-0.0098	1.0273	-2.7466	-5.3101	-16.6626	-2.3346	-3.0652	11.7389	46.3000	432	433	-227	100845	0.40 
53.646	2015-01-01 00:08:22.600	-0.0234	-0.0190	1.0254	-2.6855	-6.1035	-18.3105	-2.3950	-3.2025	11.8323	46.2000	435	434	-228	100845	0.40 
53.692	2015-01-01 00:08:22.640	-0.0063	-0.0151	1.0093	-2.4414	-1.8921	-22.1558	-2.4554	-3.3234	11.8213	46.2000	435	434	-227	100846	0.40 
53.739	2015-01-01 00:08:22.680	-0.0249	0.0103	1.0322	-2.1973	-6.4697	-20.9351	-2.4719	-3.4113	11.7444	46.0600	435	434	-227	100845	0.40 
53.771	2015-01-01 00:08:22.720	-0.0229	0.0015	1.0166	-2.3193	-4.5166	-20.9351	-2.4884	-3.5431	11.6840	46.2000	432	434	-224	100845	0.40 
53.817	2015-01-01 00:08:22.760	-0.0264	-0.0137	1.0234	-1.5869	-2.6855	-20.3857	-2.4939	-3.5760	11.6510	46.3900	431	433	-224	100846	0.40 
53.849	2015-01-01 00:08:22.800	-0.0146	-0.0034	1.0288	-1.2207	-2.0142	-18.9209	-2.4829	-3.5870	11.6565	46.1500	431	432	-224	100845	0.40 
53.896	2015-01-01 00:08:22.840	-0.0117	0.0073	1.0210	-1.8921	-1.6479	-18.4326	-2.4609	-3.5815	11.6895	46.3500	430	436	-222	100845	0.40 
53.927	2015-01-01 00:08:22.880	-0.0122	-0.0010	1.0298	-2.1973	-1.7700	-17.3340	-2.4664	-3.5596	11.7444	46.1500	429	437	-225	100845	0.40 
54.005	2015-01-01 00:08:22.920	-0.0166	0.0015	1.0195	-1.8311	-2.9907	-16.2354	-2.4774	-3.5706	11.8652	46.2000	432	437	-223	100845	0.40 
54.083	2015-01-01 00:08:22.960	-0.0293	-0.0127	1.0249	-2.1973	-2.9297	-16.9067	-2.5049	-3.5925	11.9861	46.1500	434	436	-222	100845	0.40 
54.083	2015-01-01 00:08:23.000	-0.0342	-0.0112	1.0313	-2.6855	-5.5542	-18.3716	-2.5488	-3.6420	12.0575	46.2000	432	435	-223	100845	0.40 
54.099	2015-01-01 00:08:23.040	-0.0103	-0.0215	1.0210	-1.0376	-5.0049	-18.0664	-2.5708	-3.7958	12.1179	46.2000	431	434	-224	100845	0.40 
54.177	2015-01-01 00:08:23.080	-0.0122	-0.0146	1.0278	-0.3052	-4.0894	-19.4092	-2.5323	-3.8727	12.1454	46.3500	432	434	-224	100845	0.40 
54.209	2015-01-01 00:08:23.120	-0.0220	-0.0005	1.0229	-1.4648	-4.1504	-19.5313	-2.4994	-3.9276	12.1399	46.3500	431	434	-225	100845	0.40 
54.240	2015-01-01 00:08:23.160	-0.0298	0.0073	1.0356	-2.6855	-6.3477	-19.1040	-2.4939	-4.0210	12.1344	46.2000	432	434	-224	100845	0.40 
54.271	2015-01-01 00:08:23.200	-0.0083	0.0010	1.0239	-3.4790	-5.3711	-21.7896	-2.5323	-4.1638	12.0905	46.3500	432	434	-224	100845	0.40 
54.302	2015-01-01 00:08:23.240	0.0015	-0.0156	1.0137	-3.9673	-6.6528	-22.7661	-2.6147	-4.3506	11.9861	46.4900	427	433	-224	100845	0.40 
54.349	2015-01-01 00:08:23.280	-0.0049	-0.0088	1.0269	-3.2349	-6.5308	-21.9727	-2.6752	-4.5264	11.8762	46.2000	423	431	-223	100845	0.40 
54.380	2015-01-01 00:08:23.320	0.0049	-0.0122	1.0181	-2.3804	-5.3101	-21.4233	-2.7026	-4.6802	11.7993	46.3500	425	432	-223	100845	0.40 
54.427	2015-01-01 00:08:23.360	-0.0151	-0.0015	1.0210	-1.2817	-4.8828	-20.5688	-2.6917	-4.7900	11.7444	46.3500	424	434	-225	100845	0.40 
54.458	2015-01-01 00:08:23.400	-0.0068	0.0063	1.0171	-1.0986	-2.7466	-18.9819	-2.6422	-4.8395	11.7279	46.2000	426	433	-224	100845	0.40 
54.505	2015-01-01 00:08:23.440	-0.0132	0.0112	1.0249	-2.3193	-6.1646	-17.5781	-2.6147	-4.8944	11.7828	46.2000	426	433	-224	100845	0.40 
54.552	2015-01-01 00:08:23.480	0.0088	-0.0063	1.0186	-2.7466	-5.3711	-16.4185	-2.6312	-5.0372	11.9037	46.1500	427	433	-224	100845	0.40 
54.614	2015-01-01 00:08:23.520	0.0088	-0.0044	1.0249	-2.9907	-2.6245	-15.5640	-2.6697	-5.0922	12.0520	46.1500	426	433	-225	100845	0.40 
54.646	2015-01-01 00:08:23.560	0.0112	-0.0132	1.0200	-2.8687	-3.6011	-14.8926	-2.7136	-5.1306	12.2388	46.3500	425	430	-223	100846	0.40 
54.677	2015-01-01 00:08:23.600	0.0078	-0.0234	1.0283	-2.8076	-2.6855	-16.5405	-2.7576	-5.1636	12.3816	46.0100	426	432	-223	100845	0.40 
54.708	2015-01-01 00:08:23.640	0.0112	-0.0269	1.0181	-1.8311	-3.1128	-17.4561	-2.7905	-5.2185	12.4805	46.1500	424	430	-228	100845	0.40 
54.755	2015-01-01 00:08:23.680	0.0010	-0.0112	1.0313	-1.0986	-2.3804	-18.1274	-2.7740	-5.2295	12.5354	46.3500	422	429	-230	100846	0.40