StartTime: 2017-07-21 14:23:19.802
Time(s)	ChipTime	ax(g)	ay(g)	az(g)	wx(deg/s)	wy(deg/s)	wz(deg/s)	AngleX(deg)	AngleY(deg)	AngleZ(deg)	T(°)	hx	hy	hz	Pressure(Pa)	Altitude(m) 
107.520	2015-01-01 00:02:46.560	-0.1025	0.0259	1.0151	-0.3052	0.4883	-1.8921	0.4614	4.1693	17.8143	47.5900	437	464	-237	100824	0.42 
107.551	2015-01-01 00:02:46.600	-0.0991	0.0313	1.0112	-0.3662	0.0000	-1.5869	0.4669	4.2133	18.2977	47.6400	436	465	-239	100824	0.42 
107.582	2015-01-01 00:02:46.640	-0.0918	0.0308	1.0107	-1.8921	2.5024	-2.3193	0.4395	4.3176	18.7592	47.4500	436	465	-240	100824	0.42 
107.613	2015-01-01 00:02:46.680	-0.0967	-0.0015	0.9995	-2.3804	2.5024	-2.8687	0.3351	4.4220	19.1876	47.5400	438	466	-238	100823	0.42 
107.676	2015-01-01 00:02:46.720	-0.0884	-0.0093	1.0190	-3.9673	3.1128	-0.9766	0.1923	4.5648	19.6381	47.5900	438	464	-233	100823	0.42 
107.707	2015-01-01 00:02:46.760	-0.1128	-0.0137	1.0190	-3.1128	1.7700	1.5259	0.0275	4.7241	20.1764	47.4000	438	461	-230	100823	0.42 
107.738	2015-01-01 00:02:46.800	-0.0952	-0.0400	1.0034	-2.4414	2.9907	2.6855	-0.1099	4.8175	20.7971	47.2600	438	461	-231	100823	0.42 
107.770	2015-01-01 00:02:46.840	-0.0869	-0.0454	1.0215	-0.4272	1.7090	4.7607	-0.1978	4.9219	21.4563	47.4500	441	467	-235	100823	0.42 
107.816	2015-01-01 00:02:46.880	-0.0933	-0.0430	1.0166	0.7324	2.7466	5.1880	-0.2197	4.9933	22.1704	47.4000	442	469	-235	100823	0.42 
107.847	2015-01-01 00:02:46.920	-0.0933	-0.0483	1.0137	0.9766	2.3193	2.6245	-0.2307	5.0922	22.7966	47.4500	443	468	-235	100822	0.42 
107.926	2015-01-01 00:02:46.960	-0.1089	-0.0479	1.0103	0.9766	3.4790	0.8545	-0.2417	5.2240	23.3130	47.4000	443	468	-234	100823	0.42 
107.941	2015-01-01 00:02:47.000	-0.1089	-0.0508	1.0063	2.1362	4.0283	0.3662	-0.2362	5.3833	23.7799	47.4000	442	467	-235	100823	0.42 
107.972	2015-01-01 00:02:47.040	-0.1133	-0.0405	1.0181	3.6011	3.3569	0.0610	-0.1703	5.5481	24.2194	47.5400	444	467	-238	100822	0.42 
108.035	2015-01-01 00:02:47.080	-0.1108	-0.0322	1.0122	4.7607	2.9297	-0.1831	-0.0604	5.6799	24.6423	47.3500	445	467	-239	100822	0.42 
108.066	2015-01-01 00:02:47.120	-0.1162	-0.0313	1.0142	6.3477	3.1738	-1.0986	0.1154	5.8063	25.0269	47.4500	445	467	-239	100822	0.42 
108.129	2015-01-01 00:02:47.160	-0.1152	-0.0166	1.0259	8.2397	1.3428	-0.5493	0.3735	5.9052	25.3894	47.4500	447	466	-237	100822	0.42 
108.160	2015-01-01 00:02:47.200	-0.1138	0.0054	1.0132	11.0474	0.1221	-0.3052	0.7526	5.9216	25.7684	47.2600	449	464	-233	100822	0.42 
108.191	2015-01-01 00:02:47.240	-0.1372	-0.0107	1.0522	14.4043	1.4038	-4.0894	1.2250	6.0040	26.0706	47.2600	449	464	-232	100822	0.42 
108.238	2015-01-01 00:02:47.280	-0.1274	0.0220	0.9980	19.5313	0.4272	-10.6812	1.8512	6.0590	26.1475	47.5400	448	463	-237	100822	0.42 
108.269	2015-01-01 00:02:47.320	-0.1367	0.1177	0.9917	20.4468	-3.2349	-12.2681	2.6642	6.0754	26.0101	47.5400	446	462	-239	100822	0.42 
108.332	2015-01-01 00:02:47.360	-0.1099	0.2261	0.9834	20.0195	2.6855	-4.6997	3.6035	6.1249	25.9991	47.5400	444	460	-241	100822	0.42 
108.363	2015-01-01 00:02:47.400	-0.0801	0.2715	0.9897	15.7471	0.0000	0.5493	4.5483	6.1688	26.2848	47.2600	445	460	-242	100822	0.42 
108.394	2015-01-01 00:02:47.440	-0.0542	0.2300	0.9922	13.6719	-1.4038	2.0752	5.3558	6.1029	26.7078	47.5400	445	455	-244	100822	0.42 
108.426	2015-01-01 00:02:47.480	-0.0825	0.1519	1.0718	18.6157	-2.1973	-3.7231	6.1084	6.0205	27.0374	47.5900	443	452	-249	100822	0.42 
108.473	2015-01-01 00:02:47.520	-0.0352	0.2251	0.9600	18.0054	-6.5308	-4.5166	6.9214	5.7568	27.1143	47.4500	441	452	-250	100822	0.42 
108.535	2015-01-01 00:02:47.560	-0.0298	0.2363	0.9502	18.1885	1.4648	4.5166	7.8497	5.6085	27.4988	47.3500	440	453	-251	100822	0.42 
108.551	2015-01-01 00:02:47.600	-0.0303	0.2114	0.9419	14.9536	-2.6855	3.8452	8.6462	5.5096	27.9987	47.7400	440	452	-251	100822	0.42 
108.598	2015-01-01 00:02:47.640	0.0161	0.2529	0.9175	9.0332	1.5259	8.4229	9.2944	5.3119	28.5535	47.5400	442	448	-243	100822	0.42 
108.644	2015-01-01 00:02:47.680	-0.0039	0.2432	0.9478	3.9673	2.0142	9.0332	9.7174	5.2295	29.2841	47.4500	443	447	-239	100822	0.42 
108.676	2015-01-01 00:02:47.720	0.0308	0.2202	0.9399	-1.5869	4.4556	3.1128	9.8932	5.1526	29.8059	47.2600	443	446	-246	100822	0.42 
108.738	2015-01-01 00:02:47.760	0.0215	0.2095	1.0127	-7.0190	7.3853	-2.1362	9.7998	5.2789	30.2014	47.4500	445	446	-251	100822	0.42 
108.769	2015-01-01 00:02:47.800	0.0918	0.1714	1.0005	-10.6812	-0.1831	-13.3057	9.4592	5.2515	30.1959	47.4000	445	446	-252	100822	0.42 
108.801	2015-01-01 00:02:47.840	0.1016	0.1782	1.0557	-11.2305	3.1128	-22.2168	8.9703	5.1526	29.8114	47.4500	445	446	-252	100822	0.42 
108.848	2015-01-01 00:02:47.880	0.1035	0.2998	1.0698	-13.1836	1.4038	-27.7100	8.5199	5.1691	29.1138	47.3500	445	448	-254	100822	0.42 
108.910	2015-01-01 00:02:47.920	0.1030	0.2646	1.1230	-11.2305	4.3945	-30.7617	8.1079	5.2350	28.3008	47.4000	444	451	-251	100822	0.42 
108.942	2015-01-01 00:02:47.960	0.1333	0.1396	1.3232	-8.3618	-3.6011	-40.4663	7.6190	5.1526	27.2681	47.2600	446	451	-244	100822	0.42 
108.973	2015-01-01 00:02:48.000	-0.1455	0.3052	1.1831	-9.7656	-16.1743	-33.6304	7.3334	5.0262	26.0596	47.5400	447	451	-241	100822	0.42 
109.004	2015-01-01 00:02:48.040	-0.4214	0.1606	1.0195	-4.3335	-6.1646	-26.4282	7.1136	5.1086	25.2356	47.5900	442	451	-245	100822	0.42 
109.051	2015-01-01 00:02:48.080	-0.3169	-0.1660	0.8218	-0.4272	-4.6387	-38.6963	6.7017	5.2405	24.2633	47.4500	435	453	-244	100822	0.42 
109.113	2015-01-01 00:02:48.120	-0.2202	0.3218	1.0088	-12.0850	6.3477	-23.0103	6.2622	5.6964	23.2086	47.1100	427	454	-246	100823	0.42 
109.145	2015-01-01 00:02:48.160	-0.2954	0.3247	0.9536	-27.4658	-1.5259	26.3062	5.7513	5.9821	23.7579	47.5900	426	455	-246	100822	0.42 
109.176	2015-01-01 00:02:48.200	-0.2837	0.0063	0.9404	-36.9873	-1.4038	47.1802	4.6198	6.0645	25.6531	47.4500	426	457	-244	100822	0.42 
109.239	2015-01-01 00:02:48.240	-0.1528	-0.1768	0.8481	-31.0669	6.5918	35.4614	3.1256	6.1578	27.6471	47.4000	428	459	-243	100822	0.42 
109.270	2015-01-01 00:02:48.280	-0.1143	-0.1675	0.8984	-23.4985	10.1929	15.7471	1.8073	6.4984	28.9984	47.4000	429	459	-243	100822	0.42 
109.316	2015-01-01 00:02:48.320	-0.1182	-0.1089	0.9438	-16.8457	11.5967	2.6855	0.8569	6.9489	29.6411	47.2100	429	459	-243	100822	0.42 
109.348	2015-01-01 00:02:48.360	-0.0645	-0.0620	0.9688	-11.1694	9.7656	-1.6479	0.1703	7.3553	29.8993	47.4000	438	464	-235	100822	0.42 
109.379	2015-01-01 00:02:48.400	0.0112	-0.0317	0.9668	-3.9063	6.6528	2.6245	-0.1538	7.5092	30.2838	47.1100	444	463	-233	100822	0.42 
109.426	2015-01-01 00:02:48.440	0.0513	-0.0493	0.9146	5.0049	-0.9155	-1.0986	-0.1318	7.3444	30.6628	47.3500	446	466	-231	100822	0.42 
109.458	2015-01-01 00:02:48.480	0.0293	0.0674	1.0952	10.0098	-6.2866	7.2021	0.2966	6.9983	31.0968	47.3500	447	467	-230	100822	0.42 
109.535	2015-01-01 00:02:48.520	-0.0640	-0.1553	1.0210	3.7842	-17.2729	13.6108	0.5273	6.3501	31.7944	47.3500	448	463	-232	100822	0.42 
109.567	2015-01-01 00:02:48.560	-0.0405	-0.2012	1.2461	3.5400	-13.0615	-10.3760	0.4065	5.6854	32.2229	47.4000	447	465	-233	100822	0.42 
109.598	2015-01-01 00:02:48.600	0.2803	0.2891	1.3198	-6.8359	-41.3818	18.4937	0.3790	4.2188	32.3657	47.5400	447	464	-236	100822	0.42 
109.629	2015-01-01 00:02:48.640	-0.1382	-0.0508	1.2407	-13.9160	-7.3853	44.6777	0.3680	3.0487	34.3652	47.4000	446	465	-235	100822	0.42 
109.660	2015-01-01 00:02:48.680	-0.6567	-0.2104	1.1572	-23.1934	5.3711	4.1504	-0.7306	3.7079	35.2277	47.4500	444	463	-233	100823	0.42 
109.708	2015-01-01 00:02:48.720	-0.2993	0.2393	0.6577	0.4272	5.9814	32.5928	-0.8295	4.4165	35.7056	47.4000	445	465	-230	100823	0.42 
109.786	2015-01-01 00:02:48.760	-0.2607	-0.2051	0.9980	4.3945	6.5918	33.6304	-0.4889	5.0262	37.4579	47.4000	453	463	-228	100823	0.42 
109.801	2015-01-01 00:02:48.800	-0.2949	-0.2554	0.9883	19.4092	4.2114	-28.6865	-0.4285	5.3833	37.3865	47.2600	455	463	-228	100823	0.42 
109.832	2015-01-01 00:02:48.840	-0.2319	0.1792	1.0234	28.0151	-8.3618	-26.6724	0.4779	5.4712	36.2274	47.1100	455	464	-228	100823	0.42 
109.879	2015-01-01 00:02:48.880	-0.1328	0.2241	0.8291	27.4048	-4.1504	-7.2632	1.8896	5.3064	35.7385	47.2100	457	466	-227	100823	0.42 
109.910	2015-01-01 00:02:48.920	-0.0703	0.0547	0.8647	22.1558	1.1597	-6.1035	2.9663	5.3174	35.6671	47.4000	456	464	-229	100823	0.42 
109.973	2015-01-01 00:02:48.960	-0.0479	0.1187	0.8901	17.7002	-1.5259	-12.1460	3.7518	5.2789	35.4364	47.4500	451	456	-237	100823	0.42 
110.005	2015-01-01 00:02:49.000	0.0435	0.2612	0.8936	8.7280	-2.9297	0.2441	4.4495	5.1141	35.3430	47.4000	448	456	-239	100823	0.42 
110.036	2015-01-01 00:02:49.040	0.0947	0.1797	0.9082	-1.2817	-6.5918	8.9722	4.8450	4.6637	35.7880	47.3500	446	456	-241	100823	0.42 
110.098	2015-01-01 00:02:49.080	0.0591	0.0259	0.9385	-4.6387	-10.6201	-5.9204	4.7186	4.1089	36.0242	47.4000	445	453	-241	100823	0.42 
110.113	2015-01-01 00:02:49.120	0.0000	0.1299	1.0376	-2.4414	-16.1133	-24.7803	4.5868	3.4552	35.5573	47.5400	442	451	-244	100823	0.42 
110.160	2015-01-01 00:02:49.160	-0.0532	0.4390	1.3755	10.3149	-7.0190	0.5493	4.9713	3.1146	35.0684	47.2600	444	453	-249	100823	0.42 
110.223	2015-01-01 00:02:49.200	0.2153	-0.1191	1.3252	-4.8828	-46.5698	-16.9067	5.1416	1.7743	35.2332	47.3500	444	454	-252	100823	0.42 
110.254	2015-01-01 00:02:49.240	-0.1387	0.1182	1.1406	15.3198	-23.4985	-54.0161	5.0977	0.5768	33.4698	47.5400	434	453	-249	100823	0.42 
110.301	2015-01-01 00:02:49.280	-0.6611	0.1738	1.0020	34.5459	-23.6816	-33.2642	6.4655	0.5054	31.7120	47.3500	426	450	-248	100823	0.42 
110.332	2015-01-01 00:02:49.320	-0.1021	-0.0107	0.8154	5.3711	5.0659	-14.0991	6.9708	0.4285	31.0364	47.2600	418	449	-251	100823	0.42 
110.395	2015-01-01 00:02:49.360	-0.1587	0.3525	1.0859	-15.2588	2.3193	-25.6958	6.8445	1.1261	30.3662	47.4500	412	448	-254	100823	0.42 
110.426	2015-01-01 00:02:49.400	-0.1270	0.2949	0.9199	-30.7007	9.0942	11.6577	6.1469	1.4996	30.2509	47.2100	410	447	-257	100823	0.42 
110.457	2015-01-01 00:02:49.440	-0.0845	-0.0952	0.8350	-28.8696	8.6060	28.6865	4.9109	1.8622	31.5033	47.2600	410	446	-253	100824	0.42 
110.488	2015-01-01 00:02:49.480	-0.0376	-0.0728	0.9321	-26.1230	18.4937	17.0288	3.5760	2.4939	32.7283	47.5900	410	445	-251	100824	0.42 
110.535	2015-01-01 00:02:49.520	-0.0049	-0.0879	0.9033	-17.9443	7.8125	1.6479	2.5488	2.8290	33.3655	47.2100	417	448	-249	100823	0.42 
110.598	2015-01-01 00:02:49.560	0.0137	-0.0977	0.9238	-8.4229	11.7798	-11.9629	1.8896	3.2025	33.3655	47.4000	417	451	-245	100823	0.42 
110.630	2015-01-01 00:02:49.600	0.1055	-0.0938	0.8770	2.1362	8.1177	-14.2822	1.5601	3.3673	33.0963	47.2600	418	452	-243	100824	0.42 
110.661	2015-01-01 00:02:49.640	0.0625	0.1812	1.0557	2.8687	19.3481	5.1270	1.7358	3.7134	33.1787	47.2600	418	452	-242	100824	0.42 
110.692	2015-01-01 00:02:49.680	-0.0444	0.0811	1.1226	5.3101	-20.5078	41.3818	2.0599	3.5870	34.3158	47.2600	420	455	-243	100823	0.42 
110.755	2015-01-01 00:02:49.720	-0.0093	-0.5410	1.1978	-0.5493	-5.8594	-13.5498	1.7358	2.8894	35.3101	47.0700	421	455	-245	100823	0.42 
110.801	2015-01-01 00:02:49.760	0.2002	0.6104	1.4224	-7.3242	-22.2168	18.2495	1.7084	2.0160	35.1343	47.1100	421	453	-247	100824	0.42 
110.833	2015-01-01 00:02:49.800	-0.1841	0.1582	1.0322	-33.7524	-23.3154	57.0679	1.4063	0.9119	37.0074	47.3500	422	454	-246	100824	0.42 
110.864	2015-01-01 00:02:49.840	-0.5889	-0.0303	0.9346	-34.5459	-14.9536	54.7485	-0.1813	0.9668	39.3365	47.3500	423	459	-243	100824	0.42 
110.910	2015-01-01 00:02:49.880	-0.1309	-0.1304	0.8569	-6.2866	6.1035	27.8931	-0.7965	1.2909	40.6165	47.1100	429	460	-238	100824	0.42 
110.942	2015-01-01 00:02:49.920	-0.3047	-0.4429	1.0195	24.4141	13.8550	-5.6152	-0.7690	2.0709	41.1877	47.2600	433	460	-238	100824	0.42 
111.004	2015-01-01 00:02:49.960	-0.3179	-0.1001	1.0493	37.9028	4.7607	-56.5186	0.1758	2.7740	39.7485	47.4000	434	460	-237	100824	0.42 
111.036	2015-01-01 00:02:50.000	-0.0728	0.4146	0.8765	35.4004	-14.6484	-41.9312	1.8732	2.7740	37.5458	47.2600	431	457	-240	100824	0.42 
111.067	2015-01-01 00:02:50.040	0.1011	0.2852	0.7119	21.2402	7.2021	-7.1411	3.5486	2.5159	36.8976	47.2100	429	459	-243	100824	0.42 
111.130	2015-01-01 00:02:50.080	-0.0127	0.0859	0.9038	7.9956	13.8550	-8.6670	4.2352	2.9663	36.7767	47.1100	427	460	-245	100824	0.42 
111.161	2015-01-01 00:02:50.120	0.0391	0.2393	0.8794	-2.2583	4.4556	-4.5776	4.4440	3.2300	36.5955	47.2100	426	455	-245	100824	0.42 
111.207	2015-01-01 00:02:50.160	0.1025	0.2236	0.8423	-10.0098	2.3804	4.5776	4.4604	3.1256	36.7657	47.2600	425	453	-247	100824	0.42 
111.254	2015-01-01 00:02:50.200	0.1050	0.0122	1.0078	-9.2163	-0.0610	-4.2725	4.0979	2.9388	36.9635	47.2600	424	453	-240	100824	0.42 
111.302	2015-01-01 00:02:50.240	0.0874	0.0464	1.0254	0.6104	-11.0474	-20.6909	3.9056	2.4994	36.6724	47.4000	423	453	-237	100824	0.42 
111.333	2015-01-01 00:02:50.280	-0.0063	0.3740	1.2021	10.1929	4.6997	-19.1040	4.1858	2.3126	35.7111	47.4000	423	453	-241	100824	0.42 
111.364	2015-01-01 00:02:50.320	0.1509	0.2510	1.3223	5.8594	-22.9492	5.0659	4.8999	1.9940	35.9418	47.2100	424	452	-242	100824	0.42 
111.410	2015-01-01 00:02:50.360	-0.0391	0.1235	1.2012	11.2915	-10.3149	-37.6587	5.0262	1.0382	35.1123	47.4000	426	452	-240	100824	0.42 
111.442	2015-01-01 00:02:50.400	-0.6680	0.0991	1.3765	42.6025	1.2207	-29.6631	6.0645	1.4337	33.8434	47.1100	427	452	-239	100825	0.42 
111.473	2015-01-01 00:02:50.440	-0.2861	-0.0679	0.6641	12.0239	-23.8037	2.2583	7.0203	1.3513	33.1732	47.3500	420	448	-244	100824	0.42 
111.536	2015-01-01 00:02:50.480	-0.0718	0.3032	0.9038	-6.5918	29.6631	-1.8311	7.1686	1.8842	33.4424	47.3500	411	446	-247	100824	0.42 
111.567	2015-01-01 00:02:50.520	-0.2642	0.3164	1.0669	-26.7334	20.2026	17.3950	6.7017	3.0981	33.8159	47.2100	412	448	-251	100824	0.42 
111.598	2015-01-01 00:02:50.560	-0.1631	-0.0444	0.9194	-26.4282	10.2539	51.5137	5.6580	3.7463	35.5463	47.1100	415	449	-251	100824	0.42 
111.661	2015-01-01 00:02:50.600	-0.0698	-0.1274	0.9297	-26.2451	21.7896	34.6680	4.4220	4.2242	37.5183	47.1100	420	450	-250	100824	0.42 
111.692	2015-01-01 00:02:50.640	-0.0513	-0.0645	0.9658	-20.9351	8.3008	22.3389	3.3728	4.7131	38.7653	47.2100	427	449	-251	100824	0.42 
111.755	2015-01-01 00:02:50.680	0.0063	-0.1055	0.8682	-14.5874	7.2632	5.4321	2.4994	4.8285	39.4299	47.1100	431	448	-252	100824	0.42 
111.786	2015-01-01 00:02:50.720	0.0435	-0.1382	0.8823	-3.6011	13.3057	-2.0142	1.9281	5.0867	39.6167	47.2600	434	451	-246	100824	0.42 
111.832	2015-01-01 00:02:50.760	0.0728	0.0732	0.9160	3.4180	18.1885	6.4697	1.8677	5.4492	39.8309	47.1100	436	453	-242	100824	0.42 
111.864	2015-01-01 00:02:50.800	-0.0361	0.1445	1.1660	-2.0752	-8.4839	21.3013	2.1259	5.6964	40.4462	47.2600	436	452	-244	100824	0.42 
111.895	2015-01-01 00:02:50.840	-0.0420	-0.3101	1.0942	0.6104	-10.3760	23.9258	2.1313	4.8010	41.7426	47.3500	436	451	-245	100824	0.42 
111.958	2015-01-01 00:02:50.880	0.1006	-0.0078	1.3540	1.0376	-25.4517	-9.1553	1.7633	4.1418	41.7480	47.2100	440	453	-242	100824	0.42 
111.989	2015-01-01 00:02:50.920	-0.1182	0.3330	1.2935	-12.4512	-47.2412	44.4336	1.8787	2.4445	42.6874	47.2100	442	454	-240	100824	0.42 
112.035	2015-01-01 00:02:50.960	-0.5181	-0.0322	1.0405	-45.3491	-12.3291	46.0205	0.6866	1.5161	44.5496	47.2600	445	454	-237	100824	0.42 
112.067	2015-01-01 00:02:51.000	-0.2837	0.0186	0.8486	-12.9395	7.5684	29.1138	-0.3296	1.9336	45.7361	47.3500	446	454	-235	100824	0.42 
112.130	2015-01-01 00:02:51.040	-0.1934	-0.2544	1.0054	14.5264	-2.6855	12.8784	-0.2911	2.4170	46.5051	47.1100	451	459	-234	100824	0.42 
112.161	2015-01-01 00:02:51.080	-0.2378	-0.3896	0.8882	36.0107	8.2397	-49.9268	0.2307	2.6367	45.8075	47.5900	451	455	-234	100824	0.42 
112.192	2015-01-01 00:02:51.120	-0.3481	0.1211	1.1167	39.9780	5.8594	-102.6001	1.3733	3.5541	42.3358	47.0700	447	455	-235	100824	0.42 
112.270	2015-01-01 00:02:51.160	0.0015	0.4595	0.7671	33.2642	-13.2446	-62.6831	3.1256	3.3563	38.8696	47.2600	442	453	-241	100824	0.42 
112.285	2015-01-01 00:02:51.200	0.0962	0.2017	0.7563	13.6108	12.3291	-24.2310	4.4714	3.2794	37.5128	47.2100	435	450	-243	100824	0.42 
112.333	2015-01-01 00:02:51.240	-0.0073	0.1626	0.9321	4.6997	16.5405	-23.9868	4.8340	3.9001	36.7822	47.1100	431	451	-247	100823	0.42 
112.364	2015-01-01 00:02:51.280	0.0469	0.3359	0.8652	-5.8594	6.0425	-5.0659	5.0592	4.2792	36.3098	47.4000	429	451	-246	100823	0.42 
112.395	2015-01-01 00:02:51.320	0.0674	0.0889	0.8989	-8.3618	10.4980	3.6011	4.9493	4.3671	36.5900	47.2600	428	449	-246	100823	0.42 
112.457	2015-01-01 00:02:51.360	-0.0830	-0.0176	1.0410	0.4272	3.0518	-9.7656	4.6857	4.6472	36.6943	47.2600	425	445	-243	100823	0.42 
112.473	2015-01-01 00:02:51.400	-0.0063	0.3281	1.1421	3.1128	-10.8643	-36.6821	4.7791	4.5154	35.7385	47.2100	423	443	-242	100823	0.42 
112.520	2015-01-01 00:02:51.440	0.1211	0.3926	1.2314	6.7139	-22.2778	-0.2441	5.2240	3.6749	34.9091	47.1100	423	443	-242	100824	0.42 
112.567	2015-01-01 00:02:51.480	0.2773	-0.0703	1.2495	-2.6855	-24.4141	-0.3052	5.3778	2.3071	35.5298	47.1100	420	444	-241	100824	0.42 
112.598	2015-01-01 00:02:51.520	-0.3140	0.0962	1.1377	13.1836	-11.9019	-27.8320	5.6140	2.0325	34.8267	47.2100	420	442	-237	100824	0.42 
112.676	2015-01-01 00:02:51.560	-0.7085	0.0684	1.1533	33.8135	-19.7144	-23.6206	6.8555	2.4719	33.6786	47.2600	418	440	-241	100824	0.42 
112.692	2015-01-01 00:02:51.600	0.0073	0.1992	0.6519	6.8970	0.6104	11.2915	7.4048	1.8896	33.6237	47.3500	415	440	-246	100824	0.42 
112.723	2015-01-01 00:02:51.640	-0.2119	0.3657	1.0615	-16.9067	25.3296	8.7891	7.5092	2.8619	34.1895	47.2600	415	440	-248	100824	0.42 
112.770	2015-01-01 00:02:51.680	-0.2168	0.2568	1.0488	-35.4614	14.5874	44.4946	6.6632	3.6145	35.4419	47.2600	416	441	-250	100824	0.42 
112.801	2015-01-01 00:02:51.720	-0.1401	-0.0854	0.8628	-31.3110	6.0425	62.9883	5.3394	3.8452	37.8040	47.1100	420	442	-247	100824	0.42 
112.848	2015-01-01 00:02:51.760	-0.0771	-0.0981	0.9351	-28.2593	18.6768	46.8140	4.0375	4.3396	40.1660	47.1100	425	445	-245	100824	0.42 
112.879	2015-01-01 00:02:51.800	-0.0615	-0.1123	0.9385	-18.9209	6.8359	19.9585	2.9938	4.7131	41.5393	47.2100	428	446	-245	100824	0.42 
112.926	2015-01-01 00:02:51.840	0.0469	-0.1050	0.8662	-8.3618	7.3853	5.0659	2.2906	4.8175	42.0502	47.2600	434	448	-241	100824	0.42 
112.973	2015-01-01 00:02:51.880	0.0811	-0.1128	0.8608	-2.1362	14.7095	-3.1128	1.8842	5.0208	42.2150	47.3500	439	445	-238	100824	0.42 
113.004	2015-01-01 00:02:51.920	0.0415	0.1035	1.0581	-0.4883	20.1416	2.6855	1.8127	5.5591	42.2644	47.2600	442	448	-242	100824	0.42 
113.083	2015-01-01 00:02:51.960	0.0557	0.1255	1.1030	-4.7607	-15.3809	34.1187	1.8292	5.3339	43.0060	47.2600	443	449	-243	100824	0.42 
113.098	2015-01-01 00:02:52.000	-0.1123	-0.5552	1.1309	-5.7983	-6.1035	-2.1362	1.4886	4.6252	44.1431	47.3500	449	446	-238	100824	0.42 
113.129	2015-01-01 00:02:52.040	0.1553	0.4082	1.4600	-8.3008	-21.9727	-7.6904	1.0162	4.0814	43.4674	47.4500	452	443	-233	100824	0.42 
113.176	2015-01-01 00:02:52.080	-0.1787	0.2412	1.1465	-26.6724	-26.0010	37.8418	0.8679	2.9224	44.3353	47.2600	453	442	-229	100824	0.42 
113.207	2015-01-01 00:02:52.120	-0.6465	-0.0679	0.9165	-29.7852	-14.0381	44.9829	-0.5164	3.1311	45.7965	47.4000	452	443	-226	100824	0.42 
113.286	2015-01-01 00:02:52.160	-0.1948	-0.0542	0.7495	-8.6670	2.3804	25.6958	-1.0162	3.3893	46.8347	47.2100	454	447	-224	100824	0.42 
113.301	2015-01-01 00:02:52.200	-0.2769	-0.3354	1.0132	16.7847	8.0566	-2.4414	-1.0217	3.8782	47.3730	47.5400	458	445	-221	100824	0.42 
113.348	2015-01-01 00:02:52.240	-0.3242	-0.2031	1.0571	33.8135	-0.6714	-60.3027	-0.4120	4.3176	45.8624	47.2600	463	444	-222	100824	0.42 
113.379	2015-01-01 00:02:52.280	-0.1924	0.3345	1.0122	37.5366	-17.9443	-60.5469	0.9668	4.2023	43.0884	47.3500	458	446	-226	100824	0.42 
113.426	2015-01-01 00:02:52.320	0.0410	0.3574	0.6816	27.1606	-7.9346	-17.2119	2.8125	3.5541	41.6327	47.1100	450	442	-230	100824	0.42 
113.489	2015-01-01 00:02:52.360	0.0581	0.1030	0.8906	15.8081	7.2632	-6.5308	3.8013	3.4717	41.3525	47.3500	444	439	-231	100824	0.42 
113.520	2015-01-01 00:02:52.400	0.0518	0.2329	0.8633	5.0049	4.5166	-2.0142	4.3176	3.5266	41.2372	47.2600	443	437	-233	100824	0.42 
113.552	2015-01-01 00:02:52.440	0.1016	0.2705	0.9009	-5.2490	2.9907	10.1318	4.6307	3.5376	41.5173	47.4000	442	436	-235	100824	0.42 
113.614	2015-01-01 00:02:52.480	0.0703	-0.0205	0.9438	-8.1177	-0.4883	4.2114	4.3890	3.3179	41.9019	47.2100	442	439	-239	100824	0.42 
113.661	2015-01-01 00:02:52.520	0.0444	-0.0405	1.0596	-3.9673	-16.4795	-14.4653	3.9661	2.9059	41.8195	47.2600	442	440	-240	100824	0.42 
113.692	2015-01-01 00:02:52.560	-0.0303	0.3740	1.2417	0.9155	-9.6436	-26.6113	3.8617	2.2906	40.7318	47.3500	444	437	-239	100824	0.42 
113.724	2015-01-01 00:02:52.600	0.1826	0.2183	1.3281	0.7935	-28.3813	1.4038	4.4440	1.4886	40.5835	47.4000	443	435	-237	100824	0.42 
113.755	2015-01-01 00:02:52.640	-0.0122	-0.0239	1.1934	3.8452	-22.2778	-36.2549	4.3561	0.2911	39.8529	47.2600	439	431	-235	100824	0.42 
113.786	2015-01-01 00:02:52.680	-0.6147	0.0527	1.3110	50.1099	3.9063	-54.4434	5.3503	0.4120	38.0457	47.4500	438	430	-235	100824	0.42 
113.832	2015-01-01 00:02:52.720	-0.2446	0.0801	0.6704	19.6533	-20.2637	-14.1602	6.7017	0.4449	36.4142	47.2100	431	429	-238	100823	0.42 
113.895	2015-01-01 00:02:52.760	-0.0635	0.3394	1.0684	-5.3101	22.4609	-2.5635	7.1686	1.0657	36.4362	47.2100	426	424	-241	100823	0.42 
113.926	2015-01-01 00:02:52.800	-0.1304	0.3125	0.8696	-30.0293	4.3945	15.3809	6.5588	1.5436	36.6833	47.4000	426	425	-241	100823	0.42 
113.973	2015-01-01 00:02:52.840	-0.1758	0.0947	0.9595	-25.4517	21.6675	59.4482	5.6305	2.2302	38.4686	47.3500	428	428	-240	100823	0.42 
114.004	2015-01-01 00:02:52.880	-0.1113	-0.1548	0.9639	-25.6348	20.5688	61.5845	4.5319	2.9279	41.2262	47.3500	434	428	-239	100823	0.42 
114.067	2015-01-01 00:02:52.920	0.0190	-0.2759	0.9189	-16.7847	10.2539	23.9868	3.3344	3.3893	43.1323	47.3500	441	428	-236	100824	0.42 
114.098	2015-01-01 00:02:52.960	0.0386	-0.0166	0.9165	-9.9487	12.3901	-3.4790	2.6038	3.6914	43.5223	47.4000	445	428	-235	100824	0.42 
114.130	2015-01-01 00:02:53.000	0.0762	-0.1079	0.8765	-6.1035	16.2964	-10.0708	2.1313	4.0594	43.3411	47.2600	447	430	-234	100824	0.42 
114.161	2015-01-01 00:02:53.040	0.0522	0.0776	0.9844	0.5493	17.3340	0.0610	1.9336	4.5428	43.1982	47.2100	451	429	-230	100824	0.42 
114.207	2015-01-01 00:02:53.080	0.0537	0.1816	1.1377	-0.9155	-10.8643	27.5269	2.1863	4.5868	43.8354	47.0700	449	429	-225	100824	0.42 
114.270	2015-01-01 00:02:53.120	0.0659	-0.2422	1.0684	0.1831	-14.9536	34.4238	2.2522	3.4662	45.4504	47.2100	447	429	-222	100824	0.42 
114.302	2015-01-01 00:02:53.160	-0.0532	-0.0278	1.4629	-7.6904	-7.9956	-20.4468	1.6699	3.1696	45.3406	47.2100	452	428	-225	100824	0.42 
114.333	2015-01-01 00:02:53.200	-0.2144	0.3931	1.4512	-26.6113	-32.1045	23.8647	1.2469	2.2906	45.3461	47.2600	455	428	-227	100824	0.42 
114.395	2015-01-01 00:02:53.240	-0.4326	0.0391	0.8184	-25.1465	-16.1743	44.3115	0.0385	1.9940	46.6425	47.0700	453	426	-229	100824	0.42 
114.411	2015-01-01 00:02:53.280	-0.1333	-0.1250	0.7207	-4.6387	17.5171	35.8887	-0.3625	2.4939	48.1476	47.2600	455	426	-226	100824	0.42 
114.473	2015-01-01 00:02:53.320	-0.3076	-0.3540	1.0195	14.2822	9.0332	-4.5776	-0.4395	3.3344	48.8562	47.2100	462	429	-225	100825	0.42 
114.505	2015-01-01 00:02:53.360	-0.2998	-0.1597	0.9854	27.5879	4.4556	-72.5098	-0.0879	3.7958	46.9940	47.1100	464	430	-224	100825	0.42 
114.536	2015-01-01 00:02:53.400	-0.1597	0.3301	1.0381	31.5552	-8.3618	-64.0259	1.0492	3.9990	43.8849	47.4000	459	430	-222	100825	0.42 
114.567	2015-01-01 00:02:53.440	0.0361	0.2930	0.7622	27.2827	-1.9531	-19.7144	2.6642	3.6914	42.4622	47.2600	455	430	-223	100825	0.42 
114.630	2015-01-01 00:02:53.480	0.0073	0.0767	0.8628	15.6860	6.5308	-19.8975	3.6200	3.7683	41.8469	47.4000	452	430	-226	100825	0.42 
114.708	2015-01-01 00:02:53.520	0.0273	0.1670	0.8613	5.0659	4.2725	-23.2544	4.0320	3.9056	41.0010	47.1100	452	430	-229	100825	0.42 
114.723	2015-01-01 00:02:53.560	0.0977	0.2456	0.8423	-4.1504	8.2397	-13.5498	4.2517	4.0210	40.4077	47.1100	451	429	-230	100825	0.42 
114.771	2015-01-01 00:02:53.600	0.0776	0.1006	0.9634	-7.8735	4.8828	-5.7983	4.1309	4.1364	40.2374	47.5400	450	425	-228	100824	0.42 
114.802	2015-01-01 00:02:53.640	0.0762	0.0225	1.0293	-1.6479	-7.4463	-12.3291	3.8507	3.8672	40.0397	47.4000	447	427	-227	100825	0.42 
114.833	2015-01-01 00:02:53.680	0.0698	0.3950	1.2349	1.3428	-11.8408	-21.9116	3.9496	3.2684	39.3530	47.0700	444	428	-227	100825	0.42 
114.911	2015-01-01 00:02:53.720	0.0674	0.2764	1.2930	2.0752	-25.4517	24.5361	4.4385	2.5983	39.4794	47.3500	445	428	-226	100824	0.42 
114.911	2015-01-01 00:02:53.760	-0.0444	-0.0044	1.2876	8.4839	-12.2681	-22.1558	4.5319	1.7139	39.7211	47.1100	446	428	-227	100825	0.42 
114.974	2015-01-01 00:02:53.800	-0.6895	0.0938	1.3145	49.6216	-3.6011	-41.1377	5.6250	1.8842	38.3258	47.0700	450	429	-227	100824	0.42 
115.005	2015-01-01 00:02:53.840	-0.1416	-0.0503	0.6699	10.8643	-10.6812	-6.8359	6.4655	1.6919	37.2107	47.0700	447	428	-227	100824	0.42 
115.036	2015-01-01 00:02:53.880	-0.1660	0.3896	1.0215	-7.9956	17.3340	1.3428	6.6687	2.4994	37.4414	47.1100	438	423	-231	100824	0.42 
115.114	2015-01-01 00:02:53.920	-0.2163	0.2910	0.9575	-27.9541	8.0566	29.2358	6.1633	3.0103	38.0347	47.2100	437	422	-230	100825	0.42 
115.129	2015-01-01 00:02:53.960	-0.1475	-0.0420	0.9487	-30.9448	3.4180	56.4575	5.0867	3.3618	40.0342	46.9200	438	426	-227	100824	0.42 
115.161	2015-01-01 00:02:54.000	-0.0366	-0.1533	0.8838	-27.2827	17.5781	37.3535	3.6969	3.6255	42.1271	46.9200	444	425	-227	100824	0.42 
115.208	2015-01-01 00:02:54.040	-0.0200	-0.1201	0.9219	-14.3433	10.4370	21.3623	2.7081	4.0265	43.4070	47.0700	449	425	-223	100824	0.42 
115.239	2015-01-01 00:02:54.080	0.0024	-0.1201	0.8955	-7.4463	7.3242	0.0610	2.1094	4.2737	43.8904	47.2100	452	423	-222	100824	0.42 
115.318	2015-01-01 00:02:54.120	0.0684	-0.1533	0.8774	1.8921	13.7939	-12.0850	1.7029	4.4989	43.7421	47.0700	453	422	-222	100824	0.42 
115.318	2015-01-01 00:02:54.160	0.0151	0.1392	1.0078	2.8687	17.7002	2.6855	1.7963	4.9493	43.6047	47.1100	457	428	-218	100824	0.42 
115.380	2015-01-01 00:02:54.200	0.0557	0.1978	1.2109	-5.7983	-19.4702	32.5928	1.9720	4.8450	44.3518	47.1100	457	427	-216	100824	0.42 
115.411	2015-01-01 00:02:54.240	-0.0142	-0.5278	1.0957	-3.1128	-14.7705	9.0332	1.7413	3.4552	45.8130	47.3500	458	424	-211	100824	0.42 
115.443	2015-01-01 00:02:54.280	0.1304	0.2490	1.3667	-8.7891	-34.4849	-28.5645	1.1700	2.7356	44.8462	47.2100	458	423	-211	100824	0.42 
115.520	2015-01-01 00:02:54.320	-0.0991	0.2695	0.9512	-18.4326	-36.1328	41.1987	1.1206	1.1426	45.5658	47.1100	459	424	-216	100824	0.42 
115.536	2015-01-01 00:02:54.360	-0.5679	-0.0825	0.9790	-42.5415	3.7842	49.6826	-0.3735	1.2140	47.3126	47.1100	456	430	-220	100824	0.42 
115.583	2015-01-01 00:02:54.400	-0.3188	-0.1440	1.0459	-11.3525	18.0054	4.5166	-1.3184	2.1698	48.1805	47.2600	455	433	-221	100824	0.42 
115.646	2015-01-01 00:02:54.440	-0.2231	-0.1948	1.1743	16.6016	-6.1646	-11.7798	-1.3074	2.6971	47.8400	47.1100	465	430	-216	100824	0.42 
115.692	2015-01-01 00:02:54.480	-0.0503	-0.1997	0.7983	43.5181	-12.9395	-30.5176	-0.2966	2.1863	47.0599	46.8700	468	430	-214	100824	0.42 
115.724	2015-01-01 00:02:54.520	-0.2773	-0.0459	0.9692	40.9546	8.9111	-74.0967	1.1975	2.5269	44.9725	47.1100	466	430	-220	100824	0.42 
115.755	2015-01-01 00:02:54.560	-0.1831	0.3184	0.9561	26.4893	-7.7515	-93.8110	2.4609	2.9388	41.2482	47.2100	461	430	-222	100824	0.42 
115.786	2015-01-01 00:02:54.600	0.1016	0.3462	0.7832	14.5264	-13.3667	-46.0815	3.6145	2.4554	38.5730	47.3500	456	428	-223	100824	0.42 
115.818	2015-01-01 00:02:54.640	0.1504	0.1982	0.8462	2.4414	3.1738	-19.2871	4.2023	2.1313	37.6666	47.0700	451	425	-223	100824	0.42 
115.895	2015-01-01 00:02:54.680	0.1357	0.3013	0.8677	-10.2539	6.4087	-5.0659	4.3121	2.1533	37.3920	47.2600	449	424	-223	100823	0.42 
115.943	2015-01-01 00:02:54.720	0.1348	0.0679	0.8706	-13.0005	4.6997	0.2441	3.9990	2.0709	37.6117	47.3500	446	427	-225	100823	0.42 
115.943	2015-01-01 00:02:54.760	0.0044	0.0063	1.0244	-5.6763	4.9438	-5.1270	3.5925	2.2083	37.8149	47.2100	445	429	-226	100823	0.42 
116.005	2015-01-01 00:02:54.800	-0.0039	0.1904	1.0977	3.8452	-0.6104	-14.1602	3.5596	2.1533	37.3370	47.0700	445	432	-229	100823	0.42 
116.036	2015-01-01 00:02:54.840	0.0630	0.1577	1.4370	4.6997	-9.3384	4.4556	4.0485	2.1698	37.6172	47.3500	445	433	-230	100823	0.42 
116.068	2015-01-01 00:02:54.880	0.3569	0.0962	1.2007	2.3193	-27.7710	-33.3862	4.1803	0.8130	37.1173	47.1100	445	431	-228	100823	0.42 
116.145	2015-01-01 00:02:54.920	-0.1187	0.2451	1.0830	19.8364	1.5259	-7.3242	4.8560	0.3625	36.3483	47.0700	441	431	-225	100823	0.42 
116.177	2015-01-01 00:02:54.960	-0.6987	-0.0122	1.0503	32.1045	-7.2632	-8.3008	6.2787	1.1536	36.2878	47.2100	437	432	-222	100823	0.42 
116.192	2015-01-01 00:02:55.000	-0.1191	0.0864	0.8652	3.8452	6.7139	10.8032	6.5918	1.4117	36.3757	47.0700	436	432	-227	100823	0.42 
116.239	2015-01-01 00:02:55.040	-0.1953	0.4839	1.0815	-15.6860	17.7002	23.9258	6.5588	2.0819	37.2272	47.1100	438	429	-233	100823	0.42 
116.270	2015-01-01 00:02:55.080	-0.1748	0.1729	1.1133	-33.1421	2.5635	56.2744	5.8173	2.4994	38.9905	47.3500	441	426	-234	100823	0.42 
116.349	2015-01-01 00:02:55.120	-0.0439	-0.1836	0.7227	-30.7617	-1.1597	56.5796	4.3451	2.2247	41.4734	47.0700	447	428	-234	100823	0.42 
116.349	2015-01-01 00:02:55.160	-0.0405	-0.0669	0.9468	-22.3389	28.3813	46.8140	3.1036	2.8125	43.6707	47.1100	453	430	-231	100823	0.42 
116.395	2015-01-01 00:02:55.200	-0.0469	-0.1533	0.9478	-15.6250	5.7983	24.2920	2.2137	3.3124	45.2032	47.0700	458	429	-233	100823	0.42 
116.442	2015-01-01 00:02:55.240	0.0293	-0.1807	0.9087	-6.4087	10.0708	-3.9063	1.5051	3.5321	45.6097	47.2100	464	427	-232	100823	0.42 
116.473	2015-01-01 00:02:55.280	0.1172	-0.0830	0.8413	0.4883	10.8643	-9.9487	1.1700	3.7024	45.4065	47.4000	468	428	-232	100823	0.42 
116.552	2015-01-01 00:02:55.320	0.0361	0.1372	0.9814	2.6245	21.3623	-0.3052	1.3129	4.1968	45.2856	47.0700	468	430	-229	100823	0.42 
116.583	2015-01-01 00:02:55.360	-0.0186	0.1011	1.1885	-0.7935	-15.0757	27.2827	1.4667	4.2352	45.7855	47.1100	469	431	-228	100823	0.42 
116.615	2015-01-01 00:02:55.400	0.0103	-0.2988	1.1909	-7.2632	-19.3481	13.9160	1.3184	3.2355	47.0599	47.2100	470	432	-227	100823	0.42 
116.646	2015-01-01 00:02:55.440	0.2041	0.2114	1.3892	-12.2070	-24.2920	-5.6152	0.8240	2.3016	46.7963	47.0700	472	434	-227	100823	0.42 
116.676	2015-01-01 00:02:55.480	-0.1118	0.1196	1.1411	-14.9536	-26.6113	39.3066	0.5658	1.1261	47.6093	47.3500	472	435	-228	100823	0.42 
116.755	2015-01-01 00:02:55.520	-0.6147	0.0039	0.9453	-29.5410	-1.9531	51.8799	-0.4724	1.4063	49.3176	47.0700	473	435	-231	100823	0.42 
116.786	2015-01-01 00:02:55.560	-0.2026	-0.0024	0.8862	-7.8125	11.4746	26.0620	-0.8899	2.0544	50.5536	47.1100	473	435	-233	100823	0.42 
116.818	2015-01-01 00:02:55.600	-0.1416	-0.3379	1.0093	13.6719	0.8545	-1.2817	-0.9229	2.4994	50.9985	47.0700	479	436	-225	100823	0.42 
116.880	2015-01-01 00:02:55.640	-0.2441	-0.3628	0.9375	34.4849	13.3667	-62.2559	-0.4779	2.9279	49.7461	47.2600	480	434	-224	100823	0.42 
116.927	2015-01-01 00:02:55.680	-0.3081	0.2109	1.1104	36.0718	-7.5073	-95.2759	0.7141	3.5760	46.1591	47.1100	478	434	-227	100824	0.42 
116.974	2015-01-01 00:02:55.720	0.0420	0.4819	0.7036	27.4658	-8.9722	-50.5371	2.4335	3.1256	43.2037	47.1100	474	435	-228	100824	0.42 
116.974	2015-01-01 00:02:55.760	0.0479	0.1582	0.8438	13.4888	13.1226	-21.7285	3.5815	3.1970	42.0721	47.1100	468	433	-232	100823	0.42 
117.037	2015-01-01 00:02:55.800	0.0220	0.2505	0.8994	0.0000	7.9346	-14.6484	3.9496	3.5925	41.4349	47.2600	466	434	-230	100824	0.42 
117.068	2015-01-01 00:02:55.840	0.1216	0.3027	0.9014	-10.0098	2.0142	10.7422	4.0649	3.5870	41.5118	46.9200	466	434	-230	100824	0.42 
117.098	2015-01-01 00:02:55.880	0.1353	0.0483	0.9370	-10.6201	-1.0376	16.2964	3.8232	3.2684	42.2864	47.4000	464	433	-231	100824	0.42 
117.161	2015-01-01 00:02:55.920	0.0615	-0.0786	0.9766	-4.0283	-4.5776	3.1738	3.4003	2.9279	42.8302	47.1100	460	437	-236	100824	0.42 
117.208	2015-01-01 00:02:55.960	-0.0967	0.3511	1.1729	10.6812	0.6104	-7.4463	3.5706	2.7850	42.5171	46.9200	459	438	-238	100824	0.42 
117.240	2015-01-01 00:02:56.000	0.0234	0.1836	1.4077	4.3945	-23.0103	25.1465	4.3835	2.4500	43.1653	47.0700	460	435	-239	100824	0.42 
117.271	2015-01-01 00:02:56.040	0.1118	-0.1045	1.2158	4.8218	-34.7290	-42.7246	4.3341	0.8020	42.8632	47.0700	460	432	-238	100824	0.42 
117.348	2015-01-01 00:02:56.080	-0.3242	0.3140	1.1973	37.3535	-7.6904	-35.2173	5.2405	0.2582	41.1273	47.2600	462	430	-238	100824	0.42 
117.380	2015-01-01 00:02:56.120	-0.3398	-0.1777	0.7705	13.1836	-17.8223	-18.6157	6.3501	0.3351	39.9792	47.0700	463	430	-238	100824	0.42 
117.411	2015-01-01 00:02:56.160	-0.0522	0.1792	0.9863	-3.6621	12.8784	-23.8037	6.2347	0.7526	39.3201	47.0200	449	427	-243	100824	0.42 
117.427	2015-01-01 00:02:56.200	-0.2017	0.5464	0.9717	-20.9961	21.7285	15.9912	6.0809	1.5051	39.2102	47.1100	447	429	-245	100824	0.42 
117.473	2015-01-01 00:02:56.240	-0.2612	0.1128	1.0864	-30.0293	8.6060	71.7773	5.4327	2.3566	41.2921	47.2100	451	431	-244	100824	0.42 
117.520	2015-01-01 00:02:56.280	-0.0122	-0.2651	0.8198	-33.1421	6.4697	49.8047	3.8123	2.2632	43.9728	47.0700	454	430	-240	100825	0.42 
117.552	2015-01-01 00:02:56.320	0.0176	-0.1450	0.8569	-18.9209	14.8315	18.0664	2.4115	2.5983	45.3735	47.1100	458	430	-241	100825	0.42 
117.598	2015-01-01 00:02:56.360	-0.0234	-0.1211	0.9365	-9.5215	8.8501	0.2441	1.7194	3.0157	45.7690	47.2600	459	435	-240	100825	0.42 
117.630	2015-01-01 00:02:56.400	0.0698	-0.1953	0.8911	-3.0518	10.8643	-18.6157	1.1481	3.2300	45.4559	47.2100	460	437	-240	100825	0.42 
117.677	2015-01-01 00:02:56.440	0.0825	0.0405	0.9189	3.1738	12.6953	-18.7378	1.0162	3.5266	44.7144	47.4000	466	435	-237	100825	0.42 
117.723	2015-01-01 00:02:56.480	0.0430	0.2412	1.1128	0.0000	10.4980	6.4087	1.3019	3.9276	44.5331	47.2600	468	437	-234	100824	0.42 
117.786	2015-01-01 00:02:56.520	0.0122	-0.1255	1.1880	-2.3804	-32.4097	39.4287	1.3458	3.2739	45.7031	47.0700	469	438	-232	100824	0.42 
117.817	2015-01-01 00:02:56.560	0.0659	-0.4717	1.1182	-1.8311	-3.9063	-22.7661	0.6427	2.3511	46.1865	47.2600	469	438	-233	100824	0.42 
117.833	2015-01-01 00:02:56.600	0.1450	0.5688	1.4395	-2.3193	-13.6108	21.1182	0.7361	1.6370	45.8569	47.2600	469	436	-236	100825	0.42 
117.895	2015-01-01 00:02:56.640	-0.2109	0.0308	1.0034	-26.6724	-16.1133	37.5977	0.4559	0.8295	47.0270	47.1100	469	437	-241	100825	0.42 
117.927	2015-01-01 00:02:56.680	-0.5757	0.1260	0.9170	-18.8599	8.9111	43.5181	-0.6812	1.5546	48.2904	46.9200	469	437	-243	100825	0.42 
117.990	2015-01-01 00:02:56.720	-0.2256	0.0088	1.0327	-5.6763	16.7847	29.6021	-0.8514	2.5708	49.4879	47.2100	472	437	-243	100826	0.42 
118.021	2015-01-01 00:02:56.760	-0.1377	-0.3481	1.0601	18.8599	-0.4272	-3.8452	-0.7800	2.9938	49.9603	47.2100	475	437	-236	100826	0.42 
118.052	2015-01-01 00:02:56.800	-0.1807	-0.3223	0.9189	36.2549	2.3804	-48.4009	-0.0549	2.9828	48.9331	47.2100	477	437	-237	100826	0.42 
118.099	2015-01-01 00:02:56.840	-0.2354	0.1392	0.9678	36.6821	-0.3662	-93.4448	1.1316	3.5211	45.7196	47.1100	472	436	-238	100826	0.42 
118.136	2015-01-01 00:02:56.880	0.0156	0.4580	0.7778	25.6958	0.6714	-54.8706	2.7466	3.6200	42.6489	47.2600	469	434	-239	100825	0.42 
118.212	2015-01-01 00:02:56.920	0.0342	0.2056	0.8604	10.1929	9.9487	-18.9209	3.7573	3.7958	41.4899	47.3500	465	432	-241	100825	0.42 
118.228	2015-01-01 00:02:56.960	0.0283	0.2437	0.8975	0.7935	6.8359	-4.6997	4.1693	4.0540	41.1768	47.0700	464	431	-243	100825	0.42 
118.259	2015-01-01 00:02:57.000	0.1016	0.2949	0.8789	-9.4604	4.2725	14.7095	4.3231	4.0594	41.5448	47.0700	460	431	-243	100825	0.42 
118.306	2015-01-01 00:02:57.040	0.0713	-0.0039	0.9429	-9.5825	-2.9297	9.8877	4.0540	3.7958	42.2369	47.0700	457	431	-244	100825	0.42 
118.338	2015-01-01 00:02:57.080	0.0068	-0.0835	1.0718	-0.1221	-5.7983	-11.8408	3.7518	3.4827	42.3523	47.2100	455	431	-244	100825	0.42 
118.416	2015-01-01 00:02:57.120	-0.0464	0.4844	1.1704	20.5078	4.0283	-6.0425	4.2407	3.3728	41.7480	47.0200	455	432	-247	100825	0.42 
118.447	2015-01-01 00:02:57.160	0.0869	0.1768	1.4346	4.4556	-26.4282	10.4370	5.0647	3.0377	42.1710	47.2100	456	431	-248	100825	0.42 
118.478	2015-01-01 00:02:57.200	0.0493	0.0552	1.0884	6.8359	-24.1089	-37.7197	5.1196	1.6644	41.3416	47.0200	460	429	-248	100825	0.42 
118.509	2015-01-01 00:02:57.240	-0.6060	0.3384	1.4028	42.2974	-4.2725	-22.7661	6.3062	1.7633	40.1331	47.2100	458	429	-250	100825	0.42 
118.540	2015-01-01 00:02:57.280	-0.1880	-0.1416	0.5000	3.3569	-27.2217	8.3008	6.8884	1.2085	39.7430	47.1100	449	429	-255	100825	0.42 
118.619	2015-01-01 00:02:57.320	-0.0923	0.2949	1.0200	-9.4604	28.0151	-0.9766	6.7841	1.7303	39.9792	47.0700	442	426	-258	100825	0.42 
118.619	2015-01-01 00:02:57.360	-0.2715	0.3242	1.0186	-25.3296	17.6392	32.4707	6.2402	2.7026	40.5780	47.1100	441	424	-259	100825	0.42 
118.665	2015-01-01 00:02:57.400	-0.1943	-0.0146	1.0698	-27.5269	1.3428	70.4956	5.3613	3.2849	42.9291	47.2600	443	427	-257	100825	0.42 
118.712	2015-01-01 00:02:57.440	-0.0020	-0.1826	0.8140	-26.9775	12.2070	43.7012	4.0045	3.1421	45.4010	47.0700	448	429	-254	100825	0.42 
118.759	2015-01-01 00:02:57.480	-0.0259	-0.0742	0.9482	-17.8223	11.2915	19.8975	2.9608	3.6035	46.6205	47.1100	449	432	-250	100825	0.42 
118.822	2015-01-01 00:02:57.520	-0.0176	-0.1260	0.8726	-9.7656	8.8501	5.0049	2.2687	3.8837	47.1149	47.0700	449	433	-248	100825	0.42 
118.853	2015-01-01 00:02:57.560	0.0493	-0.1328	0.9009	-1.0986	15.5029	-6.1035	1.8237	4.2572	47.1094	47.2600	456	433	-246	100825	0.42 
118.885	2015-01-01 00:02:57.600	0.0635	0.0078	0.9307	5.4932	13.0615	-5.6763	1.7798	4.6362	46.8842	47.0700	460	436	-244	100825	0.42 
118.916	2015-01-01 00:02:57.640	-0.0146	0.1177	1.1230	3.7842	-1.7090	4.3945	2.0764	4.8175	46.8512	47.2100	460	438	-243	100825	0.42 
118.993	2015-01-01 00:02:57.680	0.0439	-0.1567	1.0342	2.8687	-24.3530	19.3481	2.1588	3.9001	47.4609	47.0700	463	438	-244	100825	0.42 
119.025	2015-01-01 00:02:57.720	0.0000	-0.2036	1.2998	1.6479	-4.7607	-31.6162	1.7139	3.5376	47.0544	47.2100	466	435	-248	100825	0.42 
119.056	2015-01-01 00:02:57.760	0.0391	0.5029	1.4771	-6.2866	-23.3765	19.9585	1.8787	2.5269	46.7688	47.0700	464	432	-248	100825	0.42 
119.088	2015-01-01 00:02:57.800	-0.2993	-0.0503	1.2886	-34.8511	-8.2397	25.3906	1.2964	1.5985	47.7686	47.0700	462	431	-250	100825	0.42 
119.119	2015-01-01 00:02:57.840	-0.4482	-0.0146	0.6528	-20.9961	-3.5400	4.5166	-0.0220	1.9830	47.8345	47.1100	463	431	-249	100825	0.42 
119.196	2015-01-01 00:02:57.880	-0.1479	-0.0742	1.0156	-0.8545	14.3433	4.2114	-0.3131	2.7246	47.8070	47.2600	461	435	-245	100824	0.42 
119.244	2015-01-01 00:02:57.920	-0.2480	-0.5288	1.0078	24.2310	-1.3428	-40.3442	-0.2197	2.9828	47.2247	47.2600	462	436	-242	100825	0.42 
119.244	2015-01-01 00:02:57.960	-0.2520	-0.0117	1.0645	33.2642	5.2490	-89.6606	0.4999	3.4442	44.4287	47.0700	459	434	-241	100824	0.42 
119.290	2015-01-01 00:02:58.000	-0.0703	0.3696	0.8994	33.7524	-7.9346	-67.6270	1.9720	3.4717	41.0559	47.1100	453	435	-247	100824	0.42 
119.321	2015-01-01 00:02:58.040	0.0220	0.2563	0.7305	20.0195	12.7563	-32.3486	3.4387	3.6200	39.3530	47.1100	445	432	-248	100824	0.42 
119.369	2015-01-01 00:02:58.080	-0.0303	0.1567	0.9341	11.4136	14.5264	-26.2451	4.1418	4.2462	38.3917	47.0700	438	428	-246	100824	0.42 
119.431	2015-01-01 00:02:58.120	0.0239	0.2725	0.8594	0.7935	5.6152	-16.2964	4.5264	4.5648	37.6556	47.1100	436	427	-245	100824	0.42 
119.463	2015-01-01 00:02:58.160	0.0869	0.2144	0.8735	-10.4980	8.9111	-1.5259	4.5978	4.6747	37.5403	47.0200	437	429	-251	100824	0.42 
119.494	2015-01-01 00:02:58.200	0.0693	0.0435	0.9971	-13.6108	-0.3052	-1.7700	4.1583	4.6802	37.7271	46.9200	436	428	-249	100823	0.42 
119.556	2015-01-01 00:02:58.240	0.0879	-0.0239	0.8862	-9.2773	-12.2681	-19.3481	3.5596	4.0869	37.5018	47.2600	435	427	-247	100823	0.42 
119.603	2015-01-01 00:02:58.280	-0.0664	0.3564	1.2432	3.9063	4.6387	-17.3340	3.5815	3.9771	36.7328	47.0700	433	428	-246	100823	0.42 
119.634	2015-01-01 00:02:58.320	0.0742	0.1279	1.3589	-0.2441	-30.7617	7.9956	3.9935	3.4662	36.9470	47.2600	436	427	-246	100823	0.42 
119.665	2015-01-01 00:02:58.360	-0.0503	-0.0908	1.4038	13.4888	-26.4282	-45.3491	3.8342	1.8842	36.2384	47.2600	436	430	-245	100823	0.42 
119.712	2015-01-01 00:02:58.400	-0.5210	0.2876	1.3076	40.5884	-10.8032	-25.2075	4.9713	1.4722	34.7937	47.2100	436	432	-244	100823	0.42 
119.744	2015-01-01 00:02:58.440	-0.2456	-0.0098	0.6177	13.6719	-20.2026	10.4980	6.1743	1.2195	34.5795	47.4000	436	432	-244	100823	0.42 
119.806	2015-01-01 00:02:58.480	-0.1782	0.4253	0.9683	-11.5967	23.3765	18.4937	6.3226	1.9391	35.3101	47.1100	425	425	-249	100823	0.42 
119.838	2015-01-01 00:02:58.520	-0.2925	0.2012	1.0596	-20.9961	5.1270	43.1519	5.9546	2.5708	36.6998	46.8700	423	426	-252	100823	0.42 
119.869	2015-01-01 00:02:58.560	-0.1816	-0.1572	1.0771	-23.8647	-7.0190	59.2041	4.9878	2.6422	38.9355	46.9200	422	427	-252	100823	0.42 
119.932	2015-01-01 00:02:58.600	-0.0317	-0.0972	0.8667	-20.7520	0.4883	41.8091	3.8342	2.2412	41.1493	47.2100	427	428	-248	100823	0.42 
119.963	2015-01-01 00:02:58.640	-0.1099	-0.0317	0.9297	-11.1084	1.4648	29.8462	3.1201	2.3456	42.5171	47.0700	430	428	-247	100823	0.42 
120.009	2015-01-01 00:02:58.680	-0.0981	-0.1255	0.8457	-6.8359	-2.5024	18.5547	2.6367	2.3621	43.5278	47.0200	433	430	-241	100823	0.42 
120.041	2015-01-01 00:02:58.720	-0.0405	-0.0400	0.8569	-3.7231	7.7515	17.3340	2.2357	2.4939	44.2255	47.1100	433	430	-238	100822	0.42 
120.072	2015-01-01 00:02:58.760	-0.0059	0.0693	0.9434	2.2583	7.3853	23.1323	2.2632	2.7960	45.0769	47.1100	435	428	-241	100822	0.42 
120.135	2015-01-01 00:02:58.800	0.0762	-0.0127	0.9146	5.1880	-0.3052	20.5688	2.4664	2.7631	46.0052	47.2100	439	429	-243	100822	0.42 
120.166	2015-01-01 00:02:58.840	0.0889	-0.1177	0.8071	4.0894	7.5684	11.5356	2.4829	2.5653	46.6809	47.0200	443	429	-242	100822	0.42 
120.212	2015-01-01 00:02:58.880	-0.0898	0.0493	1.0806	9.3384	13.4888	19.5923	2.7411	2.9828	47.3566	46.8300	444	429	-241	100822	0.42 
120.260	2015-01-01 00:02:58.920	-0.0488	-0.1172	1.2407	12.8174	-6.0425	-5.3101	3.0048	3.2355	47.4609	47.2100	448	428	-242	100822	0.42 
120.291	2015-01-01 00:02:58.960	0.2925	0.5313	1.3882	-3.7231	-13.4888	39.7339	3.4222	2.3126	47.9224	47.0700	448	425	-240	100822	0.42 
120.353	2015-01-01 00:02:59.000	-0.1719	-0.0820	1.2573	-22.0337	-20.5078	22.6440	2.8619	1.5546	49.1858	47.1100	446	422	-243	100822	0.42 
120.385	2015-01-01 00:02:59.040	-0.2959	0.0342	0.9985	-30.0293	5.1270	11.7188	1.5820	1.4722	49.4550	47.2100	445	421	-245	100822	0.42 
120.431	2015-01-01 00:02:59.080	-0.4048	0.1875	0.7275	-20.5688	11.8408	36.5601	0.9229	2.3840	50.3833	47.0200	450	425	-241	100822	0.42 
120.463	2015-01-01 00:02:59.120	-0.4521	-0.1094	1.2095	12.2681	30.5786	-3.7231	0.9393	3.8342	50.7678	47.0700	454	430	-237	100822	0.42 
120.494	2015-01-01 00:02:59.160	-0.3623	-0.1592	1.0151	22.0947	-1.5869	-39.1846	1.3623	4.6747	49.5209	47.0700	456	432	-236	100822	0.42 
120.540	2015-01-01 00:02:59.200	-0.1558	0.1006	0.9668	32.6538	0.7324	-52.1851	2.3456	4.8999	47.4390	46.9200	455	430	-238	100821	0.42 
120.572	2015-01-01 00:02:59.240	-0.1528	0.2114	0.9370	29.4189	-5.6152	-44.7388	3.6255	5.0647	45.3516	47.2100	453	428	-236	100822	0.42 
120.634	2015-01-01 00:02:59.280	-0.1099	0.2129	0.9595	18.6157	-7.8125	-33.1421	4.6198	4.9219	43.7860	47.2100	452	425	-236	100821	0.42 
120.666	2015-01-01 00:02:59.320	-0.1191	0.3936	0.9009	8.8501	-5.8594	-11.9629	5.3723	4.6857	42.7917	47.1100	450	424	-236	100821	0.42 
120.697	2015-01-01 00:02:59.360	-0.1538	0.2695	0.9224	-1.7090	-0.5493	14.5264	5.8832	4.6912	42.9620	47.2600	443	425	-243	100821	0.42 
120.728	2015-01-01 00:02:59.400	-0.1357	0.0854	1.0542	-2.6245	-5.6152	-2.8687	5.8722	4.6747	43.2092	47.2600	440	422	-245	100821	0.42 
120.791	2015-01-01 00:02:59.440	-0.0923	0.1606	0.9463	-4.8828	-13.0615	-3.9673	5.7074	4.2957	42.9126	46.9200	439	421	-247	100821	0.42 
120.837	2015-01-01 00:02:59.480	-0.1313	0.2427	1.0464	-1.8921	-11.9019	6.9580	5.7678	3.9001	42.9565	47.1100	438	421	-246	100821	0.42 
120.885	2015-01-01 00:02:59.520	-0.0146	0.1885	0.8511	-16.2964	-19.7144	11.0474	5.5426	3.0377	43.2257	47.0700	437	424	-245	100821	0.42 
120.916	2015-01-01 00:02:59.560	-0.0923	0.1836	1.0786	-18.6157	-0.5493	25.5127	4.9933	2.7576	43.9343	47.3500	436	426	-244	100821	0.42 
120.947	2015-01-01 00:02:59.600	-0.0771	-0.0527	1.0435	-11.7188	-6.3477	19.8364	4.3341	2.4609	44.8956	47.0700	436	427	-243	100821	0.42 
120.978	2015-01-01 00:02:59.640	-0.1216	0.0210	1.0625	-3.7231	-10.0098	3.6621	3.9771	2.2357	45.2307	47.1100	437	428	-240	100821	0.42 
121.040	2015-01-01 00:02:59.680	-0.0537	0.0742	0.9429	-2.6855	-3.7842	3.0518	3.7793	1.9281	45.2802	47.2100	437	429	-244	100821	0.42 
121.072	2015-01-01 00:02:59.720	-0.1006	0.1465	0.9839	-5.2490	-1.9531	6.1646	3.7573	1.9391	45.3955	46.9200	437	429	-241	100821	0.42 
121.104	2015-01-01 00:02:59.760	-0.0728	0.0684	1.0176	-6.0425	0.1221	9.1553	3.5706	1.9501	45.6372	47.1100	435	430	-242	100821	0.42 
121.166	2015-01-01 00:02:59.800	-0.0503	0.0684	0.9961	-6.7749	-1.0376	7.9956	3.3673	1.9501	45.9393	47.1100	436	432	-243	100821	0.42 
121.197	2015-01-01 00:02:59.840	-0.0527	0.0088	1.0425	-4.5776	4.2114	1.1597	3.0927	2.0270	46.0437	47.2100	439	433	-240	100821	0.42 
121.275	2015-01-01 00:02:59.880	-0.0669	0.0347	0.9951	-2.3193	5.1270	-1.0376	2.9498	2.1973	46.0327	47.2600	439	430	-240	100821	0.42 
121.275	2015-01-01 00:02:59.920	-0.0825	0.0088	1.0464	-2.2583	3.2959	-8.0566	2.7960	2.4554	45.8075	47.1100	438	430	-240	100821	0.42 
121.338	2015-01-01 00:02:59.960	-0.0513	0.0171	1.0054	-1.7700	0.2441	-10.0708	2.6587	2.5378	45.3790	47.1100	439	431	-240	100821	0.42 
121.369	2015-01-01 00:03:0.000	-0.0430	0.0308	1.0103	-2.6855	-0.5493	-9.8877	2.5323	2.5708	44.9670	47.1100	443	430	-237	100821	0.42 
121.400	2015-01-01 00:03:0.040	-0.0430	0.0151	1.0122	-1.8921	0.4883	-10.9253	2.4115	2.5818	44.5551	46.8700	444	428	-237	100821	0.42 
121.447	2015-01-01 00:03:0.080	-0.0547	0.0156	1.0410	-2.3804	0.2441	-10.3760	2.2577	2.6532	44.1321	47.2600	443	429	-239	100821	0.42 
121.509	2015-01-01 00:03:0.120	-0.0327	0.0186	0.9868	-2.0142	1.7090	-10.3760	2.1204	2.6477	43.7366	47.2600	437	430	-241	100821	0.42 
121.525	2015-01-01 00:03:0.160	-0.0513	0.0229	1.0283	-3.0518	4.2725	-8.4229	1.9940	2.8290	43.4015	47.1100	440	435	-237	100821	0.42 
121.572	2015-01-01 00:03:0.200	-0.0317	0.0039	1.0132	-1.5259	3.0518	-8.9111	1.8512	2.9663	43.0884	47.0200	441	437	-235	100821	0.42 
121.603	2015-01-01 00:03:0.240	-0.0303	0.0298	1.0093	-1.2817	4.6387	-8.2397	1.7688	3.1146	42.7863	47.3500	441	435	-234	100821	0.42 
121.650	2015-01-01 00:03:0.280	-0.0552	0.0205	1.0366	-1.5259	5.1880	-9.3994	1.6699	3.3398	42.4677	47.2600	436	435	-235	100821	0.42 
121.713	2015-01-01 00:03:0.320	-0.0488	0.0273	1.0264	-1.4038	3.2349	-8.4229	1.5985	3.4827	42.1600	47.0700	437	435	-236	100821	0.42 
121.744	2015-01-01 00:03:0.360	-0.0430	0.0176	1.0044	-0.9155	0.7935	-7.5684	1.5271	3.5321	41.9019	47.2600	437	433	-233	100820	0.42 
121.775	2015-01-01 00:03:0.400	-0.0469	0.0347	1.0313	-0.4272	0.4272	-7.3853	1.4832	3.5486	41.6602	47.3500	435	434	-232	100821	0.42 
121.807	2015-01-01 00:03:0.440	-0.0493	0.0396	1.0171	-0.1831	-1.8311	-5.3101	1.4722	3.4937	41.4569	47.4000	434	434	-230	100821	0.42 
121.885	2015-01-01 00:03:0.480	-0.0586	0.0376	1.0186	0.2441	-0.3662	-2.6855	1.4832	3.4552	41.3635	47.2600	433	433	-228	100821	0.42 
121.885	2015-01-01 00:03:0.520	-0.0537	0.0332	1.0166	0.1221	-1.3428	-0.9766	1.5051	3.4222	41.3580	47.1100	433	434	-229	100820	0.42 
121.931	2015-01-01 00:03:0.560	-0.0498	0.0288	1.0166	-0.1831	-0.5493	-0.7935	1.5051	3.3728	41.3745	47.2600	432	436	-236	100821	0.42 
121.978	2015-01-01 00:03:0.600	-0.0615	0.0264	1.0234	-0.4272	-0.4883	-0.8545	1.4996	3.3673	41.3965	46.9200	430	439	-235	100821	0.42 
122.010	2015-01-01 00:03:0.640	-0.0527	0.0283	1.0103	-0.1221	0.9766	-0.6714	1.4832	3.3673	41.3965	47.2600	428	440	-234	100821	0.42 
122.088	2015-01-01 00:03:0.680	-0.0459	0.0239	1.0024	-0.0610	-0.1221	0.0000	1.4667	3.3234	41.4294	47.0700	431	438	-236	100821	0.42 
122.103	2015-01-01 00:03:0.720	-0.0688	0.0273	1.0249	0.2441	1.8921	-0.9766	1.4722	3.3948	41.4404	47.2600	432	438	-235	100821	0.42 
122.150	2015-01-01 00:03:0.760	-0.0625	0.0342	0.9888	0.2441	1.9531	-1.1597	1.4777	3.4387	41.4404	47.1100	435	436	-235	100821	0.42 
122.165	2015-01-01 00:03:0.800	-0.0527	0.0405	1.0142	-0.4883	6.2866	-0.1221	1.4941	3.6420	41.4844	47.4000	435	436	-236	100821	0.42 
122.212	2015-01-01 00:03:0.840	-0.0518	0.0264	1.0273	-0.9766	4.3945	-2.2583	1.4612	3.8177	41.5009	47.4000	435	436	-234	100821	0.42 
122.291	2015-01-01 00:03:0.880	-0.0493	0.0293	1.0195	-0.7935	2.8687	-1.4648	1.4282	3.9331	41.4899	47.1100	435	439	-233	100822	0.42 
122.306	2015-01-01 00:03:0.920	-0.0566	0.0288	1.0220	-0.4272	2.5024	-0.7324	1.4063	4.0100	41.5063	47.2600	436	438	-233	100822	0.42 
122.354	2015-01-01 00:03:0.960	-0.0615	0.0278	1.0186	-0.4272	0.6104	-0.8545	1.3898	4.0540	41.5173	47.1100	437	437	-233	100822	0.42 
122.385	2015-01-01 00:03:1.000	-0.0771	0.0313	1.0181	-0.3662	1.2817	-2.7466	1.3788	4.0924	41.4899	47.2100	433	436	-231	100822	0.42 
122.462	2015-01-01 00:03:1.040	-0.0645	0.0239	1.0225	-0.4272	-0.6104	-2.5635	1.3623	4.0869	41.4349	47.1100	431	436	-230	100822	0.42 
122.494	2015-01-01 00:03:1.080	-0.0674	0.0342	1.0112	-0.4883	-0.2441	-2.4414	1.3348	4.0649	41.3855	47.0700	431	434	-231	100822	0.42 
122.509	2015-01-01 00:03:1.120	-0.0684	0.0337	1.0288	-0.4272	0.4883	-3.4180	1.3184	4.0814	41.3196	47.0700	432	434	-232	100822	0.42 
122.556	2015-01-01 00:03:1.160	-0.0601	0.0283	1.0103	-1.2817	-1.1597	-2.5024	1.2909	4.0594	41.2427	47.1100	433	433	-232	100823	0.42 
122.603	2015-01-01 00:03:1.200	-0.0679	0.0308	1.0156	-1.1597	-0.1221	-2.3804	1.2689	4.0704	41.1987	47.2100	434	431	-232	100823	0.42 
122.635	2015-01-01 00:03:1.240	-0.0532	0.0239	1.0098	-0.3052	1.4038	-3.4180	1.2469	4.0265	41.1548	47.2100	433	431	-232	100823	0.42 
122.713	2015-01-01 00:03:1.280	-0.0688	0.0366	1.0200	0.1221	-0.5493	-2.4414	1.2524	4.0704	41.0834	47.2600	435	431	-235	100823	0.42 
122.713	2015-01-01 00:03:1.320	-0.0679	0.0332	1.0049	-0.4272	-1.3428	-0.1831	1.2579	4.0155	41.1163	47.2100	434	430	-237	100823	0.42 
122.759	2015-01-01 00:03:1.360	-0.0830	0.0278	1.0137	-0.6714	-1.0376	-1.5259	1.2524	3.9935	41.1328	47.1100	433	431	-238	100823	0.42 
122.791	2015-01-01 00:03:1.400	-0.0645	0.0239	1.0137	-0.7324	-0.7324	-2.5024	1.2140	3.9606	41.1108	47.0700	435	433	-235	100823	0.42 
122.837	2015-01-01 00:03:1.440	-0.0654	0.0259	1.0166	-0.6104	-1.0986	-2.1362	1.1755	3.9166	41.0669	47.3500	434	435	-235	100823	0.42