StartTime: 2017-07-07 11:13:47.687
Time(s)	ax(g)	ay(g)	az(g)	wx(deg/s)	wy(deg/s)	wz(deg/s)	AngleX(deg)	AngleY(deg)	AngleZ(deg)	T(°)	hx	hy	hz 
22.362	-0.1611	0.0723	0.9683	-0.0610	-2.9297	-4.6997	4.0649	9.5746	107.4353	44.9000	52	-13	109 
22.400	-0.1709	0.0723	0.9609	-0.3662	-1.4648	-3.6621	4.0814	9.5087	107.0233	44.9000	53	-11	109 
22.480	-0.1724	0.0786	0.9712	0.0000	-0.4883	-2.1973	4.0320	9.4318	106.6608	44.9200	53	-13	110 
22.525	-0.1650	0.0830	0.9780	0.1831	-0.5493	-1.7090	4.0045	9.4263	106.4575	44.9200	52	-12	107 
22.537	-0.1733	0.0786	0.9932	-0.1831	-0.3662	0.0610	4.0155	9.4427	106.3861	44.9200	51	-11	109 
22.718	-0.1777	0.0669	0.9951	0.7324	0.2441	-4.1504	3.9880	9.4373	106.1609	44.9300	52	-13	107 
22.769	-0.1738	0.0771	0.9917	0.0610	-1.2817	-4.9438	3.9276	9.3439	105.6995	44.9200	49	-13	109 
22.957	-0.1533	0.0859	0.9761	-0.5493	2.3193	5.7983	4.0210	9.2615	105.9412	44.9300	47	-10	108 
23.121	-0.1689	0.0596	0.9941	-1.0376	-0.3052	4.8218	3.9990	9.3109	106.4630	44.9400	50	-12	107 
23.164	-0.1440	0.0625	0.9814	-0.6714	0.1221	0.2441	3.9221	9.1406	106.6498	44.9300	51	-11	110 
23.167	-0.1753	0.0728	0.9893	-0.3052	0.4883	-0.1221	3.8782	9.1956	106.5125	44.9300	52	-11	108 
23.192	-0.1855	0.0708	0.9927	0.2441	1.6479	3.0518	3.8397	9.2944	106.4520	44.9400	55	-12	108 
23.298	-0.2026	0.0513	0.9995	-0.4272	2.0752	-0.4272	3.8342	9.4373	106.6058	44.9400	52	-16	110 
23.385	-0.2051	0.0527	0.9639	-0.7935	0.5493	3.6621	3.8837	9.6460	106.9135	44.9600	53	-14	109 
23.529	-0.1987	0.0688	0.9971	-0.4272	0.0000	7.1411	3.9606	9.8877	107.2870	44.9400	52	-12	110 
23.576	-0.1841	0.0752	0.9980	-0.5493	-5.0049	6.0425	4.0430	9.6075	107.6056	44.9500	57	-11	110 
23.739	-0.1782	0.0786	0.9824	0.2441	-9.0332	2.0142	4.0594	8.6792	107.6331	44.9500	53	-11	110 
23.793	-0.1646	0.0747	0.9771	1.5259	-15.8691	4.5166	4.2792	7.5751	107.9681	44.9600	54	-15	103 
23.977	-0.1895	0.0430	1.0088	2.0142	-21.8506	3.1128	4.3835	6.0535	108.1714	44.9700	48	-15	101 
24.117	-0.1499	0.0591	0.9941	2.1973	-28.3813	-0.4883	4.5538	3.8782	108.1384	44.9700	44	-16	99 
24.163	-0.1504	0.1201	0.9922	4.2114	-28.2593	-3.4180	4.8779	1.3348	107.7649	44.9700	37	-14	93 
24.177	-0.1299	0.0933	0.9287	1.7090	-39.3677	5.3711	5.1196	-1.7853	108.6383	44.9700	24	-19	86 
24.358	-0.1128	0.1284	0.8335	2.0142	-50.3540	8.6060	5.2350	-5.7184	110.0775	44.9900	20	-17	77 
24.413	-0.1118	0.1235	0.6689	3.2349	-60.9131	6.4697	5.1141	-10.3601	112.0825	45.0000	2	-14	68 
24.502	-0.1528	-0.0200	0.4902	11.2915	-57.7393	18.3716	4.8230	-14.8755	116.4001	45.0000	-11	-18	62 
24.548	-0.1001	0.0039	0.5469	15.4419	-71.1670	-22.8271	5.3394	-20.1270	121.0748	45.0000	-33	-16	59 
24.609	0.2065	0.3140	-0.0015	17.1509	-128.4790	14.0991	9.1736	-28.7402	123.9368	44.9700	-67	-18	56 
24.769	2.6323	-0.7046	-2.2754	-5.6152	-451.9653	61.8896	8.3606	-54.5911	132.5116	44.9500	-115	-11	68 
24.821	-0.1030	0.0063	1.1631	39.2456	-299.8657	-16.5405	15.8807	-71.5265	126.4417	44.9300	-170	-7	97 
24.921	0.3125	-0.3545	0.0469	-10.2539	80.0781	-4.0283	128.0017	-82.6007	16.8091	44.9300	-221	-23	143 
24.999	0.3926	0.0273	-0.8008	-2.1362	-19.2261	-18.6768	127.5787	-80.3210	17.8473	44.9100	-233	-28	153 
25.149	1.0938	0.1455	0.3442	-7.0190	52.0020	9.3994	59.4745	-83.7268	88.9178	44.8900	-229	-31	146 
25.210	0.9736	0.1484	0.0371	-16.7847	96.1304	36.0107	22.4561	-80.2002	131.1768	44.9100	-219	-26	129 
25.356	1.0742	0.3867	-0.0151	11.1084	-17.7002	1.0986	5.4272	-76.4099	153.0176	44.9000	-203	-17	114 
25.550	1.0137	0.1235	0.7178	-12.2070	-6.5308	11.1084	-4.8175	-72.7844	168.6896	44.9100	-192	-13	111 
25.602	0.8184	-0.0747	0.2280	0.6104	-19.6533	11.4136	-9.7119	-74.0698	178.8409	44.9000	-189	-11	109 
25.603	0.9966	0.0781	0.2241	5.0659	7.9346	-7.0801	-5.3394	-74.8553	-179.9780	44.9000	-189	-13	113 
25.765	0.9546	0.0742	0.3018	-2.8076	8.2397	1.6479	-3.9990	-73.8831	-176.4459	44.8800	-190	-12	113 
25.815	0.9370	0.1353	0.3228	-0.7324	6.4697	1.2817	-2.5214	-73.0261	-173.1720	44.8900	-190	-10	106 
25.957	0.9966	0.0581	0.2705	0.0610	2.9907	1.9531	-2.1039	-72.7405	-168.8873	44.8900	-188	-8	111 
26.015	0.9395	0.0791	0.2832	-0.9766	1.7090	0.0610	-1.1096	-72.3340	-165.4871	44.9100	-188	-11	111 
26.198	0.9595	0.0825	0.2930	-0.0610	1.3428	-1.0986	-0.3186	-72.0209	-162.1362	44.9000	-188	-12	114 
26.282	0.9614	0.0864	0.2886	-0.2441	1.2817	0.6714	0.6592	-71.8506	-159.1260	44.9100	-183	-10	112 
26.406	0.9443	0.0894	0.2759	0.0000	0.3662	-0.5493	1.3293	-71.6693	-155.9180	44.8900	-186	-8	108 
26.482	0.9614	0.0674	0.2896	-0.1831	1.0986	1.0376	2.0270	-71.5979	-152.9462	44.8900	-186	-10	107 
26.572	0.9546	0.0786	0.2876	0.3052	3.1738	-1.1597	2.8619	-71.4441	-150.3534	44.8900	-187	-13	107 
26.635	0.9556	0.0791	0.3096	-0.4883	-0.6714	1.7700	3.8177	-71.2793	-148.0463	44.8900	-186	-12	109 
26.646	0.9561	0.0776	0.2964	0.4272	0.3662	0.0000	4.2572	-71.3287	-145.3656	44.8800	-185	-12	110 
26.768	0.9502	0.0815	0.2896	-0.3052	-1.7700	0.4883	5.0977	-71.3727	-143.2727	44.8800	-187	-12	106 
26.824	0.9561	0.0752	0.2822	0.2441	-2.2583	0.0000	5.6964	-71.5869	-141.0974	44.8800	-182	-9	111 
27.008	0.9473	0.0806	0.3057	-0.0610	-3.7231	-0.8545	6.2457	-71.7847	-139.0210	44.9000	-187	-12	109 
27.142	0.9658	0.0762	0.2827	0.0000	-1.5259	0.4272	6.8445	-72.0044	-137.1588	44.9100	-188	-12	112 
27.186	0.9536	0.0840	0.2861	-0.1221	-0.6104	0.0000	7.5916	-72.1198	-135.5438	44.9000	-188	-12	111 
27.212	0.9590	0.0830	0.2739	-0.0610	-1.0986	-0.5493	8.1519	-72.2241	-133.8354	44.9000	-188	-11	112 
27.433	0.9609	0.0801	0.2817	-0.0610	0.5493	-0.7324	8.7341	-72.2516	-132.3523	44.9000	-192	-13	109 
27.507	0.9619	0.0854	0.2803	-0.1221	0.1221	0.0000	9.2395	-72.2351	-130.8856	44.9100	-187	-12	109 
27.599	0.9624	0.0806	0.2808	-0.1221	0.1221	0.3662	9.5911	-72.2571	-129.3640	44.9100	-185	-11	107 
27.601	0.9590	0.0791	0.2778	0.0000	-0.1831	-0.3052	9.8108	-72.3065	-127.8314	44.9100	-187	-13	108 
27.761	0.9653	0.0845	0.2842	-0.1221	1.3428	-0.4883	10.1898	-72.3175	-126.5845	44.9200	-188	-13	112 
27.822	0.9609	0.0752	0.2798	0.0000	0.7324	-0.4272	10.6787	-72.3175	-125.5023	44.9400	-186	-11	111 
28.014	0.9556	0.0815	0.2881	-0.1831	0.9155	0.0000	11.0742	-72.2626	-124.3817	44.9200	-187	-10	110 
28.061	0.9565	0.0835	0.2837	0.0000	-0.5493	0.2441	11.3379	-72.2406	-123.2062	44.9300	-187	-9	109 
28.152	0.9639	0.0806	0.2827	0.0000	0.0000	0.0000	11.5466	-72.2791	-122.0801	44.9400	-187	-12	107 
28.208	0.9570	0.0864	0.2769	-0.2441	0.1831	0.7935	11.7664	-72.2791	-121.1243	44.9400	-187	-14	109