StartTime: 2017-07-07 11:25:55.469
Time(s)	ax(g)	ay(g)	az(g)	wx(deg/s)	wy(deg/s)	wz(deg/s)	AngleX(deg)	AngleY(deg)	AngleZ(deg)	T(°)	hx	hy	hz	Pressure(Pa)	Altitude(m) 
290.227	-0.1494	0.0684	0.9897	-0.6104	0.9766	2.9907	4.0979	8.7341	-150.6995	44.4200	-156	-258	121	100763	0.47 
290.287	-0.1572	0.0771	0.9829	-0.3052	2.0142	-3.4790	4.0430	8.9209	-150.9082	44.4200	-155	-257	121	100763	0.47 
290.451	-0.1821	0.0762	0.9893	0.1221	0.8545	-5.3711	3.9990	9.2285	-151.4630	44.4100	-150	-256	120	100763	0.47 
290.505	-0.1675	0.0869	0.9814	1.6479	0.3662	-1.5259	4.0704	9.3823	-152.1002	44.4100	-151	-257	123	100763	0.47 
290.604	-0.1777	0.0737	0.9805	-0.4883	0.9766	2.8076	4.1913	9.5416	-152.1716	44.4300	-148	-258	121	100763	0.47 
290.686	-0.1792	0.0659	0.9814	-0.0610	-0.7935	2.8076	4.1858	9.5746	-151.9409	44.4300	-153	-255	124	100762	0.47 
290.813	-0.1699	0.0732	0.9790	-0.1221	1.2207	-0.6714	4.2133	9.5856	-151.9244	44.4400	-152	-256	118	100763	0.47 
290.886	-0.1963	0.0869	0.9834	0.3662	0.6714	1.3428	4.2517	9.7229	-152.1002	44.4500	-150	-257	123	100763	0.47 
291.013	-0.1670	0.0547	0.9731	0.1831	-1.2817	-0.7935	4.2352	9.7064	-152.1771	44.4500	-152	-257	120	100763	0.47 
291.078	-0.1431	0.0698	0.9487	1.2207	3.6621	-3.4180	4.2407	9.8932	-152.4023	44.4400	-152	-260	121	100762	0.47 
291.222	-0.1724	0.0991	0.9619	0.0610	1.9531	-2.1362	4.2297	10.2008	-152.9572	44.4400	-147	-260	123	100763	0.47 
291.291	-0.1953	0.0791	0.9741	-0.4883	0.1221	-1.0986	4.2352	10.4095	-153.1494	44.4600	-144	-260	122	100762	0.47 
291.479	-0.1851	0.0781	0.9692	-0.1221	-4.2725	5.5542	4.3231	10.3162	-153.0231	44.4600	-147	-259	121	100762	0.47 
291.539	-0.2344	0.0708	0.9917	-1.7700	-1.5259	3.0518	4.2792	10.1898	-152.7429	44.4700	-148	-257	124	100762	0.47 
291.648	-0.2324	0.0728	0.9907	-2.0142	-5.6152	2.6245	4.0869	9.9591	-152.6935	44.4700	-153	-257	117	100762	0.47 
291.707	-0.3159	0.0454	0.9585	-1.7700	-5.2490	-4.5776	3.8342	9.7394	-152.8363	44.4700	-158	-257	119	100762	0.47 
291.851	-0.2983	0.0562	0.7900	-0.1831	7.2021	-12.3291	3.5486	10.0140	-153.9899	44.4700	-151	-257	118	100762	0.47 
291.918	-0.2222	0.0723	0.3823	3.6621	55.4810	9.8267	3.9111	14.0076	-154.7644	44.4800	-147	-257	120	100762	0.47 
292.017	-0.1592	-0.0498	0.6899	-12.3901	49.0723	18.3105	3.8947	22.3901	-153.0505	44.4800	-136	-254	112	100762	0.47 
292.092	-0.2026	0.2373	0.8198	-2.0142	52.2461	4.7607	3.4607	26.4386	-153.1055	44.4900	-123	-255	105	100763	0.47 
292.274	-0.3252	0.0938	1.0010	0.6104	18.9209	-20.5078	3.0597	27.3944	-153.5999	44.4700	-120	-252	103	100763	0.47 
292.424	-0.3291	0.3218	0.8403	-5.0659	-45.4712	10.1318	1.6095	23.7524	-156.2970	44.4900	-125	-250	104	100764	0.47 
292.476	-1.3394	0.3286	1.9063	5.7373	-164.0625	11.0474	3.1586	12.8430	-153.3087	44.4700	-156	-239	110	100764	0.47 
292.509	-0.1338	0.0742	0.9180	-5.5542	-0.9766	-7.3242	2.9169	1.8622	-153.6713	44.4700	-188	-240	127	100764	0.47 
292.714	0.0977	0.0439	1.1050	-4.9438	-76.9043	6.5308	2.2852	-4.2572	-153.1824	44.4700	-202	-238	134	100765	0.47 
292.776	0.1860	0.1279	0.9585	1.5259	-39.3066	3.6011	2.2906	-10.7281	-152.7869	44.4500	-216	-235	149	100765	0.47 
292.874	0.1719	-0.0674	0.9731	-0.1221	-17.0898	-3.1128	1.9336	-12.8650	-151.2762	44.4500	-227	-234	159	100765	0.47 
292.927	0.3872	0.0278	0.9014	2.7466	-32.5317	6.1646	2.3016	-15.8368	-150.3809	44.4400	-233	-234	165	100765	0.47 
293.106	0.2720	0.0698	0.9463	3.3569	3.2959	3.2349	2.6697	-17.7374	-149.2273	44.4600	-235	-232	173	100765	0.47 
293.309	0.2773	0.0640	0.9951	-2.1362	-17.5781	3.1128	2.7081	-18.3966	-147.8979	44.4400	-235	-232	178	100765	0.47 
293.464	0.3594	0.0352	0.9233	-1.0376	-8.3618	1.9531	2.4390	-19.9622	-146.7554	44.4400	-238	-235	181	100765	0.47 
293.540	0.3223	0.0347	0.9224	0.1831	-9.1553	-9.3384	2.5159	-20.4895	-145.9808	44.4200	-242	-229	180	100765	0.47 
293.541	0.3774	0.0566	0.9526	0.4883	-3.2349	2.1973	2.7686	-21.2421	-145.3766	44.4200	-240	-233	186	100765	0.47 
293.553	0.3496	0.0322	0.9341	-0.4272	-0.9155	0.3052	2.6532	-21.3849	-144.3604	44.4200	-243	-233	189	100765	0.47 
293.712	0.3774	0.0532	0.9180	0.0610	-3.6621	2.6855	2.5488	-21.7090	-143.2947	44.4300	-245	-230	188	100765	0.47 
293.878	0.2798	0.0376	0.9897	2.1362	-0.3052	6.7749	2.5818	-21.3190	-142.3444	44.4500	-244	-233	189	100765	0.47 
293.945	0.3721	0.0620	0.9326	-1.4648	-0.3052	1.5869	2.5378	-21.6541	-141.4380	44.4000	-242	-233	189	100766	0.47 
294.066	0.3560	0.0210	0.9380	-1.0376	-1.4648	1.7700	2.3346	-21.7419	-140.5646	44.4200	-243	-232	190	100766	0.47 
294.130	0.3867	0.0278	0.9121	-0.7324	4.1504	1.2817	2.1423	-21.7804	-139.7241	44.4200	-241	-229	189	100766	0.47 
294.273	0.3687	0.0303	0.9292	-0.8545	-2.6855	-0.4883	2.0050	-21.4343	-138.9276	44.4200	-241	-229	185	100766	0.47 
294.318	0.3574	0.0317	0.9390	0.0610	-0.3662	0.5493	1.9830	-21.5167	-138.3289	44.4100	-243	-232	188	100766	0.47 
294.445	0.3633	0.0347	0.9307	-0.1221	-0.5493	0.3662	1.9775	-21.5497	-137.7850	44.4200	-241	-231	188	100766	0.47 
294.504	0.3550	0.0337	0.9385	0.6104	1.4648	1.3428	1.9830	-21.4563	-137.2412	44.4100	-241	-228	187	100766	0.47 
294.669	0.3687	0.0313	0.9277	0.0610	-0.5493	0.6714	1.9720	-21.4453	-136.6699	44.4300	-247	-227	188	100766	0.47 
294.728	0.3608	0.0308	0.9341	0.1831	-0.3662	0.1831	1.9666	-21.4398	-136.1261	44.4300	-246	-231	186	100766	0.47 
294.863	0.3467	0.0347	0.9536	0.1221	-0.1831	0.0000	1.9995	-21.4069	-135.6976	44.4300	-246	-226	188	100767	0.47 
294.926	0.3696	0.0342	0.9355	-0.4272	0.4272	-0.3662	1.9885	-21.5112	-135.2747	44.4300	-246	-230	187	100767	0.47 
295.083	0.3701	0.0337	0.9292	0.0000	-0.6714	0.3662	1.9666	-21.5771	-134.8627	44.4500	-242	-229	187	100767	0.47 
295.150	0.3623	0.0356	0.9346	0.0000	-0.8545	0.2441	1.9611	-21.5826	-134.4781	44.4500	-244	-228	187	100767	0.47 
295.303	0.3677	0.0347	0.9336	-0.1221	-0.2441	0.0000	1.9611	-21.6046	-134.1541	44.4500	-244	-226	185	100767	0.47 
295.381	0.3545	0.0278	0.9502	0.0000	-1.8921	0.0000	1.9501	-21.6211	-133.8300	44.4500	-245	-228	190	100767	0.47 
295.468	0.3784	0.0283	0.9385	0.9155	2.2583	0.7324	1.9281	-21.9012	-133.2642	44.4500	-248	-225	190	100767	0.47 
295.529	0.3638	0.0400	0.9341	0.1831	-2.8076	0.3662	1.9226	-21.7969	-132.8906	44.4600	-245	-227	187	100767	0.47 
295.735	0.3823	0.0396	0.9409	3.5400	-4.8828	-5.0659	2.0435	-21.9617	-132.7313	44.4600	-246	-227	188	100766	0.47 
295.904	0.2886	0.0039	0.9331	-0.9155	40.2222	3.8452	1.9336	-21.1212	-132.0612	44.4700	-245	-227	189	100767	0.47 
295.955	0.3218	0.0835	0.9624	1.0376	31.5552	4.0894	2.0874	-17.3474	-131.9788	44.4800	-244	-230	179	100767	0.47 
295.966	0.3213	0.0430	0.9170	5.4321	30.7007	2.8687	1.9885	-14.9744	-130.9076	44.4800	-239	-231	173	100767	0.47 
296.101	0.2964	0.0381	0.9443	2.6855	54.7485	-6.7139	2.5543	-11.2061	-130.9515	44.4900	-236	-226	165	100767	0.46 
296.160	0.1455	0.0293	0.8809	-0.7324	106.2012	-20.5078	2.7246	-3.1860	-132.2040	44.4800	-221	-231	149	100767	0.46 
296.321	-0.1152	0.0347	0.9551	-7.0801	119.3237	-16.2964	2.3895	8.5144	-133.5608	44.4700	-193	-238	134	100768	0.46 
296.376	-0.7549	0.0332	1.4907	-4.6387	198.9746	-16.2354	1.3458	23.4283	-136.8732	44.5000	-148	-245	116	100768	0.46 
296.514	-0.8140	0.0981	1.2290	12.2070	-37.6587	-2.2583	2.2412	30.4871	-139.3451	44.4900	-106	-252	109	100768	0.46 
296.583	-0.7549	0.0156	1.1006	6.1646	-32.2266	4.1504	3.1805	28.5260	-141.0370	44.4600	-101	-256	108	100768	0.46 
296.724	-0.3120	0.0176	0.6924	-5.6152	-38.0249	5.8594	3.6694	23.8788	-141.8555	44.4600	-105	-258	108	100768	0.46 
296.782	-0.1177	0.0000	0.2300	1.0986	-67.4438	2.9907	3.3289	18.0505	-143.3441	44.4300	-115	-257	109	100767	0.46 
296.976	-0.4639	-0.0107	0.7065	7.7515	-11.7188	-16.1133	3.1311	15.9247	-146.1951	44.4100	-128	-254	110	100767	0.47 
297.137	-0.4697	0.1982	0.9180	8.3618	-10.6201	-12.6953	3.8837	14.7052	-149.3756	44.4200	-131	-259	116	100766	0.47 
297.185	-0.3555	0.1045	1.0137	-0.8545	9.9487	14.2822	4.2407	15.4193	-150.0732	44.4400	-128	-266	115	100765	0.47 
297.197	-0.2432	-0.0225	0.9043	-0.6104	10.4370	0.0000	4.2627	15.5127	-149.4690	44.4200	-129	-260	119	100765	0.47 
297.342	-0.3525	0.1602	0.9419	-5.8594	7.0190	-12.9395	3.8837	17.1771	-150.9631	44.4300	-128	-260	117	100764	0.47 
297.405	-0.3467	0.0552	0.9224	-2.6245	0.7324	12.2681	3.7628	17.8748	-151.0565	44.4200	-125	-259	110	100764	0.47 
297.565	-0.3682	0.0679	0.9336	-0.5493	0.9766	5.2490	3.7793	18.0231	-151.0950	44.4100	-124	-260	115	100764	0.47 
297.635	-0.3086	0.0498	0.9395	-0.4883	7.5073	4.6997	3.9331	18.3087	-151.1334	44.4300	-122	-259	116	100764	0.47 
297.755	-0.3516	0.0640	0.9702	-0.3662	-0.4272	0.2441	3.8672	18.6658	-151.5729	44.4200	-123	-259	115	100763	0.47 
297.814	-0.3208	0.0522	0.9688	-0.0610	-8.5449	-7.3242	3.6859	18.3032	-152.5891	44.4200	-125	-261	116	100763	0.47 
297.977	-0.3159	0.0996	0.9717	1.5869	2.0752	-2.7466	3.6639	18.2648	-153.6163	44.4300	-124	-259	114	100763	0.47 
298.104	-0.3081	0.0811	0.9590	0.0000	-0.7935	7.6294	3.8892	18.1055	-153.7592	44.4400	-126	-260	117	100763	0.47 
298.165	-0.3086	0.0518	0.9448	-1.2207	-0.7935	3.2959	3.9221	18.0890	-153.6273	44.4300	-127	-257	116	100763	0.47 
298.389	-0.3145	0.0562	0.9561	0.0000	-0.6104	1.1597	3.9221	17.8967	-153.8580	44.4500	-128	-257	117	100763	0.47 
298.550	-0.3164	0.0601	0.9443	-0.7935	2.1973	1.8921	3.9276	17.9132	-154.1382	44.4400	-128	-259	114	100762	0.47 
298.605	-0.3154	0.0605	0.9468	-1.1597	5.1270	1.7090	3.8947	18.2098	-154.3689	44.4400	-127	-258	113	100762	0.47 
298.605	-0.3496	0.0576	0.9580	-1.0376	4.5166	5.1270	3.9221	18.6218	-154.3909	44.4400	-126	-259	116	100762	0.47 
298.732	-0.3418	0.0449	0.9434	-1.6479	3.1128	3.7231	3.9716	19.1382	-154.2096	44.4700	-128	-256	112	100763	0.47 
298.794	-0.3569	0.0630	0.9531	0.2441	-3.9673	-1.9531	3.7903	19.2206	-154.8303	44.4500	-126	-257	114	100762	0.47 
298.974	-0.3154	0.0732	0.9385	0.1221	-2.5635	-1.7700	3.7903	18.8416	-155.4181	44.4400	-126	-255	112	100762	0.47 
299.025	-0.3223	0.0806	0.9463	-1.3428	-4.2114	4.3945	3.7628	18.5779	-155.7257	44.4500	-131	-259	113	100763	0.47 
299.149	-0.3013	0.0308	0.9551	-0.4883	-3.2959	1.8921	3.7408	18.0780	-155.5334	44.4600	-133	-256	114	100763	0.47 
299.209	-0.3052	0.0596	0.9482	0.9155	-3.2959	-2.9297	3.6420	17.7869	-156.0059	44.4600	-132	-256	109	100763	0.47 
299.388	-0.2935	0.0737	0.9492	0.9766	-1.0376	-0.1221	3.7079	17.5616	-156.3904	44.4700	-130	-259	114	100763	0.47 
299.530	-0.2939	0.0688	0.9497	-2.3193	0.1221	6.2866	3.8507	17.4353	-156.2970	44.4700	-132	-259	112	100763	0.47 
299.578	-0.2852	0.0391	0.9458	0.3052	2.8687	0.1831	3.8837	17.5232	-155.8960	44.4900	-134	-257	112	100763	0.47 
299.591	-0.3159	0.0625	0.9478	1.7700	1.0376	-3.2349	3.8562	17.7759	-156.3519	44.4700	-131	-255	114	100763	0.47 
299.777	-0.3193	0.0747	0.9375	0.1831	-0.3662	-0.4883	3.9221	17.9077	-156.8134	44.4700	-127	-256	112	100763	0.47 
299.842	-0.3257	0.0684	0.9404	-0.1221	-0.1831	1.2817	3.9661	17.9901	-156.9727	44.4700	-130	-256	115	100764	0.47 
299.944	-0.3247	0.0537	0.9556	2.6245	0.0000	-5.6152	4.0155	18.0615	-157.3462	44.4800	-134	-258	115	100764	0.47 
300.000	-0.3184	0.0859	0.9321	1.7090	-2.5635	-8.9722	4.0540	17.9956	-158.3569	44.4800	-127	-258	115	100764	0.47 
300.219	-0.3130	0.0732	0.9580	-0.4272	-5.4932	-3.2349	3.9935	17.8253	-159.1589	44.4800	-129	-260	114	100764	0.47 
300.272	-0.3184	0.1001	0.9565	-0.4883	-2.3804	-0.6714	3.9221	17.4518	-159.5105	44.4900	-128	-261	116	100765	0.47 
300.364	-0.3081	0.0620	0.9561	-2.0142	-0.4272	12.8174	4.1528	17.2321	-158.7305	44.4700	-131	-263	116	100764	0.47 
300.430	-0.3198	0.0552	0.9561	-2.0142	1.7090	1.7700	4.0540	17.2760	-158.1482	44.4700	-131	-259	112	100765	0.47 
300.539	-0.3438	0.0796	0.9468	-0.4272	1.6479	2.6245	4.0704	17.4683	-158.0219	44.5000	-132	-256	114	100764	0.47 
300.607	-0.3301	0.0918	0.9399	-0.7324	12.5732	4.1504	4.1583	18.0945	-157.8131	44.4900	-129	-257	112	100765	0.47 
300.821	-0.4316	0.0508	0.9761	-1.8311	8.5449	5.9814	4.1254	19.3689	-157.5494	44.4900	-129	-254	112	100764	0.47 
300.958	-0.3901	0.0371	0.9087	-4.2114	5.9814	0.1831	3.8672	19.9072	-157.4176	44.5000	-130	-255	113	100765	0.47 
301.003	-0.4004	0.0464	0.8901	-4.2725	8.2397	-6.5308	3.2629	20.7422	-158.0603	44.4900	-129	-253	108	100765	0.47 
301.016	-0.4453	0.0615	0.8574	-4.8828	9.0942	-4.6997	2.6093	21.6705	-158.9886	44.5100	-127	-254	107	100765	0.47 
301.243	-0.4902	0.0811	0.6772	-7.8125	20.2026	1.7090	2.1149	23.3569	-159.5819	44.5100	-124	-254	105	100765	0.47 
301.385	-0.2671	0.0171	0.5479	-8.7891	29.6631	21.9116	2.0105	27.0209	-158.8513	44.5000	-120	-250	103	100765	0.47 
301.429	-0.2935	0.1367	0.7178	4.3945	39.6118	11.2305	1.1591	29.0039	-157.9779	44.5000	-116	-244	96	100765	0.47 
301.444	-0.9663	-0.0923	1.2192	4.5776	1.0986	-22.0337	0.6097	31.4703	-158.9117	44.5200	-113	-244	95	100766	0.47 
301.596	-0.7339	-0.1074	1.1011	-3.1128	-74.5850	-2.0142	0.1813	27.3395	-160.4279	44.5200	-118	-241	95	100766	0.47 
301.660	-1.5942	0.1367	2.2388	-5.8594	-125.9155	21.0571	1.4557	17.5781	-158.8623	44.5200	-150	-235	103	100766	0.47 
301.802	-0.1084	0.1509	1.1514	-2.0142	-19.1040	1.3428	1.2305	4.7681	-159.2468	44.5000	-189	-233	116	100767	0.46 
301.867	0.3882	0.1523	0.8228	-2.3804	-79.2847	14.9536	0.9503	-4.9878	-157.7692	44.4800	-208	-228	133	100767	0.46 
302.037	0.1704	0.0503	0.9404	-3.4790	-27.6489	0.6104	0.8899	-10.0305	-155.7971	44.4700	-221	-224	146	100767	0.46 
302.188	-0.0190	-0.0239	1.0728	-1.6479	-5.3101	15.8081	0.3076	-11.1511	-154.4788	44.4700	-227	-227	153	100767	0.46 
302.245	0.3589	0.0044	0.9766	2.2583	8.5449	-0.0610	-0.0769	-12.2058	-152.4133	44.4500	-235	-223	157	100767	0.46 
302.256	0.0752	0.0146	1.0015	2.1973	-7.2021	-0.7324	0.1758	-11.4807	-151.0565	44.4600	-234	-223	157	100767	0.46 
302.436	0.2358	0.0039	0.9805	-0.6104	-4.4556	-1.3428	0.2252	-12.1179	-149.9249	44.4600	-236	-223	154	100767	0.47 
302.509	0.1685	-0.0005	0.9878	0.5493	-3.6621	0.7935	0.2197	-12.1893	-148.8208	44.4400	-233	-222	157	100767	0.46 
302.607	0.2046	0.0132	0.9854	-0.7935	-2.0752	0.6714	0.2142	-12.4695	-147.6453	44.4600	-233	-224	155	100767	0.47 
302.663	0.2051	0.0024	0.9780	-0.7935	-3.1738	1.8921	0.0604	-12.7277	-146.5411	44.4400	-235	-224	158	100767	0.47 
302.817	0.2007	-0.0020	0.9858	-0.5493	-1.1597	0.6714	-0.0275	-12.7826	-145.5524	44.4600	-237	-221	162	100766	0.47 
302.877	0.2031	0.0034	0.9873	-1.0376	0.3052	0.6714	-0.1154	-12.8650	-144.6460	44.4500	-239	-224	162	100766	0.47 
303.009	0.2041	-0.0078	0.9751	-0.7935	-0.4883	-0.3662	-0.2197	-12.8760	-143.7836	44.4700	-235	-224	158	100766	0.47 
303.078	0.2085	-0.0049	0.9868	-0.2441	-0.7935	0.1221	-0.2911	-12.8760	-142.9596	44.4600	-237	-220	158	100766	0.47 
303.255	0.2114	-0.0010	0.9805	-0.2441	-0.3662	0.4272	-0.3076	-12.9089	-142.1576	44.4500	-236	-218	157	100766	0.47 
303.399	0.2217	-0.0029	0.9761	-0.2441	-1.5869	0.2441	-0.3351	-12.9803	-141.4160	44.4400	-235	-222	155	100766	0.47 
303.450	0.2090	-0.0078	0.9805	-0.3662	-1.0376	-0.1221	-0.3680	-13.0133	-140.7678	44.4400	-238	-224	162	100766	0.47 
303.491	0.1846	-0.0054	0.9907	0.3052	-2.3193	0.6104	-0.3955	-13.0243	-140.1031	44.4400	-238	-224	162	100765	0.47 
303.668	0.2227	-0.0034	0.9814	1.1597	0.5493	0.0610	-0.3461	-13.2166	-139.5099	44.4400	-242	-223	160	100765	0.47 
303.802	0.2139	0.0078	0.9824	-0.2441	-0.4272	0.6104	-0.3296	-13.2440	-138.8617	44.4400	-239	-223	161	100765	0.47 
303.856	0.2241	-0.0278	0.9707	0.6104	1.2207	-0.1221	-0.3406	-13.2660	-138.3124	44.4400	-241	-222	162	100765	0.47 
303.907	0.1953	-0.0039	0.9810	0.3662	-3.2959	1.6479	-0.1648	-13.0627	-137.7795	44.4300	-237	-224	156	100765	0.47 
304.115	0.2188	0.0078	0.9800	-1.0986	-0.7935	0.0000	-0.1978	-13.2001	-137.2906	44.4500	-237	-223	160	100766	0.47 
304.247	0.1865	-0.0195	1.0059	-0.1831	5.5542	5.6152	-0.3241	-12.9199	-136.7194	44.4500	-238	-223	158	100766	0.47 
304.296	0.2344	-0.0059	0.9595	-4.6387	0.0000	-0.8545	-0.5164	-12.9749	-136.0876	44.4600	-240	-222	159	100766	0.47 
304.424	0.2036	-0.0342	0.9810	0.9766	-0.4272	0.0000	-0.6372	-12.8375	-135.7306	44.4500	-242	-222	158	100766	0.47 
304.480	0.2158	0.0078	0.9775	0.7935	-4.2114	-1.4648	-0.5438	-12.9419	-135.4175	44.4600	-240	-223	159	100766	0.47 
304.670	0.2456	-0.0093	0.9702	0.7935	3.7842	0.1831	-0.3625	-13.1177	-135.3241	44.4600	-238	-222	162	100766	0.47 
304.725	0.2290	0.0107	0.9634	-1.3428	-2.9297	-1.7090	-0.3461	-13.0957	-135.0385	44.4500	-241	-222	162	100766	0.47 
304.834	0.2222	-0.0200	0.9736	-0.1831	-2.2583	-0.4883	-0.4230	-13.2220	-134.7693	44.4700	-242	-222	161	100766	0.47 
304.912	0.2246	-0.0029	0.9917	0.6104	-1.1597	2.0752	-0.4340	-13.2660	-134.3353	44.4700	-241	-222	158	100766	0.47 
305.054	0.2144	-0.0015	0.9609	0.3052	-0.1831	-0.1221	-0.3790	-13.4473	-133.9618	44.4700	-239	-220	159	100765	0.47 
305.106	0.2339	-0.0049	0.9761	-0.5493	-0.6714	0.0000	-0.4175	-13.4528	-133.6816	44.4700	-234	-221	160	100766	0.47 
305.215	0.2246	-0.0049	0.9790	-0.1831	-0.4272	-0.3052	-0.4449	-13.4363	-133.4180	44.4700	-238	-221	161	100766	0.47 
305.277	0.2285	-0.0024	0.9741	-0.5493	-0.0610	0.0000	-0.4614	-13.4418	-133.1708	44.4800	-240	-222	163	100766	0.47 
305.491	0.2363	-0.0020	0.9678	-0.6714	-0.7324	-0.4883	-0.4889	-13.5242	-132.9181	44.4700	-243	-219	161	100766	0.47 
305.642	0.2246	-0.0137	0.9790	-0.2441	0.1831	-0.0610	-0.5164	-13.4967	-132.7368	44.4800	-243	-223	162	100766	0.47 
305.697	0.2280	-0.0039	0.9790	-0.3662	-0.1221	0.3052	-0.5438	-13.4692	-132.5061	44.4800	-241	-225	160	100767	0.47 
305.710	0.2192	-0.0098	0.9771	-0.2441	0.0610	0.0000	-0.5548	-13.4637	-132.3248	44.5000	-240	-219	160	100767	0.47 
305.879	0.2261	-0.0083	0.9780	0.1221	-0.1831	0.0610	-0.5713	-13.4637	-132.1436	44.4700	-238	-221	164	100767	0.47 
305.944	0.2446	0.0132	0.9546	-0.3052	0.5493	-2.0142	-0.5658	-13.4857	-131.9788	44.5000	-241	-223	164	100767	0.47 
306.047	0.1772	-0.0669	0.9937	-1.1597	3.4790	0.2441	-0.8789	-12.8046	-131.5942	44.5000	-239	-222	162	100767	0.46 
306.101	0.2168	-0.0269	1.0010	-0.7324	5.8594	-3.0518	-0.8789	-12.3212	-131.4514	44.5000	-241	-219	157	100767	0.46 
306.255	0.2100	-0.0259	0.9521	1.3428	4.9438	-1.3428	-0.7910	-12.2058	-131.5173	44.4900	-238	-220	159	100767	0.46 
306.317	0.2407	0.0327	0.9541	4.8218	15.1367	7.0801	-0.4834	-11.3983	-131.1218	44.5000	-236	-221	157	100767	0.47 
306.537	0.1777	0.0112	0.9521	2.3193	45.4712	8.1177	-0.2472	-8.2123	-130.2594	44.5200	-235	-219	153	100767	0.46 
306.698	0.1670	-0.0117	0.9243	2.8687	68.9087	2.0752	-0.1483	-2.7466	-129.8584	44.5000	-227	-224	139	100767	0.47 
306.755	0.0078	-0.0127	0.9111	2.0142	104.7974	0.1221	0.1538	5.3778	-129.9573	44.5200	-213	-223	127	100767	0.46 
306.756	-0.0894	0.1987	0.9551	4.1504	153.3813	6.1646	0.6152	17.0728	-130.3967	44.5000	-180	-227	110	100767	0.47 
306.895	-1.0303	-0.1743	1.1196	9.4604	179.3213	-24.7192	2.0050	35.3156	-129.8145	44.5100	-128	-229	99	100767	0.47 
306.970	-0.9053	-0.0156	0.7642	8.3008	-2.3804	-3.1128	1.2579	44.2365	-134.4891	44.5100	-73	-232	99	100768	0.46 
307.081	-1.1904	0.0762	1.0596	25.2075	-57.8613	-7.0190	2.2852	45.6921	-139.0100	44.4700	-55	-239	100	100767	0.46 
307.163	-0.1514	0.0620	0.3799	9.5825	-85.4492	12.0239	3.8562	37.7875	-141.8665	44.4700	-62	-246	96	100767	0.46 
307.283	-0.3276	-0.0103	0.4219	-1.0986	-101.9897	-26.7334	2.1313	29.0039	-146.1676	44.4700	-83	-252	101	100767	0.47 
307.371	-0.4595	-0.0342	0.5439	2.9907	-89.3555	-8.4229	2.5104	20.2148	-149.2163	44.4800	-109	-248	101	100767	0.47 
307.543	-0.4995	0.1143	0.9878	10.3149	-37.0483	-3.1738	2.5378	15.3864	-152.1112	44.4500	-130	-254	110	100766	0.47 
307.687	-0.2339	0.0063	0.7363	1.7700	-10.4980	-5.9204	2.7740	12.2552	-153.2813	44.4600	-138	-256	113	100766	0.47 
307.752	-0.1934	0.0166	0.8252	4.1504	1.7700	3.6011	2.7795	12.4200	-153.8306	44.4600	-136	-254	117	100766	0.47 
307.852	-0.3438	0.0747	1.0015	0.5493	5.4321	-7.9346	3.1750	14.1724	-154.5502	44.4600	-135	-257	113	100765	0.47 
307.914	-0.3047	0.0205	1.0034	2.8076	2.8076	-19.2261	2.7740	14.8315	-156.1322	44.4600	-132	-259	118	100765	0.47 
308.113	-0.3350	-0.0210	0.9697	3.9673	6.4087	-19.1650	2.2632	15.2545	-158.4174	44.4600	-126	-259	115	100764	0.47 
308.314	-0.2769	0.1367	1.0229	-0.8545	-7.2021	-0.9766	2.0270	15.6445	-160.4718	44.4700	-120	-261	118	100764	0.47 
308.392	-0.2539	0.0190	0.9634	-0.1221	1.1597	6.3477	2.4445	14.9304	-159.2633	44.4500	-120	-264	115	100765	0.47 
308.513	-0.2183	0.0239	0.9575	1.4038	-12.7563	18.1885	3.0157	14.3152	-158.0054	44.4800	-122	-262	117	100764	0.47 
308.576	-0.2378	0.0610	0.9551	2.7466	-7.4463	3.1128	3.0377	13.6230	-157.6099	44.5000	-129	-260	115	100764	0.47 
308.577	-0.2944	0.0029	1.0146	0.9766	-3.5400	-4.6387	2.9279	13.4802	-157.9065	44.4600	-131	-263	114	100764	0.47 
308.711	-0.2021	0.0420	0.9409	-0.0610	-5.7373	-8.6670	2.7740	12.8430	-158.7524	44.4700	-130	-261	119	100764	0.47 
308.716	-0.1987	0.0366	0.9453	-0.1221	-5.3711	-0.9766	2.6257	12.5684	-159.2358	44.4800	-131	-263	120	100763	0.47 
308.888	-0.1855	0.0005	0.9639	1.7700	1.2207	-3.5400	2.5653	12.5189	-159.3622	44.4900	-129	-266	123	100763	0.47 
308.958	-0.2075	0.0210	0.9658	-0.7935	2.3804	-23.1934	2.2412	12.8210	-160.8783	44.4900	-127	-263	118	100763	0.47 
309.132	-0.2090	0.0342	0.9590	1.0986	2.1362	-8.3008	2.3511	12.8705	-161.6858	44.4700	-123	-266	119	100763	0.47 
309.184	-0.2397	0.0547	0.9780	0.0610	0.4272	2.9907	2.4554	12.9144	-161.8890	44.4800	-124	-268	119	100763	0.47 
309.293	-0.2256	0.0366	0.9526	0.9766	-1.4648	-0.7324	2.5159	12.8320	-161.6364	44.4700	-123	-265	121	100763	0.47 
309.360	-0.2188	0.0571	0.9507	0.4883	0.3052	2.5024	2.5928	12.7771	-161.5924	44.4600	-123	-269	120	100763	0.47 
309.503	-0.2271	0.0596	0.9761	-0.2441	-1.3428	0.6714	2.6367	12.9034	-161.4825	44.4700	-123	-266	121	100763	0.47 
309.581	-0.2065	0.0547	0.9561	1.2207	1.0376	1.2817	2.7631	12.7661	-161.2628	44.4700	-119	-265	123	100763	0.47 
309.742	-0.2251	0.0400	0.9785	-0.4272	1.1597	2.1973	2.8180	12.9968	-161.1200	44.4600	-121	-269	119	100763	0.47 
309.802	-0.2295	0.0454	0.9663	-0.7324	1.0376	0.1221	2.7466	13.1726	-160.9991	44.4700	-122	-266	120	100763	0.47 
309.893	-0.2681	0.0874	0.9795	-2.1362	-0.2441	12.6953	2.8400	13.5077	-160.4553	44.4800	-121	-266	120	100763	0.47 
309.936	-0.2295	-0.0020	0.9795	-1.1597	1.3428	5.9814	2.8125	13.4912	-159.3787	44.4700	-123	-265	119	100763	0.47 
310.172	-0.2231	0.0308	0.9609	1.6479	0.9155	-4.6387	2.8070	13.5516	-159.4391	44.4700	-123	-262	118	100763	0.47 
310.307	-0.2520	0.0356	0.9688	1.2817	1.4038	-12.4512	2.6807	13.7878	-160.4553	44.4900	-123	-266	119	100763	0.47 
310.355	-0.2705	0.0283	0.9980	-0.3662	0.4272	-3.4180	2.4884	13.9471	-161.3837	44.4700	-119	-268	120	100763	0.47 
310.368	-0.2183	0.0137	0.9609	2.9297	2.0142	-12.9395	2.3511	13.9362	-162.1967	44.5000	-119	-264	121	100763	0.47 
310.542	-0.2905	0.0889	0.9546	2.0142	-2.5024	-10.6812	2.2797	14.1119	-163.7347	44.5000	-114	-268	122	100763	0.47 
310.609	-0.2373	0.1050	0.9399	-4.6387	6.4697	2.1362	2.3785	14.2273	-163.9545	44.4900	-112	-270	121	100763	0.47 
310.726	-0.2627	0.0278	0.9834	-0.9155	3.2959	11.1084	2.3950	14.5020	-162.8558	44.5000	-114	-272	121	100764	0.47 
310.782	-0.2773	0.0298	0.9678	1.0986	1.0986	3.4790	2.4719	14.5569	-162.2516	44.5000	-118	-269	121	100764	0.47 
310.904	-0.2720	0.0317	0.9536	0.0000	2.3804	5.7983	2.6971	14.5844	-161.7682	44.4900	-113	-266	119	100764	0.47 
310.968	-0.2397	0.0298	0.9736	-0.1831	2.4414	-0.1831	2.6697	14.8096	-161.5155	44.4900	-117	-265	121	100764	0.47 
311.163	-0.2681	0.0483	0.9551	-0.6714	0.1221	0.3052	2.6093	14.8425	-161.5924	44.5000	-115	-269	119	100764	0.47 
311.222	-0.2769	0.0469	0.9658	-0.4883	-0.6104	0.0000	2.4939	14.8041	-161.6638	44.5000	-116	-266	121	100765	0.47 
311.324	-0.2754	0.0381	0.9707	-0.9155	-0.5493	-0.2441	2.4335	14.7437	-161.7352	44.5100	-119	-268	120	100764	0.47 
311.369	-0.2290	0.0518	0.9448	-2.7466	0.6104	-1.7090	2.2906	14.6558	-161.8011	44.5200	-118	-265	119	100764	0.47 
311.585	-0.2490	0.0503	0.9683	1.0376	2.9907	-3.3569	2.1149	14.9139	-162.2296	44.5100	-115	-264	121	100764	0.47 
311.727	-0.2632	0.0293	0.9463	0.9766	-1.7700	-2.1362	2.2137	15.1941	-162.5702	44.5200	-114	-268	121	100765	0.47 
311.779	-0.2588	0.0420	0.9556	0.3052	-0.2441	1.0376	2.2852	15.0842	-162.6855	44.5200	-112	-266	122	100764	0.47 
311.791	-0.2720	0.0420	0.9580	-0.8545	0.6714	0.9766	2.2687	15.1556	-162.5812	44.5100	-117	-269	122	100764	0.47 
311.946	-0.2783	0.0483	0.9712	-0.1221	-0.6104	0.7324	2.2357	15.1556	-162.6086	44.5500	-113	-267	120	100764	0.47 
312.014	-0.2607	0.0459	0.9556	-0.4272	-1.9531	3.9673	2.2906	15.0897	-162.4493	44.5400	-113	-269	119	100764	0.47 
312.188	-0.2612	0.0337	0.9492	-0.2441	-0.1221	1.7700	2.3236	15.0623	-162.2131	44.5400	-114	-268	118	100764	0.47 
312.244	-0.2676	0.0464	0.9683	0.0000	0.1831	0.1831	2.3401	15.0897	-162.2021	44.5400	-117	-268	119	100763	0.47 
312.341	-0.3120	0.0356	0.9790	1.7090	-1.8311	4.8218	2.4170	15.0073	-162.0593	44.5400	-114	-269	119	100763	0.47 
312.408	-0.2998	0.0293	0.9741	1.4038	-4.3945	1.8921	2.6642	14.6722	-161.8231	44.5300	-117	-268	118	100763	0.47 
312.586	-0.2515	0.0278	0.9614	-1.7700	-0.3052	2.9297	2.6257	14.4525	-161.6693	44.5300	-116	-267	119	100762	0.47 
312.725	-0.3267	0.0498	0.9219	-1.7700	9.5215	0.9155	2.4994	14.9304	-161.5704	44.5300	-119	-268	120	100762	0.47 
312.778	-0.2197	0.0952	0.8062	-3.4790	8.6060	-2.0142	2.2906	15.6830	-161.6034	44.5600	-120	-267	119	100762	0.47 
312.800	-0.2119	0.0225	1.0190	0.8545	-3.0518	3.8452	2.0709	16.1884	-161.4661	44.5600	-117	-265	117	100762	0.47 
312.997	-0.3125	0.0449	0.8174	-5.2490	16.1743	8.7280	2.2961	16.5619	-160.9387	44.5400	-120	-266	115	100762	0.47 
313.132	-0.5908	0.0190	0.5498	-21.0571	53.4668	15.8691	1.8127	21.1157	-159.9994	44.5500	-116	-263	116	100762	0.47 
313.183	-0.4033	-0.1084	0.6592	-24.8413	95.4590	-0.0610	-0.2802	30.2454	-159.7797	44.5400	-104	-257	106	100762	0.47 
313.216	-0.2456	0.2744	0.6035	5.4321	24.1699	30.4565	-0.3351	35.4694	-160.4883	44.5600	-85	-252	102	100762	0.47 
313.387	-0.5532	0.0967	0.6650	-0.8545	22.1558	-5.2490	1.1426	38.0511	-159.0765	44.5500	-81	-253	102	100762	0.47 
313.539	-0.8633	0.0093	1.0620	-4.9438	-50.7813	18.0054	2.2137	38.0621	-158.8568	44.5500	-86	-252	102	100762	0.47 
313.586	-0.1914	0.0024	1.3188	-2.6855	-122.5586	20.2637	2.0490	30.7178	-158.7524	44.5300	-106	-243	99	100763	0.47 
313.629	0.7129	-0.0347	0.3413	12.3291	-172.1191	7.9956	2.8619	15.0293	-157.6923	44.5200	-146	-240	106	100764	0.47 
313.854	0.0112	0.0645	0.8740	-8.7280	-105.4077	14.7095	3.1036	4.0430	-156.4948	44.5200	-185	-241	118	100764	0.47 
313.860	0.0020	0.0889	1.0825	6.4697	-93.4448	2.6245	2.8510	-5.2679	-155.3467	44.5200	-212	-233	137	100765	0.47 
314.021	0.4321	-0.1079	0.9224	-1.0986	10.6812	-0.1221	3.2410	-12.2607	-153.3801	44.5200	-230	-227	156	100765	0.47 
314.182	0.0063	-0.0005	0.9863	-9.2773	-9.0942	-9.4604	2.4554	-10.7721	-153.0725	44.5100	-228	-230	156	100766	0.47 
314.245	0.3003	-0.0073	0.9536	-5.4321	-13.3667	7.2021	1.8622	-11.9202	-151.8365	44.5200	-232	-230	159	100767	0.47 
314.256	0.1606	0.0391	0.9971	-2.6245	4.9438	0.0610	1.6150	-12.0026	-150.6665	44.5000	-233	-223	160	100767	0.46 
314.394	0.2144	0.0200	0.9771	0.0000	-5.4321	5.1270	1.5161	-11.8378	-149.4196	44.5100	-235	-229	161	100767	0.46 
314.460	0.2295	0.0591	1.0190	-4.8828	-3.0518	5.3101	1.1646	-12.1838	-148.0737	44.5100	-235	-226	163	100767	0.46 
314.614	0.1250	-0.0596	1.0303	-1.2207	-0.7935	6.1646	0.4614	-12.0685	-145.9149	44.5100	-234	-224	160	100767	0.46 
314.783	0.1616	-0.0122	1.0239	5.0049	-0.1831	-1.3428	0.3571	-12.0520	-144.7174	44.5200	-238	-221	158	100767	0.46 
314.841	0.2651	0.0313	0.9180	1.2207	-23.9258	1.5869	0.7910	-13.7823	-143.5474	44.5200	-240	-221	161	100767	0.46 
315.001	0.1753	0.0010	0.9785	-1.5259	-2.0752	4.3945	0.8295	-14.4196	-142.4707	44.5300	-240	-221	161	100768	0.46 
315.051	0.2954	0.0132	0.9570	-4.3335	-2.9907	-1.7090	0.4889	-14.7546	-141.6083	44.5100	-242	-219	162	100768	0.46 
315.215	0.2393	0.0020	0.9199	-5.1880	-6.0425	11.9629	-0.0220	-15.0513	-140.3723	44.5100	-246	-216	164	100768	0.46 
315.278	0.2510	-0.0342	0.9854	-0.9155	-0.4883	1.7090	-0.6317	-15.2545	-139.0100	44.5100	-246	-219	166	100768	0.46 
315.424	0.2446	-0.0059	0.9761	2.1973	-1.4038	-1.5869	-0.5328	-15.3094	-138.2629	44.5000	-247	-216	164	100767	0.46 
315.645	0.2397	0.0015	0.9927	-0.1221	-0.2441	-0.1831	-0.3625	-15.3424	-137.7740	44.5000	-251	-218	165	100767	0.46 
315.741	0.2559	-0.0068	0.9663	0.0000	-0.8545	-1.0376	-0.3900	-15.3918	-137.1478	44.5200	-246	-215	165	100768	0.46 
315.881	0.2642	-0.0063	0.9609	0.0610	-0.3052	-0.6104	-0.3571	-15.4633	-136.6260	44.5200	-243	-216	167	100768	0.46 
316.079	0.2383	-0.0449	0.9854	0.9766	-2.5024	-2.9907	-0.3351	-15.5292	-136.1481	44.5300	-245	-217	164	100768	0.46 
316.082	0.3467	0.0264	0.9346	-0.9766	-2.9907	-1.7700	-0.0439	-15.9302	-136.2140	44.5300	-244	-218	169	100767	0.46 
316.083	0.2817	-0.0083	0.9541	-1.4648	-2.2583	-2.3193	-0.0714	-15.8752	-135.8514	44.5200	-246	-218	169	100767	0.46 
316.138	0.2446	-0.0034	0.9800	-2.0142	-0.6714	-2.1362	-0.2087	-15.7874	-135.5273	44.5400	-246	-218	168	100768	0.46 
316.242	0.2676	-0.0083	0.9746	-0.9155	0.4272	-2.3193	-0.2747	-15.9082	-135.2472	44.5400	-245	-217	168	100767	0.46 
316.296	0.2637	-0.0078	0.9722	-0.5493	0.2441	-1.7090	-0.2911	-15.8972	-135.0494	44.5300	-245	-222	169	100767	0.47 
316.434	0.2632	0.0024	0.9653	-0.8545	-0.4272	-0.7324	-0.3076	-15.9027	-134.7968	44.5500	-245	-221	167	100767	0.46 
316.506	0.2769	-0.0063	0.9629	0.1831	-1.8311	0.1831	-0.3076	-15.9521	-134.4122	44.5700	-241	-218	171	100767	0.46 
316.628	0.2671	-0.0083	0.9683	0.3052	-1.2817	0.4883	-0.3131	-16.0565	-133.9893	44.5600	-243	-221	168	100767	0.47 
316.815	0.2686	-0.0020	0.9707	-0.2441	0.3052	-0.6714	-0.3021	-16.0291	-133.6542	44.5600	-245	-221	166	100767	0.46 
316.873	0.2627	-0.0078	0.9668	-0.8545	1.2207	-1.4648	-0.3516	-15.9412	-133.4839	44.5600	-246	-220	171	100767	0.47 
316.885	0.2681	-0.0098	0.9639	0.2441	0.6714	0.0000	-0.3571	-15.8313	-133.1927	44.5800	-246	-218	165	100767	0.47 
317.026	0.2695	-0.0049	0.9619	0.3052	0.1831	0.0000	-0.3296	-15.7434	-132.8577	44.5700	-243	-222	170	100767	0.47 
317.101	0.2568	-0.0034	0.9766	-0.0610	-0.4883	-0.1831	-0.3021	-15.6830	-132.5885	44.5700	-243	-223	165	100767	0.47 
317.266	0.2642	-0.0049	0.9639	-0.4272	0.2441	-0.3662	-0.3076	-15.7159	-132.3413	44.5800	-246	-221	169	100767	0.47 
317.411	0.2686	-0.0044	0.9609	-0.4272	0.1221	0.0000	-0.3351	-15.6995	-132.0941	44.5900	-244	-222	166	100766	0.47 
317.413	0.2651	-0.0059	0.9688	-0.1831	-0.4883	0.2441	-0.3625	-15.6006	-131.8689	44.6000	-242	-221	164	100766	0.47 
317.492	0.2637	-0.0068	0.9678	0.0610	0.2441	-0.2441	-0.3680	-15.5621	-131.6986	44.5900	-245	-222	162	100766	0.47 
317.686	0.2759	0.0103	0.9551	-0.0610	-1.3428	0.9155	-0.3131	-15.5786	-131.5613	44.6100	-243	-222	167	100766	0.47 
317.876	0.2349	-0.0103	0.9600	0.7935	2.1973	0.9155	-0.2692	-15.4797	-131.4130	44.5900	-241	-220	166	100765	0.47 
318.047	0.2637	-0.0537	0.9746	-1.2817	4.0894	-1.4038	-0.3571	-15.2655	-131.2646	44.5900	-243	-221	169	100765	0.47 
318.125	0.2534	-0.0171	0.8848	3.7231	22.9492	-6.5308	-0.1538	-14.4525	-130.8142	44.6100	-241	-221	164	100765	0.47 
318.126	0.2412	0.0332	0.9902	1.5869	37.4146	-7.9956	0.2417	-11.3104	-131.6162	44.6000	-238	-223	159	100765	0.47 
318.208	0.2139	0.0039	0.9893	8.6060	62.1948	10.1929	0.9338	-6.5369	-131.3361	44.5900	-232	-223	149	100766	0.47 
318.259	0.1611	0.0649	0.8589	1.5869	87.2192	-2.0752	1.4941	0.1538	-130.7922	44.6100	-218	-227	136	100766	0.47 
318.323	-0.0977	-0.0249	0.8701	-5.9814	124.9390	-16.4795	0.9668	10.4150	-131.7096	44.6200	-195	-231	120	100766	0.47 
318.507	-0.3730	0.0063	1.0820	17.3950	164.4287	-10.9253	0.9723	24.4830	-134.2584	44.6000	-150	-232	106	100766	0.47 
318.572	-1.6172	-0.0264	1.3638	25.3906	76.2329	-31.8604	1.2854	41.0284	-138.4387	44.6100	-95	-241	102	100766	0.47 
318.664	-1.0386	0.1245	0.9595	6.1646	-4.1504	-20.7520	1.9995	40.1056	-143.3661	44.5800	-64	-251	109	100766	0.47 
318.735	-0.6055	-0.0098	0.8555	-2.7466	-91.7969	16.9067	1.3623	34.3707	-146.1566	44.5700	-62	-257	104	100766	0.47 
318.880	-0.0586	0.1187	0.1274	-7.0801	-113.5864	-7.9346	1.4447	23.9282	-146.7059	44.5500	-86	-256	108	100767	0.47 
319.094	-0.2729	0.1406	0.1489	0.1831	-45.6543	-14.4043	2.7411	17.3694	-149.5569	44.5400	-115	-254	108	100766	0.47 
319.267	-0.5166	-0.3257	1.1777	17.0898	-15.5029	7.1411	4.0814	17.1661	-150.1886	44.5200	-127	-254	110	100766	0.47 
319.330	-0.1177	-0.0483	0.7070	-6.5918	-0.5493	-39.8560	5.1910	14.2932	-152.5726	44.5300	-132	-257	111	100765	0.47 
319.331	-0.4536	0.1548	1.1216	8.4839	-15.8691	3.9673	4.7296	16.5509	-155.4126	44.5400	-125	-263	115	100765	0.47 
319.460	-0.2847	0.0347	1.0103	-6.5918	14.0991	1.1597	4.8395	16.1554	-155.4236	44.5300	-126	-264	120	100765	0.47 
319.527	-0.4678	-0.0405	1.1294	4.3945	-1.0986	27.6489	4.5593	17.9242	-154.7974	44.5300	-120	-262	117	100765	0.47 
319.671	-0.3472	0.0361	0.9688	-0.9766	-2.1973	2.7466	4.7900	17.5946	-154.2316	44.5400	-123	-263	115	100765	0.47 
319.745	-0.3267	0.0117	0.9561	0.3052	-2.6855	0.1831	4.8010	17.4792	-154.4788	44.5300	-125	-260	118	100764	0.47 
319.868	-0.2666	0.0244	0.9658	1.6479	11.6577	-7.2632	4.6967	17.7374	-155.0720	44.5400	-128	-261	113	100764	0.47 
319.930	-0.2832	0.0645	0.9707	-2.6855	5.0049	-7.7515	4.1913	18.5449	-156.3409	44.5300	-120	-261	113	100763	0.47 
320.068	-0.2739	0.0142	0.9370	-3.6011	-5.7983	0.7324	3.6749	18.4900	-156.9012	44.5400	-118	-260	116	100763	0.47 
320.139	-0.2988	0.0356	0.9438	0.0610	-0.4272	-3.1738	3.3563	18.2483	-157.6923	44.5300	-116	-263	116	100762	0.47 
320.293	-0.2905	0.0293	0.9395	1.4038	-7.1411	6.3477	3.6145	17.7539	-157.7472	44.5300	-117	-263	117	100762	0.47 
320.350	-0.2280	0.0605	0.9053	-2.9907	5.7373	10.9863	3.7463	17.4847	-157.2473	44.5400	-118	-263	118	100762	0.47 
320.461	-0.3101	-0.0220	0.9736	-3.2959	8.8501	6.7139	3.5870	18.3636	-156.2805	44.5300	-123	-258	115	100762	0.47 
320.528	-0.2661	0.0254	0.9438	-0.0610	-1.4648	-1.5259	3.3948	18.3801	-156.4563	44.5300	-122	-260	112	100761	0.47 
320.704	-0.2861	0.0371	0.9600	0.7935	-3.6011	1.8921	3.3618	18.3307	-156.7804	44.5400	-123	-259	109	100761	0.47 
320.765	-0.2998	0.0513	0.9644	0.7324	0.9155	-0.1221	3.2794	18.2758	-157.1704	44.5500	-122	-260	114	100761	0.47 
320.862	-0.3130	0.0332	0.9629	0.9766	-0.4883	-1.2817	3.2574	18.1494	-157.5494	44.5600	-122	-259	112	100761	0.47 
320.919	-0.3062	0.0396	0.9468	0.6714	-1.0376	-3.6621	3.2739	17.9462	-158.0109	44.5600	-121	-258	112	100761	0.47 
321.147	-0.2886	0.0513	0.9399	0.4883	-2.8076	2.1362	3.3508	17.7759	-158.3459	44.5600	-119	-260	114	100761	0.47 
321.296	-0.3057	0.0449	0.9556	-0.4272	-0.3052	1.8921	3.3618	17.7100	-158.4229	44.5600	-122	-260	113	100761	0.47 
321.346	-0.3057	0.0464	0.9502	-0.9155	-0.6714	2.3193	3.3179	17.5946	-158.4393	44.5600	-123	-256	114	100761	0.47 
321.360	-0.2827	0.0410	0.9346	-0.3662	1.1597	1.9531	3.3508	17.5507	-158.3295	44.5700	-119	-256	115	100761	0.47 
321.529	-0.2930	0.0444	0.9551	0.9155	-1.0986	-0.9155	3.3344	17.6331	-158.5217	44.5600	-126	-261	115	100761	0.47 
321.674	-0.2881	0.0474	0.9492	0.3662	0.3052	-0.7935	3.3124	17.6111	-158.8348	44.5600	-122	-258	114	100761	0.47 
321.740	-0.3052	0.0444	0.9590	-0.4272	0.1221	-0.3052	3.2684	17.6276	-159.0161	44.5700	-125	-262	114	100761	0.47 
321.752	-0.3071	0.0420	0.9551	-0.2441	0.0610	0.3052	3.2080	17.6001	-159.1260	44.5700	-124	-258	115	100761	0.47 
321.944	-0.3003	0.0542	0.9546	-0.4272	-0.3052	-0.4883	3.1366	17.6056	-159.2963	44.5900	-125	-259	117	100761	0.47 
322.078	-0.3115	0.0405	0.9565	-0.7324	0.0000	1.7700	3.0981	17.5891	-159.3127	44.5800	-124	-260	111	100761	0.47 
322.125	-0.3115	0.0439	0.9526	-0.4272	-0.1221	0.9766	3.0542	17.5342	-159.3127	44.5900	-121	-258	112	100761	0.47 
322.137	-0.3008	0.0410	0.9507	-0.1831	-1.2207	0.1831	3.0157	17.4683	-159.3732	44.5900	-126	-260	114	100761	0.47 
322.308	-0.2930	0.0469	0.9590	-0.4883	-3.6011	1.2817	3.0048	17.3584	-159.4501	44.6000	-123	-259	114	100762	0.47 
322.381	-0.3091	0.0479	0.9658	0.4883	-2.3193	-1.5259	2.9279	17.1057	-159.7467	44.6000	-124	-260	112	100761	0.47 
322.504	-0.2842	0.0400	0.9497	1.2207	-2.5024	2.7466	3.1091	16.7542	-159.6094	44.6100	-125	-261	113	100761	0.47 
322.599	-0.3027	0.0508	0.9526	0.8545	-1.0376	1.4648	3.2245	16.6553	-159.5654	44.5900	-125	-258	112	100762	0.47 
322.690	-0.2993	0.0527	0.9556	0.4883	-0.3052	0.6714	3.2904	16.5784	-159.5819	44.6000	-127	-258	114	100762	0.47 
322.762	-0.2817	0.0518	0.9502	-0.1221	-0.6714	3.4180	3.3728	16.4905	-159.3951	44.6100	-127	-256	114	100762	0.47 
322.936	-0.2842	0.0479	0.9556	0.0610	-1.1597	2.4414	3.4277	16.3751	-159.1534	44.6100	-129	-259	112	100762	0.47 
323.090	-0.3003	0.0552	0.9521	0.4272	-1.8921	0.4272	3.4607	16.2378	-159.1095	44.6200	-128	-258	113	100762	0.47 
323.137	-0.3003	0.0547	0.9551	0.6714	-0.0610	-1.3428	3.4717	16.1169	-159.2578	44.6200	-133	-261	116	100762	0.47 
323.162	-0.2993	0.0708	0.9478	1.5259	0.6104	0.4883	3.6255	16.1938	-159.3127	44.6200	-130	-261	117	100762	0.47 
323.342	-0.3281	0.0664	0.9536	2.0752	1.5869	-1.8311	3.8177	16.2817	-159.4061	44.6100	-130	-260	115	100762	0.47 
323.516	-0.2886	0.0776	0.9048	1.7090	-3.7231	-1.0986	4.0320	16.2817	-159.6204	44.6200	-135	-262	113	100762	0.47 
323.521	-0.3882	0.0625	0.8579	2.0142	13.7329	2.0142	4.3396	17.3969	-159.5874	44.6400	-129	-262	118	100762	0.47 
323.573	-0.3223	0.0830	0.7275	7.6904	67.0776	-1.3428	5.0317	22.1759	-159.3402	44.6100	-123	-262	119	100763	0.47 
323.737	-0.5713	0.2368	0.8193	4.5776	21.5454	47.6074	7.5586	27.9987	-157.4231	44.6300	-112	-262	113	100763	0.47 
323.801	-0.2397	0.0527	0.3447	4.0894	67.8711	7.5684	8.7177	29.3225	-154.4513	44.6400	-114	-262	113	100763	0.47 
323.960	-0.4331	0.0332	0.6064	-12.4512	41.5649	6.2256	8.9209	35.4309	-153.8251	44.6100	-100	-265	110	100763	0.47 
324.021	-0.6787	0.0327	0.8750	-19.9585	-11.2915	-5.9204	6.0754	37.5513	-155.9125	44.6300	-97	-255	103	100763	0.47 
324.111	-0.7568	-0.1675	1.0205	-13.1226	-110.0464	-9.5825	3.4497	33.1732	-158.7415	44.6200	-105	-247	99	100763	0.47 
324.201	-0.1426	0.1294	0.6226	-5.7983	-221.4966	-20.7520	1.6205	19.4788	-161.7078	44.6400	-137	-239	106	100763	0.47 
324.373	0.0063	0.0791	1.0796	-3.6621	-95.5811	14.4653	1.3184	6.0645	-161.2848	44.6200	-179	-237	115	100764	0.47 
324.424	0.5605	-0.0229	0.9722	-2.8076	-61.8896	-0.5493	0.6262	-4.1418	-159.4556	44.6300	-206	-230	133	100764	0.47 
324.525	-0.1968	0.0254	0.9985	-0.2441	-9.7046	4.8218	0.7855	-6.7291	-157.3737	44.6100	-218	-228	142	100764	0.47 
324.621	0.0801	-0.0107	1.0498	0.9766	-13.3057	0.3052	0.6427	-9.0967	-155.7477	44.6000	-225	-228	146	100764	0.47 
324.763	0.1929	-0.0156	0.9922	-0.8545	0.5493	1.5259	0.6097	-10.4150	-154.5557	44.5900	-225	-231	152	100764	0.47 
324.823	0.1563	0.0059	0.9736	2.8076	-7.3242	-0.2441	0.5823	-10.7007	-153.1989	44.5900	-228	-227	154	100765	0.47 
324.988	0.1997	0.0029	0.9917	3.0518	-1.8921	-3.1738	0.8459	-11.2335	-152.2211	44.5800	-227	-231	152	100765	0.47 
325.040	0.2417	0.0605	0.9014	4.1504	1.3428	-7.3242	1.4996	-11.8817	-152.1222	44.5900	-227	-230	159	100764	0.47 
325.165	0.2007	0.0308	0.9746	-1.1597	-4.2725	-0.5493	1.3953	-11.5961	-151.0345	44.5700	-229	-234	158	100765	0.47 
325.240	0.1655	0.0298	0.9961	-1.4648	-5.9204	2.9297	1.2744	-11.6675	-149.8151	44.5700	-228	-235	159	100765	0.47 
325.398	0.2051	0.0088	0.9937	-1.5259	-3.0518	2.5024	0.9943	-12.1399	-148.5132	44.5800	-226	-232	159	100765	0.47 
325.556	0.1777	0.0229	0.9824	4.4556	-1.2817	4.5166	1.0602	-12.3871	-147.3871	44.5800	-232	-232	161	100765	0.47 
325.561	0.2212	0.0288	0.9624	-0.2441	0.0000	2.5024	1.1316	-12.5244	-146.2225	44.5900	-232	-231	160	100765	0.47 
325.798	0.1450	0.0020	0.9849	-0.1221	11.5356	9.0942	0.8899	-11.9092	-144.6790	44.5800	-234	-230	161	100765	0.47 
326.001	0.2256	0.0327	0.9863	-2.3193	-0.3052	-1.4648	0.7745	-11.4862	-143.9209	44.6100	-232	-227	154	100765	0.47 
326.083	0.1655	0.0073	0.9907	0.0000	0.3662	0.3052	0.7196	-11.5247	-143.1958	44.6000	-233	-229	157	100766	0.47 
326.173	0.1914	0.0068	0.9829	0.1221	-0.9766	-0.1831	0.6866	-11.5631	-142.4487	44.5900	-231	-225	155	100765	0.47 
326.243	0.1938	0.0127	0.9834	1.1597	-0.9766	-0.7935	0.7526	-11.5906	-141.8939	44.5900	-229	-229	157	100765	0.47 
326.244	0.1992	0.0205	0.9795	0.0000	-1.2817	0.0000	0.8130	-11.6180	-141.3721	44.5900	-228	-227	156	100765	0.47 
326.377	0.1860	0.0107	0.9868	-0.1221	-1.0376	0.3052	0.8130	-11.6235	-140.7843	44.6000	-232	-230	157	100765	0.47 
326.439	0.2090	0.0229	0.9814	-0.4883	-2.3193	-0.3662	0.8075	-11.7004	-140.3229	44.6100	-229	-227	157	100765	0.47 
326.549	0.1880	0.0132	0.9868	-0.3662	-3.2959	-0.7324	0.7251	-11.8048	-139.8779	44.6100	-233	-230	156	100765	0.47 
326.610	0.2061	0.0010	0.9746	0.3052	-3.4180	0.1831	0.7086	-12.0520	-139.4330	44.6000	-233	-226	159	100765	0.47 
326.793	0.2095	0.0200	0.9766	0.6104	-2.6855	0.5493	0.7690	-12.3376	-138.9276	44.6100	-235	-229	160	100765	0.47 
327.011	0.2114	0.0142	0.9800	0.1221	-1.2817	-0.6714	0.8020	-12.5354	-138.5376	44.6100	-235	-227	164	100765	0.47 
327.186	0.2100	0.0137	0.9800	0.0000	-0.4272	0.3662	0.8185	-12.6398	-138.1531	44.6100	-233	-229	162	100765	0.47 
327.190	0.2036	0.0249	0.9814	-0.8545	-1.2207	-0.6714	0.8130	-12.6288	-137.7411	44.6300	-235	-226	160	100765	0.47 
327.250	0.2080	0.0264	0.9834	-0.4883	-1.2817	-1.0376	0.9064	-12.5684	-137.8015	44.6200	-233	-230	159	100765	0.47 
327.261	0.2075	0.0210	0.9775	-1.2207	-0.6714	1.1597	0.8075	-12.6123	-137.4609	44.6300	-232	-227	163	100765	0.47 
327.361	0.2134	0.0029	0.9780	-1.4038	0.6104	0.0610	0.6592	-12.6398	-137.0160	44.6300	-231	-230	163	100765	0.47 
327.421	0.2061	0.0098	0.9761	-0.4883	-0.7324	0.6714	0.5548	-12.6508	-136.6589	44.6300	-232	-228	161	100765	0.47 
327.577	0.2188	0.0112	0.9814	0.5493	-0.7324	0.7324	0.5273	-12.6453	-136.3129	44.6300	-231	-229	156	100765	0.47 
327.638	0.2178	0.0107	0.9771	0.2441	-0.0610	-0.2441	0.5933	-12.7057	-136.0437	44.6200	-233	-229	164	100765	0.47 
327.789	0.2148	0.0142	0.9775	0.0610	0.3052	-0.0610	0.6042	-12.6892	-135.8075	44.6300	-234	-229	163	100765	0.47 
327.849	0.2041	0.0117	0.9854	0.1221	0.0000	0.3662	0.6097	-12.6782	-135.5823	44.6400	-233	-230	160	100765	0.47 
328.019	0.2129	0.0103	0.9844	0.1831	-2.0142	0.4272	0.6042	-12.7112	-135.3406	44.6400	-233	-229	157	100765	0.47 
328.084	0.2139	0.0088	0.9849	0.1221	-0.0610	0.2441	0.6097	-12.7771	-135.1044	44.6500	-234	-228	161	100766	0.47 
328.190	0.2134	0.0156	0.9800	-0.1221	-0.3662	0.1831	0.6207	-12.7881	-134.8737	44.6400	-235	-227	159	100766	0.47 
328.264	0.2168	0.0146	0.9795	0.0610	-0.9155	0.0000	0.6262	-12.8485	-134.6594	44.6600	-235	-229	163	100765	0.47 
328.420	0.2095	0.0112	0.9829	0.0000	-0.6104	0.5493	0.6482	-12.8595	-134.4177	44.6500	-235	-228	163	100765	0.47 
328.491	0.2183	0.0156	0.9785	-0.1831	0.0000	0.0000	0.6482	-12.8650	-134.2310	44.6600	-232	-225	163	100765	0.47 
328.594	0.2202	0.0146	0.9736	-0.6104	-1.0376	0.0000	0.6372	-12.8760	-134.0717	44.6800	-234	-228	163	100766	0.47 
328.677	0.2271	0.0195	0.9805	-3.2349	3.2349	-1.5259	0.4999	-12.7277	-133.8409	44.6600	-232	-227	164	100766	0.47 
328.832	0.1914	0.0176	0.9629	1.4648	16.2964	1.6479	0.3571	-11.4203	-133.8135	44.6600	-236	-230	161	100766	0.47 
328.898	0.2437	0.0322	0.9482	2.9907	35.1563	-4.3335	0.7635	-9.2999	-133.9728	44.6800	-228	-230	159	100766	0.47 
328.996	0.2017	0.0996	0.8896	2.8076	80.4443	-29.6631	1.1151	-4.3176	-135.9283	44.6800	-219	-234	147	100766	0.47 
329.101	0.0313	0.0190	0.8770	3.6621	103.2104	8.9722	1.7743	4.2902	-136.4832	44.6800	-197	-241	130	100766	0.47 
329.291	-0.2456	0.1157	0.8955	-8.7280	133.7280	7.9346	1.7523	16.0895	-135.8514	44.6800	-169	-241	117	100766	0.47 
329.361	-0.7715	-0.0732	1.0879	-1.1597	155.0293	-35.7666	0.8569	30.4816	-137.0654	44.6800	-126	-239	106	100767	0.47 
329.632	-1.1636	-0.2417	1.0552	1.3428	60.0586	0.9155	0.9723	41.6986	-140.3009	44.6900	-78	-243	107	100766	0.47 
329.635	-1.2412	-0.1113	1.1528	-7.6904	-8.2397	-12.3291	0.0000	42.9346	-144.4537	44.6700	-55	-246	109	100767	0.47 
329.686	-0.6367	-0.0234	0.6792	10.7422	-63.2935	-10.1318	0.6921	38.0292	-147.1234	44.6500	-57	-251	106	100766	0.47 
329.848	-0.4189	0.0840	0.6538	14.7705	-75.8667	-0.3662	2.3950	32.1405	-149.4690	44.6500	-70	-258	109	100766	0.47 
330.090	-0.4160	0.1006	0.4829	0.1831	-63.1104	21.8506	3.4662	25.7025	-150.2545	44.6300	-88	-260	109	100765	0.47 
330.175	-0.3013	0.0107	0.3481	-8.5449	-57.8003	24.7192	4.3726	20.4785	-149.1229	44.6100	-112	-259	109	100765	0.47 
330.294	-0.3779	0.0854	0.8379	6.6528	36.0718	-6.4697	3.9661	19.5612	-149.8975	44.6100	-126	-256	113	100764	0.47 
330.369	-0.4116	-0.0283	0.8296	-6.1035	11.4746	-14.5874	3.6090	22.8076	-151.1774	44.6100	-118	-257	108	100763	0.47 
330.488	-0.4023	0.1982	1.0029	3.1738	-8.8501	-14.6484	3.5651	23.4778	-153.3911	44.6000	-116	-254	111	100763	0.47 
330.567	-0.4111	0.0864	0.8745	0.0610	9.5215	2.6855	3.6859	23.3185	-154.3140	44.5900	-116	-257	110	100762	0.47 
330.568	-0.4341	0.0220	0.8350	2.8076	4.0283	7.0190	3.9111	23.9392	-154.4952	44.5900	-110	-258	114	100762	0.47 
330.689	-0.4087	-0.0190	0.8535	4.0894	-2.2583	-2.5635	4.0979	24.0710	-154.9951	44.5900	-111	-260	110	100762	0.47 
330.759	-0.4624	0.1113	0.9258	3.2959	-10.8032	-16.6626	3.9990	24.4940	-157.2363	44.6000	-111	-258	112	100762	0.47 
330.883	-0.4165	0.1113	0.9395	2.5635	-2.7466	3.9673	3.9935	24.0710	-158.5986	44.5900	-110	-260	115	100761	0.47 
330.886	-0.3911	0.0771	0.9009	-3.8452	0.3662	10.8032	4.6088	23.6041	-157.8735	44.6000	-111	-262	114	100762	0.47 
331.063	-0.3857	0.0229	0.9355	-1.8311	-2.6245	8.4229	4.6362	23.2855	-157.1869	44.6000	-112	-262	113	100761	0.47 
331.243	-0.3882	0.0269	0.9136	-0.1221	2.0752	-2.0142	4.4769	23.3350	-157.5439	44.6100	-112	-261	114	100761	0.47 
331.316	-0.3867	0.0757	0.9243	0.0000	0.4272	-0.5493	4.3890	23.5217	-158.3514	44.6000	-114	-261	116	100762	0.47 
331.327	-0.3906	0.1094	0.8447	-2.8687	-0.0610	-10.4370	4.0869	23.6755	-159.3182	44.6000	-114	-259	112	100762	0.47 
331.463	-0.3438	0.0898	0.8452	1.9531	-4.2725	1.7700	4.2627	23.4503	-159.4391	44.6000	-115	-258	112	100762	0.47 
331.534	-0.3940	0.0771	0.9287	0.5493	-4.5776	1.0376	4.2517	23.2581	-159.8016	44.6100	-115	-256	113	100761	0.47 
331.639	-0.3657	0.0337	0.8940	-1.5259	1.0376	-0.3052	4.1364	22.9065	-160.0378	44.6000	-113	-259	114	100762	0.47 
331.701	-0.3965	0.0796	0.9097	-0.7324	0.1221	-0.4272	4.1144	23.0768	-160.3015	44.6000	-114	-259	113	100761	0.47 
331.853	-0.3916	0.0581	0.9277	0.0000	0.1831	-3.4790	3.9166	22.9669	-160.8289	44.6200	-114	-258	113	100762	0.47 
331.920	-0.3857	0.0596	0.9175	0.5493	-3.6621	-2.9907	3.7793	22.7582	-161.5100	44.6100	-113	-257	111	100762	0.47 
332.064	-0.3716	0.0591	0.9175	-1.2817	-0.4272	-2.0142	3.6969	22.5220	-161.9659	44.6200	-112	-256	112	100762	0.47 
332.136	-0.3911	0.0571	0.9272	-0.9766	-0.9155	1.7090	3.6035	22.4561	-162.2296	44.6200	-112	-262	114	100762	0.47 
332.236	-0.3735	0.0513	0.9268	-0.3052	-1.8311	2.0142	3.6584	22.2528	-162.2021	44.6100	-113	-259	113	100762	0.47 
332.300	-0.3843	0.0674	0.9258	-1.0376	-1.7700	2.4414	3.7079	22.0496	-162.2186	44.6100	-113	-261	115	100762	0.47 
332.496	-0.3677	0.0522	0.9028	-2.5024	-4.0894	4.4556	3.6804	21.7694	-162.0044	44.6300	-114	-256	107	100762	0.47 
332.562	-0.3667	0.0542	0.9116	-0.4883	-1.1597	4.0894	3.7079	21.5662	-161.6803	44.6400	-120	-255	108	100762	0.47 
332.658	-0.3594	0.0566	0.9155	-0.6714	-1.7090	-0.3052	3.6694	21.4288	-161.7242	44.6400	-119	-257	113	100762	0.47 
332.719	-0.3677	0.0679	0.9326	-1.0376	-0.6714	0.6104	3.5596	21.3959	-161.8890	44.6500	-121	-257	111	100762	0.47 
332.896	-0.3564	0.0493	0.9321	-1.0986	-3.5400	-1.5869	3.4113	21.1816	-162.0264	44.6300	-120	-253	112	100762	0.47 
333.039	-0.3540	0.0596	0.9292	0.0610	-0.6104	0.1831	3.3344	20.9839	-162.2186	44.6600	-123	-256	110	100762	0.47 
333.090	-0.3784	0.0688	0.9409	-0.6104	-2.1362	3.3569	3.3673	20.9344	-162.1582	44.6400	-122	-254	110	100762	0.47 
333.119	-0.3413	0.0435	0.9209	-1.0376	-4.2114	1.8921	3.3728	20.5280	-161.8341	44.6500	-119	-257	112	100762	0.47 
333.310	-0.3457	0.0391	0.9248	-0.3662	-2.4414	-2.4414	3.2520	20.1874	-161.9385	44.6600	-124	-254	109	100762	0.47 
333.373	-0.3555	0.0552	0.9375	-0.1831	-3.2349	-1.8921	3.1476	20.0391	-162.2406	44.6400	-125	-257	109	100762	0.47 
333.465	-0.3457	0.0469	0.9395	0.0000	-3.9063	-0.1831	3.0762	19.7809	-162.4054	44.6600	-123	-255	110	100763	0.47 
333.528	-0.3281	0.0391	0.9375	2.5635	-2.3804	-2.1362	3.1091	19.4733	-162.5317	44.6600	-126	-259	110	100762	0.47 
333.737	-0.3438	0.0674	0.9487	1.1597	-0.8545	-1.8921	3.2355	19.2975	-162.7350	44.6800	-126	-258	109	100762	0.47 
333.899	-0.3281	0.0527	0.9497	-0.9766	-1.7700	1.7700	3.2684	19.1052	-162.6251	44.6800	-123	-260	111	100762	0.47 
333.957	-0.3208	0.0454	0.9468	-0.4883	-3.1128	2.5024	3.2080	18.7976	-162.3944	44.6700	-123	-258	112	100762	0.47 
333.969	-0.3247	0.0591	0.9492	-0.3052	-4.2114	1.4648	3.2080	18.5010	-162.2406	44.6900	-125	-255	111	100762	0.47 
334.113	-0.3169	0.0620	0.9434	-0.9155	-4.0283	2.5024	3.2684	18.0560	-161.9604	44.6900	-128	-258	111	100762	0.47 
334.187	-0.3057	0.0640	0.9629	-1.2817	-1.0376	4.1504	3.2849	17.8363	-161.5594	44.6800	-131	-253	115	100762	0.47 
334.343	-0.2808	0.0527	0.9458	-0.9766	-0.6714	1.5869	3.2849	17.5671	-161.1255	44.6900	-130	-256	114	100762	0.47 
334.422	-0.3047	0.0542	0.9536	0.5493	-1.2817	0.6104	3.2465	17.4628	-160.9607	44.7100	-132	-255	111	100763	0.47 
334.742	-0.3086	0.0669	0.9536	-1.2817	-1.8311	5.5542	3.3289	17.2540	-160.6750	44.7100	-133	-255	111	100762	0.47 
334.746	-0.3008	0.0645	0.9526	-1.0376	-2.9907	7.1411	3.4991	16.9464	-159.7797	44.7100	-137	-252	113	100762	0.47 
334.821	-0.2847	0.0742	0.9546	-0.6714	-3.8452	7.5073	3.6420	16.4795	-159.0271	44.7100	-138	-252	113	100762	0.47 
334.898	-0.2681	0.0479	0.9580	-0.9766	-3.2959	1.8311	3.6804	16.1389	-158.4778	44.7300	-140	-251	111	100762	0.47 
334.951	-0.2661	0.0356	0.9604	1.4648	-3.6011	-9.0942	3.5046	15.7819	-158.7524	44.7100	-141	-253	112	100762	0.47 
334.973	-0.2603	0.0337	0.9604	4.5166	-6.6528	-20.0806	3.3014	15.3754	-160.1862	44.7200	-142	-254	113	100763	0.47 
335.108	-0.2534	0.0444	0.9492	6.2866	-4.2114	-28.5034	3.1146	14.9084	-162.5647	44.7300	-137	-256	116	100762	0.47 
335.187	-0.2646	0.0693	0.9473	5.6152	-4.5776	-25.3296	3.0322	14.6887	-165.1190	44.7100	-129	-262	118	100763	0.47 
335.329	-0.2729	0.0850	0.9507	2.1973	-0.7324	-18.9209	2.8674	14.7876	-167.1405	44.7300	-126	-266	120	100763	0.47 
335.398	-0.2729	0.0859	0.9575	-2.5024	3.8452	1.0376	2.8400	15.1062	-167.5854	44.7300	-121	-268	118	100763	0.47 
335.487