StartTime: 2017-07-21 14:44:36.915
Time(s)	ChipTime	ax(g)	ay(g)	az(g)	wx(deg/s)	wy(deg/s)	wz(deg/s)	AngleX(deg)	AngleY(deg)	AngleZ(deg)	T(°)	hx	hy	hz	Pressure(Pa)	Altitude(m) 
8.314	2015-01-01 00:02:15.000	-0.1875	0.0801	0.9995	-1.0986	2.0752	-2.6245	2.8345	14.5020	27.5757	49.8400	436	435	-224	100818	0.42 
8.314	2015-01-01 00:02:15.040	-0.1855	0.0771	1.0010	-0.3662	2.4414	-2.5024	2.8290	14.4965	27.8064	49.8400	435	436	-224	100819	0.42 
8.360	2015-01-01 00:02:15.080	-0.1875	0.0747	1.0068	-0.7324	2.7466	-3.1128	2.8235	14.5184	28.0151	49.7500	442	435	-225	100818	0.42 
8.391	2015-01-01 00:02:15.120	-0.1870	0.0845	0.9990	-1.0376	2.9297	-2.1973	2.8180	14.5404	28.2404	49.8900	443	432	-223	100819	0.42 
8.438	2015-01-01 00:02:15.160	-0.1855	0.0986	1.0088	-1.4648	3.7231	-0.9155	2.8235	14.6063	28.4930	49.8900	443	433	-225	100818	0.42 
8.501	2015-01-01 00:02:15.200	-0.1895	0.1021	0.9976	-0.9766	3.4180	1.0986	2.8619	14.6393	28.8336	50.0400	444	433	-226	100818	0.42 
8.532	2015-01-01 00:02:15.240	-0.1904	0.0991	0.9897	-1.5869	5.2490	2.3804	2.9114	14.7107	29.2072	50.0400	445	433	-227	100818	0.42 
8.563	2015-01-01 00:02:15.280	-0.1885	0.0576	1.0200	0.4272	5.7983	1.0376	2.9608	14.8425	29.6136	49.9900	444	433	-226	100818	0.42 
8.610	2015-01-01 00:02:15.320	-0.1938	0.0693	1.0024	-0.6104	2.1362	-4.7607	2.9718	14.8975	29.8169	49.8400	442	432	-224	100819	0.42 
8.673	2015-01-01 00:02:15.360	-0.1914	0.0688	1.0005	-2.2583	0.5493	-7.6904	2.8674	14.8755	29.8334	50.0400	442	432	-224	100818	0.42 
8.705	2015-01-01 00:02:15.400	-0.1812	0.1001	0.9990	-2.2583	-2.1362	-8.9111	2.7411	14.7656	29.7784	49.7500	442	432	-225	100818	0.42 
8.736	2015-01-01 00:02:15.440	-0.1729	0.0918	1.0020	-2.0142	0.1831	-8.9111	2.6422	14.6228	29.6906	49.8900	443	434	-226	100818	0.42 
8.767	2015-01-01 00:02:15.480	-0.1870	0.0996	1.0000	-1.7090	1.2207	-8.6670	2.5433	14.5844	29.6191	49.8400	443	436	-227	100818	0.42 
8.813	2015-01-01 00:02:15.520	-0.1768	0.0884	0.9844	-0.6714	2.6855	-10.9863	2.4774	14.5624	29.4928	49.8900	439	435	-225	100818	0.42 
8.845	2015-01-01 00:02:15.560	-0.1938	0.0874	0.9927	-2.0752	4.3335	-14.6484	2.3730	14.6613	29.2621	50.0400	440	435	-224	100818	0.42 
8.907	2015-01-01 00:02:15.600	-0.2109	0.0991	0.9893	-2.1973	4.0283	-15.5029	2.2028	14.7711	28.9160	49.6500	440	434	-224	100818	0.42 
8.938	2015-01-01 00:02:15.640	-0.2446	0.1099	0.9941	-2.5635	5.7373	-12.3291	2.0764	14.9689	28.6359	49.9900	440	433	-224	100818	0.42 
8.970	2015-01-01 00:02:15.680	-0.2788	0.0815	0.9590	-2.5635	5.1270	-12.0850	1.9281	15.2216	28.4216	50.0400	440	434	-226	100818	0.42 
9.017	2015-01-01 00:02:15.720	-0.2261	-0.0190	0.9395	-2.4414	-0.0610	-21.4844	1.6754	15.3369	28.0371	49.8900	439	436	-226	100818	0.42 
9.048	2015-01-01 00:02:15.760	-0.1499	-0.0322	1.0879	-5.5542	2.4414	-23.8647	1.1426	15.2380	27.3505	50.0400	437	436	-226	100818	0.42 
9.111	2015-01-01 00:02:15.800	-0.0986	0.0879	1.0566	-3.8452	-11.6577	-28.3203	0.7361	14.9030	26.6968	50.0400	439	439	-224	100818	0.42 
9.157	2015-01-01 00:02:15.840	0.0532	0.1230	1.0620	-7.5073	9.3384	-1.8921	0.5328	14.3921	26.4771	49.6500	441	441	-224	100818	0.42 
9.188	2015-01-01 00:02:15.880	-0.0527	0.1499	0.9688	-11.4746	23.6816	7.5684	0.4669	14.8810	27.1307	49.7500	439	441	-225	100818	0.42 
9.220	2015-01-01 00:02:15.920	-0.0806	0.0410	0.9004	-15.9912	26.0010	6.8359	0.1483	15.6226	27.8119	49.8400	434	442	-221	100818	0.42 
9.282	2015-01-01 00:02:15.960	-0.0981	-0.0552	0.9980	-16.1743	34.6069	7.7515	-0.4340	16.6278	28.5040	49.8900	437	442	-219	100818	0.42 
9.314	2015-01-01 00:02:16.000	-0.1621	-0.0615	1.0859	-12.1460	25.9399	1.7700	-0.9668	17.6385	29.0259	49.8400	440	443	-215	100818	0.42 
9.345	2015-01-01 00:02:16.040	-0.1680	-0.0649	1.0806	-9.9487	1.7090	-0.9155	-1.4282	17.9242	29.3555	49.8900	442	443	-214	100818	0.42 
9.376	2015-01-01 00:02:16.080	-0.0752	-0.0547	0.9434	-6.5308	-4.3335	-5.9204	-1.8127	17.4792	29.5752	50.1800	443	443	-213	100818	0.42 
9.423	2015-01-01 00:02:16.120	-0.0786	-0.0420	0.9839	-1.2817	8.0566	-5.1270	-1.9995	17.2760	29.7235	49.9900	444	443	-213	100818	0.42 
9.485	2015-01-01 00:02:16.160	-0.1699	-0.0405	1.0615	2.7466	1.6479	-7.7515	-2.0105	17.2705	29.7675	49.9900	446	441	-214	100818	0.42 
9.517	2015-01-01 00:02:16.200	-0.1602	-0.0073	1.0762	-1.1597	-1.9531	-6.1646	-2.0270	16.9629	29.7455	49.8900	446	445	-214	100818	0.42 
9.563	2015-01-01 00:02:16.240	-0.2109	-0.0049	1.1392	-2.8687	5.9204	7.0801	-2.0490	16.9629	30.1245	49.8900	443	442	-213	100818	0.42 
9.595	2015-01-01 00:02:16.280	-0.1948	-0.2051	1.4541	2.1973	5.9814	11.3525	-1.9720	16.9189	30.8221	49.8900	444	441	-213	100818	0.42 
9.642	2015-01-01 00:02:16.320	-0.2412	0.0508	1.5361	4.4556	-0.1221	7.0190	-1.6919	16.9684	31.4429	49.8900	445	441	-215	100818	0.42 
9.720	2015-01-01 00:02:16.360	-0.2793	0.0728	1.1812	13.6719	11.9629	15.3198	-1.1096	16.8915	32.1570	49.8900	448	439	-214	100818	0.42 
9.751	2015-01-01 00:02:16.400	-0.3857	0.0659	0.9658	22.4609	44.3726	32.1655	0.0659	18.2922	33.3270	49.9900	451	438	-212	100818	0.42 
9.782	2015-01-01 00:02:16.440	-0.5649	0.1523	0.7793	9.7656	4.0894	37.9028	1.4172	19.4348	34.9146	49.8900	457	434	-214	100818	0.42 
9.798	2015-01-01 00:02:16.480	-0.3672	0.1523	0.9072	13.9771	-3.4790	19.8364	2.4500	19.5227	36.0956	49.8900	462	434	-221	100818	0.42 
9.845	2015-01-01 00:02:16.520	-0.2334	0.0303	0.8433	11.8408	-4.3335	12.3291	3.3014	19.2755	36.8811	50.0400	465	434	-224	100818	0.42 
9.892	2015-01-01 00:02:16.560	-0.2363	-0.0073	0.8262	5.7373	8.4229	-4.5166	3.5541	19.2645	37.0844	49.7000	466	434	-226	100817	0.42 
9.923	2015-01-01 00:02:16.600	-0.2598	0.1963	0.7510	5.6763	4.8828	0.9766	3.8507	19.5831	37.0514	49.6500	466	431	-223	100817	0.42 
9.970	2015-01-01 00:02:16.640	-0.2358	0.1602	0.6216	10.9253	4.6387	12.9395	4.6143	19.6710	37.4963	49.7500	470	428	-225	100817	0.42 
10.017	2015-01-01 00:02:16.680	-0.1812	0.0703	0.8159	9.8877	6.5918	12.2681	5.3284	19.8523	38.2324	49.8900	471	424	-222	100817	0.42 
10.064	2015-01-01 00:02:16.720	-0.1528	0.1250	0.8613	3.3569	3.6011	3.9063	5.7294	19.7754	38.6774	49.8400	478	422	-225	100817	0.42 
10.126	2015-01-01 00:02:16.760	-0.1353	0.2021	0.7896	-1.8921	6.6528	4.0283	5.9381	19.6600	39.0344	49.8400	480	421	-226	100817	0.42 
10.189	2015-01-01 00:02:16.800	-0.2773	0.2070	0.9468	0.0610	29.2358	6.9580	6.2512	20.2643	39.4354	49.8900	482	421	-226	100817	0.42 
10.189	2015-01-01 00:02:16.840	-0.2642	0.2437	1.3101	-8.6060	2.7466	14.4043	6.3940	20.8246	40.1385	49.8900	480	417	-225	100817	0.42 
10.220	2015-01-01 00:02:16.880	-0.2363	0.2251	1.1777	-10.6812	-8.2397	7.9346	6.2787	20.2478	40.7648	49.9900	483	413	-222	100817	0.42 
10.267	2015-01-01 00:02:16.920	-0.4487	0.1650	1.4058	-5.0049	34.7290	-0.4272	6.0040	20.5170	40.9900	49.7500	482	417	-224	100817	0.42 
10.298	2015-01-01 00:02:16.960	-0.6255	0.0972	1.6216	-8.9111	-8.6670	-12.3901	5.6470	21.0938	40.6549	49.9900	482	420	-225	100816	0.42 
10.345	2015-01-01 00:02:17.000	-0.4297	0.2319	0.9897	-12.3291	-10.0098	-30.9448	4.8889	20.7202	39.6936	49.9900	482	421	-225	100817	0.42 
10.376	2015-01-01 00:02:17.040	-0.3999	0.0156	0.5381	-3.0518	12.6343	-36.2549	4.2462	21.1542	38.0676	49.8900	480	421	-224	100816	0.42 
10.424	2015-01-01 00:02:17.080	-0.4043	-0.1719	1.0166	-11.2915	7.0190	-40.2222	3.1256	22.0056	36.4856	49.8900	479	422	-223	100816	0.42 
10.501	2015-01-01 00:02:17.120	-0.3252	-0.0176	1.0889	-9.9487	-12.5732	-32.8979	1.8787	21.6650	35.0793	49.8900	479	421	-222	100816	0.42 
10.549	2015-01-01 00:02:17.160	-0.2856	0.1494	0.8564	-7.6294	-5.5542	-24.5972	1.2415	21.2256	34.0686	49.8400	477	427	-225	100816	0.42 
10.549	2015-01-01 00:02:17.200	-0.2290	0.0352	0.6172	-5.7983	-0.5493	-17.8223	0.8240	21.1322	33.3765	49.7000	475	428	-226	100816	0.42 
10.579	2015-01-01 00:02:17.240	-0.1924	-0.0298	0.6318	-3.8452	12.2681	-16.6016	0.3406	21.3245	32.8326	49.5600	474	430	-226	100816	0.42 
10.626	2015-01-01 00:02:17.280	-0.2363	-0.0122	0.7070	-1.5869	11.4136	-11.9019	-0.0385	21.7694	32.4646	49.8400	473	432	-225	100816	0.42 
10.673	2015-01-01 00:02:17.320	-0.2378	-0.0210	0.7783	-4.3335	6.5308	-6.3477	-0.3131	21.9781	32.2064	49.7000	471	433	-225	100815	0.42 
10.736	2015-01-01 00:02:17.360	-0.2847	0.0776	1.0220	-5.9204	7.7515	14.0381	-0.3790	22.1265	32.7502	49.9900	471	433	-225	100815	0.42 
10.767	2015-01-01 00:02:17.400	-0.3096	-0.0366	1.0581	-10.3760	-8.6060	4.0283	-0.4340	21.9452	33.3875	49.9900	475	433	-221	100815	0.42 
10.799	2015-01-01 00:02:17.440	-0.2207	-0.1934	1.1699	-12.2070	-17.1509	-9.0332	-1.1646	21.1432	33.4314	49.8400	477	433	-219	100815	0.43 
10.861	2015-01-01 00:02:17.480	-0.2432	0.0239	1.4722	-5.5542	-15.6250	12.2070	-1.5656	20.2148	33.7665	49.8400	478	433	-218	100815	0.43 
10.907	2015-01-01 00:02:17.520	-0.3257	-0.0874	1.4604	12.9395	-6.4697	24.8413	-0.8844	19.5886	34.9805	49.9900	478	433	-219	100815	0.42 
10.939	2015-01-01 00:02:17.560	-0.4067	-0.0879	1.2593	13.7329	1.0376	6.2866	-0.2307	19.4897	35.8484	49.7000	476	430	-224	100815	0.43 
10.971	2015-01-01 00:02:17.600	-0.4531	0.2852	0.6470	9.3994	-7.2632	11.8408	0.4834	19.4403	36.1176	49.8400	475	430	-226	100815	0.43 
11.002	2015-01-01 00:02:17.640	-0.5000	0.1592	0.6914	6.4697	5.0659	28.8086	1.6754	19.8138	37.0679	49.6500	475	425	-233	100814	0.43 
11.033	2015-01-01 00:02:17.680	-0.3589	0.0845	0.9697	7.1411	4.7607	9.5825	2.3126	20.1544	37.8424	49.8400	479	422	-235	100814	0.43 
11.111	2015-01-01 00:02:17.720	-0.3105	0.0693	0.8877	6.5308	-12.5732	8.3618	2.7466	19.9402	38.2874	49.7500	480	421	-235	100814	0.43 
11.142	2015-01-01 00:02:17.760	-0.1782	0.0366	0.7134	14.2822	-16.9067	0.0000	3.2245	19.1547	38.5236	49.8400	481	420	-235	100814	0.43 
11.174	2015-01-01 00:02:17.800	-0.1187	0.0728	0.5757	10.4980	8.6670	-13.4277	3.6530	18.8635	38.3588	50.0400	481	422	-238	100814	0.43 
11.205	2015-01-01 00:02:17.840	-0.2334	0.0767	0.7500	10.4370	22.8882	-16.3574	3.8837	19.5831	37.7765	49.8400	476	422	-243	100813	0.43 
11.267	2015-01-01 00:02:17.880	-0.2729	0.0640	1.0356	19.2871	15.3198	-13.9160	4.3341	20.2972	37.3865	49.7000	475	421	-243	100813	0.43 
11.314	2015-01-01 00:02:17.920	-0.1992	0.1772	0.9507	19.2261	0.4883	-13.4277	4.9933	20.4071	36.9635	49.8400	478	420	-245	100813	0.43 
11.345	2015-01-01 00:02:17.960	-0.1343	0.2476	0.7886	18.9819	10.4980	-7.0801	5.8557	20.4346	36.7108	49.7500	476	420	-245	100813	0.43 
11.376	2015-01-01 00:02:18.000	-0.0806	0.2134	0.9746	17.4561	11.5356	3.1128	6.8500	20.6927	36.9525	49.7000	475	420	-245	100813	0.43 
11.408	2015-01-01 00:02:18.040	-0.0845	0.1826	1.0215	10.0098	-1.8921	0.9155	7.5366	20.3851	37.3041	49.8900	475	420	-245	100812	0.43 
11.471	2015-01-01 00:02:18.080	-0.1655	0.1221	1.1133	7.2021	7.6904	-15.3809	7.7509	20.2753	37.1283	49.7500	475	420	-245	100813	0.43 
11.517	2015-01-01 00:02:18.120	-0.3208	0.2280	1.3315	11.0474	2.7466	0.3662	8.0200	20.3357	37.0239	49.8900	477	417	-249	100812	0.43 
11.549	2015-01-01 00:02:18.160	-0.4888	0.5405	1.5977	1.8921	10.3760	0.4883	8.5254	20.3247	37.3535	49.7500	479	415	-252	100812	0.43 
11.580	2015-01-01 00:02:18.200	-0.4609	0.1436	1.4390	-20.7520	-12.8174	-28.0151	8.0145	20.1984	36.8701	49.7000	480	414	-253	100812	0.43 
11.611	2015-01-01 00:02:18.240	-0.3848	0.0522	0.8633	-22.2778	-5.8594	-37.3535	6.3501	19.9237	35.4199	49.8900	476	414	-254	100812	0.43 
11.674	2015-01-01 00:02:18.280	-0.4458	0.2168	0.5996	-4.5166	1.6479	-26.0010	5.6030	20.3192	34.0192	49.7500	474	418	-254	100812	0.43 
11.736	2015-01-01 00:02:18.320	-0.3765	-0.0034	0.9131	-8.3008	-6.1646	-20.8130	5.1801	20.5444	33.1952	49.8400	470	423	-253	100812	0.43 
11.751	2015-01-01 00:02:18.360	-0.2813	-0.0786	0.9346	-14.9536	-0.3052	-26.1230	4.0594	20.4126	32.2998	49.6500	468	426	-255	100812	0.43 
11.783	2015-01-01 00:02:18.400	-0.2832	0.0869	0.8062	-15.3809	1.5869	-22.3999	3.0322	20.3796	31.4703	49.7500	463	428	-256	100812	0.43 
11.829	2015-01-01 00:02:18.440	-0.2490	0.1377	0.6890	-10.8643	6.4697	-19.2871	2.4225	20.6104	30.8002	49.8900	462	433	-257	100812	0.43 
11.876	2015-01-01 00:02:18.480	-0.2412	-0.0190	0.7324	-10.8643	9.2773	-20.2637	1.7963	20.9235	30.2234	49.8900	460	438	-258	100812	0.43 
11.923	2015-01-01 00:02:18.520	-0.2974	-0.1011	0.8291	-15.7471	-0.6714	-27.7710	0.7196	21.0333	29.3939	49.7000	459	439	-258	100812	0.43 
11.955	2015-01-01 00:02:18.560	-0.2495	-0.0166	0.9268	-12.3291	-10.9253	-23.1934	-0.3406	20.7147	28.5864	49.7000	459	440	-258	100812	0.43 
12.018	2015-01-01 00:02:18.600	-0.2715	-0.0059	0.9092	-1.9531	-19.8975	-27.7710	-0.9119	19.8798	27.8339	49.7500	458	441	-259	100812	0.43 
12.049	2015-01-01 00:02:18.640	-0.2412	-0.0493	1.1436	-5.6152	-23.2544	-22.9492	-1.4008	18.8855	27.0264	50.0400	449	445	-257	100812	0.43 
12.080	2015-01-01 00:02:18.680	-0.1636	0.1504	1.3467	5.4321	-31.3110	-2.5635	-1.5161	17.5122	26.9769	49.8900	445	450	-258	100811	0.43 
12.126	2015-01-01 00:02:18.720	-0.0732	-0.0010	1.2290	12.9395	-5.3711	17.4561	-0.7471	16.3806	27.7020	49.7000	437	448	-260	100811	0.43 
12.158	2015-01-01 00:02:18.760	-0.3101	-0.2178	1.2686	6.4697	18.5547	13.1226	-0.3571	16.5179	28.7842	49.8900	431	447	-259	100811	0.43 
12.221	2015-01-01 00:02:18.800	-0.5298	0.1450	1.3394	20.3857	18.3716	5.5542	0.2582	17.5616	29.2621	49.7500	428	447	-259	100811	0.43 
12.252	2015-01-01 00:02:18.840	-0.4478	0.2671	0.8125	13.3667	-13.7329	29.2358	1.5051	17.7704	30.0092	49.7000	427	447	-259	100811	0.43 
12.283	2015-01-01 00:02:18.880	-0.3652	0.0610	0.5630	4.0283	-3.0518	34.9121	2.4554	17.5067	31.5198	49.8900	433	442	-263	100811	0.43 
12.329	2015-01-01 00:02:18.920	-0.2646	0.2188	0.8032	15.0146	29.7852	30.6396	3.4277	18.3307	32.8656	49.8900	436	441	-265	100811	0.43 
12.361	2015-01-01 00:02:18.960	-0.2695	0.2026	1.0449	12.4512	15.4419	24.7192	4.7021	19.1602	34.2609	49.8900	442	440	-268	100811	0.43 
12.408	2015-01-01 00:02:19.000	-0.2173	0.0024	0.8345	7.3853	-6.5918	5.2490	5.2625	19.0448	34.9860	49.5600	448	434	-272	100810	0.43 
12.439	2015-01-01 00:02:19.040	-0.1514	-0.0283	0.5190	9.2773	7.0190	-9.8877	5.3064	18.9130	34.8981	49.7000	451	430	-273	100810	0.43 
12.486	2015-01-01 00:02:19.080	-0.1914	0.1289	0.7080	7.9346	27.3438	-1.4038	5.5756	19.6875	34.8102	49.5600	453	429	-274	100810	0.43 
12.533	2015-01-01 00:02:19.120	-0.2422	0.2197	1.0449	5.6152	17.6392	10.3149	6.1084	20.4291	35.3375	49.6500	453	436	-273	100810	0.43 
12.595	2015-01-01 00:02:19.160	-0.2236	0.2075	1.0254	-0.7324	-3.3569	5.3711	6.4929	20.5005	35.7770	49.8900	454	434	-273	100810	0.43 
12.611	2015-01-01 00:02:19.200	-0.1191	0.2383	0.8564	-9.1553	-13.2446	6.0425	6.4929	19.8303	36.1011	49.5600	453	435	-273	100810	0.43 
12.642	2015-01-01 00:02:19.240	-0.0874	0.2129	0.8311	-8.4229	14.0381	14.3433	6.5149	19.5007	36.6504	50.0400	455	435	-274	100810	0.43 
12.689	2015-01-01 00:02:19.280	-0.1772	0.2017	0.9810	-8.2397	17.8223	24.2310	6.6852	19.8743	37.7655	49.8400	456	436	-276	100810	0.43 
12.767	2015-01-01 00:02:19.320	-0.1943	0.1255	1.0859	-13.3057	0.4883	13.5498	6.5808	19.9347	38.6884	49.6500	458	439	-274	100810	0.43 
12.783	2015-01-01 00:02:19.360	-0.1504	0.1479	1.0308	-9.7656	-2.9297	2.2583	6.2128	19.4568	39.0234	49.8400	461	437	-276	100809	0.43 
12.814	2015-01-01 00:02:19.400	-0.2803	0.1929	1.2109	-2.3804	18.6768	-3.7842	6.0535	19.5941	38.9850	49.7500	462	438	-273	100810	0.43 
12.861	2015-01-01 00:02:19.440	-0.4897	0.4165	1.8345	-0.1221	7.3242	4.4556	6.2897	20.3467	39.1608	49.7500	463	440	-277	100809	0.43 
12.892	2015-01-01 00:02:19.480	-0.4082	0.1958	1.6172	-2.8076	-22.2778	4.0894	6.4764	19.7589	39.4958	49.7500	463	441	-279	100809	0.43 
12.970	2015-01-01 00:02:19.520	-0.3188	0.0171	0.9399	-9.3384	18.6157	-27.1606	5.9161	19.5612	39.0015	49.7000	463	441	-280	100809	0.43 
13.002	2015-01-01 00:02:19.560	-0.4268	0.0376	0.6465	-11.7188	43.3350	-39.7949	4.9274	21.3794	37.3810	50.0400	463	445	-275	100809	0.43 
13.033	2015-01-01 00:02:19.600	-0.4497	0.1235	0.9805	-18.5547	-0.7324	-17.2119	3.9606	22.5110	36.0571	49.8400	463	447	-273	100809	0.43 
13.064	2015-01-01 00:02:19.640	-0.1973	0.0469	0.8315	-16.0522	-28.1372	-2.6245	3.1586	21.5332	35.8044	49.8900	463	449	-270	100809	0.43 
13.095	2015-01-01 00:02:19.680	-0.0786	0.1191	0.6333	-19.0430	-8.3008	1.6479	2.5433	20.5280	35.9033	49.7500	465	451	-267	100808	0.43 
13.174	2015-01-01 00:02:19.720	-0.2266	0.1113	0.5859	-18.1885	1.8311	7.8125	2.0929	20.3687	36.2439	49.7500	466	452	-266	100809	0.43 
13.205	2015-01-01 00:02:19.760	-0.2349	-0.0103	0.6396	-14.9536	8.6060	5.2490	1.5930	20.6268	36.5021	49.7000	466	452	-265	100808	0.43 
13.236	2015-01-01 00:02:19.800	-0.2451	-0.0547	0.8467	-12.3291	5.2490	0.4883	0.9888	20.9125	36.6724	49.5600	462	461	-264	100808	0.43 
13.268	2015-01-01 00:02:19.840	-0.2300	0.0166	0.8896	-7.7515	1.1597	9.2163	0.5878	20.8411	36.9470	49.7500	461	462	-261	100808	0.43 
13.345	2015-01-01 00:02:19.880	-0.1460	0.0752	0.9316	1.0986	3.2959	9.3384	0.7196	20.7147	37.4359	49.8400	464	466	-262	100808	0.43 
13.377	2015-01-01 00:02:19.920	-0.1660	0.0024	1.0254	2.8076	0.3662	3.7231	0.9888	20.5280	37.8314	49.7500	464	469	-263	100808	0.43 
13.392	2015-01-01 00:02:19.960	-0.1367	-0.0674	0.9844	3.2349	-10.4370	-6.4697	0.9723	19.9677	37.8534	49.8900	464	470	-264	100808	0.43 
13.439	2015-01-01 00:02:20.000	-0.0835	-0.1055	0.9370	6.9580	-12.1460	-13.7939	0.8954	19.1492	37.4799	49.7000	464	470	-264	100808	0.43 
13.470	2015-01-01 00:02:20.040	-0.1504	0.0190	1.0425	4.9438	-4.5166	-6.2866	0.9064	18.5614	37.1008	49.6500	461	469	-266	100808	0.43 
13.518	2015-01-01 00:02:20.080	-0.1729	0.1519	1.1436	4.9438	-18.7378	19.0430	1.2415	17.8528	37.5238	49.7500	459	470	-265	100808	0.43 
13.596	2015-01-01 00:02:20.120	-0.0469	-0.1313	1.3237	3.1128	-5.1270	17.7612	1.8018	17.0068	38.4961	49.7500	457	470	-267	100808	0.43 
13.627	2015-01-01 00:02:20.160	-0.1655	0.0874	1.3359	-5.6152	-18.4937	11.4136	1.7249	16.0345	39.0564	49.7500	458	472	-265	100808	0.43 
13.658	2015-01-01 00:02:20.200	-0.3745	0.0337	1.1870	9.3384	-7.2021	3.1738	2.0984	15.8038	39.3475	49.7000	454	471	-266	100808	0.43 
13.689	2015-01-01 00:02:20.240	-0.4590	-0.1479	0.7739	12.0850	17.8833	-21.1792	2.2797	16.4575	38.6774	49.8400	454	470	-266	100808	0.43 
13.736	2015-01-01 00:02:20.280	-0.4131	0.1265	0.5283	-7.0190	-3.1738	-17.3340	2.0215	17.1991	37.6172	50.0400	452	470	-267	100808	0.43 
13.783	2015-01-01 00:02:20.320	-0.2432	0.3188	0.7920	0.3052	-1.1597	-20.3857	2.1368	17.2156	36.7273	49.9900	449	471	-266	100808	0.43 
13.815	2015-01-01 00:02:20.360	-0.2432	0.1533	1.1992	4.1504	17.5781	-10.9253	2.3456	17.5342	36.1450	49.8400	446	470	-265	100808	0.43 
13.877	2015-01-01 00:02:20.400	-0.3232	0.0278	1.0039	2.8076	0.3052	-9.0942	2.4115	17.8967	35.8649	49.6500	445	470	-264	100808	0.43 
13.892	2015-01-01 00:02:20.440	-0.1401	0.0327	0.7979	3.6621	-7.9346	-19.1650	2.3346	17.5507	35.2332	49.8400	444	470	-264	100808	0.43 
13.939	2015-01-01 00:02:20.480	-0.1104	0.0991	0.8286	6.1035	11.5967	-19.9585	2.3181	17.4628	34.5465	49.6500	445	469	-267	100808	0.43 
14.018	2015-01-01 00:02:20.520	-0.1406	0.2231	1.0151	2.1362	12.8174	-16.9678	2.4774	17.8473	33.9203	49.5600	444	471	-269	100808	0.43 
14.018	2015-01-01 00:02:20.560	-0.1040	0.2036	0.9185	-0.6714	-1.7700	-15.4419	2.5323	17.8033	33.4259	49.8400	444	474	-268	100808	0.43 
14.080	2015-01-01 00:02:20.600	-0.0620	0.1035	0.9453	-0.4272	-2.4414	-14.4043	2.5049	17.4573	32.9865	49.8400	444	475	-265	100808	0.43 
14.111	2015-01-01 00:02:20.640	-0.1084	0.0864	1.0459	-1.7090	-10.3760	-11.1084	2.4115	16.8475	32.6898	49.8400	444	475	-264	100808	0.43 
14.142	2015-01-01 00:02:20.680	-0.0791	0.1963	1.3711	-4.0283	-20.5688	-25.7568	2.1423	16.0565	32.0471	49.8900	443	476	-264	100808	0.43 
14.189	2015-01-01 00:02:20.720	-0.0254	0.1211	1.2983	2.6855	-29.1138	-26.7944	1.9995	14.7656	31.1737	49.8900	442	477	-264	100808	0.43 
14.220	2015-01-01 00:02:20.760	-0.4707	0.2866	1.4629	16.0522	19.8975	1.1597	2.0984	13.8977	30.5969	49.6500	435	478	-266	100808	0.43 
14.267	2015-01-01 00:02:20.800	-0.3911	0.2939	0.7813	21.5454	-14.4653	32.9590	3.4332	13.8153	31.5417	49.7000	431	476	-268	100808	0.43 
14.298	2015-01-01 00:02:20.840	-0.3438	0.0923	0.5063	5.4321	-6.2866	18.6768	4.5923	13.9966	32.5085	49.8900	430	475	-269	100808	0.43 
14.345	2015-01-01 00:02:20.880	-0.2085	-0.1885	0.7783	-7.1411	2.9297	4.5776	4.2737	14.0625	32.9150	49.8900	429	475	-270	100808	0.43 
14.392	2015-01-01 00:02:20.920	-0.2734	0.0381	1.1465	-10.0098	26.7334	0.9766	3.7354	14.7272	33.1238	49.7500	435	474	-272	100808	0.43 
14.424	2015-01-01 00:02:20.960	-0.2910	0.3457	1.1104	-10.3149	3.8452	11.4746	3.6310	15.2930	33.6292	49.7500	441	473	-270	100809	0.43 
14.455	2015-01-01 00:02:21.000	-0.1636	0.0415	0.7856	-16.7847	-15.7471	13.9771	3.4332	14.8810	34.2444	49.8900	444	473	-268	100809	0.43 
14.533	2015-01-01 00:02:21.040	-0.0718	-0.1616	0.6909	-16.5405	0.3052	6.2256	2.5598	14.3317	34.8267	49.7000	446	474	-267	100808	0.43 
14.565	2015-01-01 00:02:21.080	-0.0693	-0.0688	0.9014	-3.7231	15.4419	1.7090	1.9501	14.5020	35.1837	49.8900	449	479	-261	100808	0.43 
14.611	2015-01-01 00:02:21.120	-0.0723	0.0479	0.9873	1.5259	5.1270	3.1738	1.9666	14.6503	35.3925	49.8900	452	479	-261	100809	0.43 
14.642	2015-01-01 00:02:21.160	-0.0259	0.1675	0.9443	2.1362	-4.8828	18.2495	2.2357	14.3591	36.0297	49.8400	454	477	-260	100809	0.43 
14.674	2015-01-01 00:02:21.200	-0.0464	-0.0024	0.9414	4.6997	13.6719	28.3813	2.8015	14.1284	37.1283	49.7500	452	475	-259	100808	0.43 
14.705	2015-01-01 00:02:21.240	-0.1558	-0.1050	1.2324	0.0610	15.4419	11.2915	2.9004	14.4525	38.2159	49.7500	455	474	-259	100809	0.43 
14.767	2015-01-01 00:02:21.280	-0.1260	0.1543	1.3462	-4.6387	-11.0474	9.5215	2.7850	14.4415	38.5400	49.7000	456	473	-259	100809	0.43 
14.814	2015-01-01 00:02:21.320	-0.5063	0.0703	1.7500	-2.3804	33.4473	-2.2583	2.8839	14.6558	39.0344	49.6500	456	473	-259	100809	0.43 
14.846	2015-01-01 00:02:21.360	-0.5508	-0.2241	0.9658	-6.4087	5.5542	-45.4102	2.1478	15.2545	37.8864	49.8900	466	470	-257	100809	0.43 
14.877	2015-01-01 00:02:21.400	-0.3423	0.0317	0.5029	-8.4839	-9.3994	-24.1699	1.3348	15.6171	36.1395	49.8400	467	471	-253	100809	0.43 
14.940	2015-01-01 00:02:21.440	-0.2339	0.3438	0.6235	-2.8687	8.7280	-7.9956	1.4996	15.8313	35.4803	49.7000	464	470	-256	100809	0.43 
14.971	2015-01-01 00:02:21.480	-0.2852	0.1733	1.2881	3.9063	17.3340	-10.0098	1.8512	16.4850	35.3156	49.7000	462	470	-258	100809	0.43 
15.017	2015-01-01 00:02:21.520	-0.3208	-0.0889	1.1226	1.8921	-5.0049	-29.9072	1.6754	16.6608	34.4806	49.7500	461	470	-258	100808	0.43 
15.049	2015-01-01 00:02:21.560	-0.1553	0.1152	0.7744	7.4463	-20.8740	-23.1323	1.4502	16.0071	33.4753	49.7000	461	472	-255	100808	0.43 
15.095	2015-01-01 00:02:21.600	-0.0762	0.2314	0.6577	14.3433	3.2959	-12.5122	2.1533	15.4797	32.9535	49.8400	461	473	-253	100808	0.43 
15.142	2015-01-01 00:02:21.640	-0.1172	0.1694	0.9263	2.3193	19.0430	-19.6533	2.6312	15.9412	32.5415	49.7500	459	474	-254	100808	0.43 
15.174	2015-01-01 00:02:21.680	-0.1436	0.1304	0.9595	-3.6011	4.8828	-21.9727	2.4390	16.2708	31.8988	49.9900	462	474	-250	100808	0.43 
15.252	2015-01-01 00:02:21.720	-0.0679	0.1074	0.9673	0.3662	-5.7373	-23.8647	2.2687	16.0895	31.1792	49.8900	463	474	-247	100808	0.43 
15.252	2015-01-01 00:02:21.760	-0.0630	0.0313	0.9453	0.0000	-13.7329	-27.2827	2.0709	15.3149	30.4156	49.8900	464	474	-246	100808	0.43 
15.315	2015-01-01 00:02:21.800	-0.0596	0.2002	1.2031	-7.2021	-7.0190	-31.2500	1.6479	14.7766	29.3774	49.7000	458	473	-252	100808	0.43 
15.346	2015-01-01 00:02:21.840	-0.0635	0.4209	1.3945	7.1411	-3.5400	-14.3433	1.7743	14.4580	28.8611	49.6500	448	474	-253	100808	0.43 
15.377	2015-01-01 00:02:21.880	-0.3647	0.2261	1.3696	11.7188	-5.7983	15.7471	2.2522	13.4198	28.9600	49.7500	443	475	-255	100808	0.43 
15.455	2015-01-01 00:02:21.920	-0.2891	0.2661	1.0815	21.1792	-15.8691	50.4761	3.7299	13.6285	30.9210	49.7500	442	472	-258	100808	0.43 
15.487	2015-01-01 00:02:21.960	-0.4526	-0.0029	0.6387	13.0615	5.0659	23.7427	4.9768	14.0240	32.4097	49.9900	441	470	-260	100808	0.43 
15.518	2015-01-01 00:02:22.000	-0.2368	-0.1899	0.8022	-5.2490	8.9111	-3.2349	4.7791	14.3921	32.6953	49.8400	441	467	-259	100808	0.43 
15.549	2015-01-01 00:02:22.040	-0.2236	-0.0103	1.0601	-8.7280	6.8970	-4.2114	4.1034	14.6228	32.6569	49.8400	443	467	-262	100808	0.43 
15.580	2015-01-01 00:02:22.080	-0.2271	0.2993	1.0479	-8.4229	8.6670	20.0195	4.0375	14.9854	33.2446	49.8400	443	465	-260	100808	0.43 
15.658	2015-01-01 00:02:22.120	-0.2148	0.1255	0.7861	-17.5171	-4.9438	18.6768	3.9990	14.9579	34.1895	49.5600	446	463	-257	100808	0.43 
15.658	2015-01-01 00:02:22.160	-0.1182	-0.0884	0.6187	-18.6157	12.8174	7.8735	3.2025	14.9249	34.8267	49.6500	447	461	-257	100808	0.43 
15.705	2015-01-01 00:02:22.200	-0.1323	-0.0513	1.0039	-4.4556	32.5928	20.5078	2.7081	15.8203	35.6012	49.8900	448	461	-257	100808	0.43 
15.736	2015-01-01 00:02:22.240	-0.1206	-0.0513	1.0942	4.4556	4.6997	14.1602	2.9279	16.2762	36.6010	49.7000	451	461	-255	100808	0.43 
15.783	2015-01-01 00:02:22.280	-0.0459	0.0049	0.9185	-0.5493	-11.2305	0.9766	2.9608	15.7269	36.9965	49.8400	454	462	-253	100808	0.43 
15.861	2015-01-01 00:02:22.320	-0.0127	0.0771	0.8989	0.4272	-1.4648	4.0283	2.9883	15.0952	37.1503	49.8900	453	462	-249	100808	0.43 
15.877	2015-01-01 00:02:22.360	-0.1357	0.0459	1.0620	4.7607	2.1362	23.4375	3.3124	14.9084	38.0237	49.8400	456	467	-256	100808	0.43 
15.924	2015-01-01 00:02:22.400	-0.0674	0.0474	1.3608	-13.1836	-10.8032	11.9629	3.2080	14.5844	38.7762	49.8900	458	469	-258	100808	0.43 
15.955	2015-01-01 00:02:22.440	-0.2412	0.3525	1.4238	-12.1460	3.7842	39.3677	3.0981	13.4912	39.9023	49.8400	458	470	-260	100808	0.43 
16.033	2015-01-01 00:02:22.480	-0.3965	-0.2378	1.3032	-23.0103	1.8311	-23.0103	2.4500	14.2218	40.2539	49.7500	460	467	-256	100808	0.43 
16.065	2015-01-01 00:02:22.520	-0.3872	-0.2378	0.6499	-15.9912	6.7139	-41.5649	0.7635	14.8975	38.3917	49.7500	458	464	-251	100808	0.43 
16.096	2015-01-01 00:02:22.560	-0.2666	0.2344	0.3911	-7.5073	4.1504	-11.5967	0.0659	15.3754	37.1448	49.6500	456	466	-249	100808	0.43 
16.111	2015-01-01 00:02:22.600	-0.2944	0.3589	1.0283	11.1084	10.6201	16.9067	0.9778	15.8313	37.5128	49.5600	450	463	-247	100808	0.43 
16.158	2015-01-01 00:02:22.640	-0.3311	0.0439	1.3364	2.0752	7.9956	-16.5405	1.4777	16.3971	37.6227	49.7000	447	462	-245	100808	0.43 
16.236	2015-01-01 00:02:22.680	-0.2095	-0.0630	0.9492	6.4087	-5.6763	-28.1982	1.1261	16.3696	36.5076	49.8900	446	462	-245	100808	0.43 
16.268	2015-01-01 00:02:22.720	-0.0327	0.0503	0.6064	19.7754	-6.8359	-21.1182	1.4667	15.7050	35.6891	49.7500	447	466	-245	100808	0.43 
16.299	2015-01-01 00:02:22.760	-0.0640	0.1284	0.7949	14.2822	25.7568	-23.2544	2.1149	15.9302	34.9585	49.6500	442	468	-248	100808	0.43 
16.330	2015-01-01 00:02:22.800	-0.1689	0.2710	1.0552	0.7935	20.0806	-25.2075	2.3291	16.8365	34.1180	49.7500	444	468	-247	100808	0.43 
16.362	2015-01-01 00:02:22.840	-0.1021	0.2690	0.9893	-1.5869	-10.8032	-16.1133	2.3785	16.7322	33.4039	50.0400	442	465	-248	100808	0.43 
16.439	2015-01-01 00:02:22.880	-0.0171	0.0703	0.9204	-2.0142	-21.9727	-9.7046	2.3621	15.6830	33.1018	49.8400	441	468	-250	100808	0.43 
16.471	2015-01-01 00:02:22.920	-0.0063	0.0220	1.1021	-4.8218	-15.9912	-13.7329	2.1149	14.5898	32.8107	49.8400	438	465	-250	100808	0.43 
16.486	2015-01-01 00:02:22.960	-0.0928	0.2954	1.3335	4.3335	5.9814	-18.7378	2.0709	14.2163	32.4866	49.8900	433	467	-251	100808	0.43 
16.538	2015-01-01 00:02:23.000	-0.3096	0.1714	1.4580	1.7090	-38.5742	-15.7471	2.2357	13.3978	31.8329	49.8400	428	467	-251	100808	0.43 
16.586	2015-01-01 00:02:23.040	-0.3804	0.3672	1.4502	25.4517	-12.8174	23.0713	3.0927	12.9639	32.1790	49.7500	425	468	-249	100808	0.43 
16.617	2015-01-01 00:02:23.080	-0.3218	0.2256	0.4702	31.0669	11.6577	20.6909	4.9768	12.6837	33.2996	49.7000	424	468	-247	100808	0.43 
16.680	2015-01-01 00:02:23.120	-0.3291	-0.0981	0.7061	-0.0610	16.0522	13.6719	5.7239	13.6725	33.8159	49.8400	424	468	-245	100808	0.43 
16.712	2015-01-01 00:02:23.160	-0.2559	-0.1294	1.1958	-2.3804	15.0146	3.5400	5.3064	14.3536	34.3597	49.8400	425	467	-246	100808	0.43 
16.743	2015-01-01 00:02:23.200	-0.2490	0.2134	1.1079	-3.6011	4.3945	9.1553	5.2515	14.7601	34.6179	49.8400	425	462	-249	100808	0.43 
16.805	2015-01-01 00:02:23.240	-0.1938	0.2734	0.7920	-16.4795	-11.9629	18.6157	5.2789	14.4470	35.2936	49.8400	425	459	-252	100808	0.43 
16.852	2015-01-01 00:02:23.280	-0.0684	-0.0024	0.6040	-20.3247	6.2866	26.0620	4.7900	14.0295	36.2329	49.8900	426	459	-253	100808	0.43 
16.884	2015-01-01 00:02:23.320	-0.1333	-0.1348	0.9634	-5.0049	32.5317	35.4004	4.4110	14.6997	37.7765	49.9900	426	459	-253	100808	0.43 
16.915	2015-01-01 00:02:23.360	-0.1167	-0.1016	1.1157	0.2441	11.3525	4.6387	4.3616	15.3424	38.7598	49.8400	426	459	-253	100808	0.43 
16.946	2015-01-01 00:02:23.400	-0.0244	0.0166	0.9160	-7.3853	5.1880	-13.9160	3.9551	15.2710	38.4796	49.7500	428	459	-253	100808	0.43 
16.992	2015-01-01 00:02:23.440	-0.0107	0.1289	0.9263	-4.6387	8.0566	-5.1880	3.6310	15.2710	38.1885	49.7500	436	459	-249	100809	0.43 
17.024	2015-01-01 00:02:23.480	-0.0386	0.0659	0.9971	-1.6479	-0.1221	13.3667	3.6365	15.0623	38.5126	49.8400	439	460	-249	100809	0.43 
17.087	2015-01-01 00:02:23.520	-0.0752	-0.1548	1.1152	-6.7139	7.2021	0.1831	3.4937	14.8700	38.9355	49.7000	446	464	-244	100809	0.43 
17.118	2015-01-01 00:02:23.560	-0.1094	0.1475	1.3740	-15.6250	-12.8784	6.6528	2.8290	14.6173	38.9740	49.6500	449	466	-242	100808	0.43 
17.149	2015-01-01 00:02:23.600	-0.5693	0.1099	1.7715	-15.2588	21.1792	1.8921	2.4939	14.8535	39.4904	49.8900	450	467	-241	100808	0.43 
17.212	2015-01-01 00:02:23.640	-0.5142	-0.1885	0.9282	-11.7188	3.3569	-37.5977	1.4502	15.2216	38.4796	49.7500	449	467	-240	100808	0.43 
17.258	2015-01-01 00:02:23.680	-0.3315	-0.0103	0.4551	-3.5400	2.8076	-13.3667	0.7361	15.8148	37.1832	49.7500	445	470	-240	100808	0.43 
17.289	2015-01-01 00:02:23.720	-0.2441	0.2251	0.6499	3.1738	10.0098	8.4839	1.1041	16.3751	37.0294	49.7500	442	470	-239	100808	0.43 
17.321	2015-01-01 00:02:23.760	-0.2485	0.1411	1.3398	2.8687	17.4561	-20.5688	1.4557	16.8256	36.9800	49.8900	445	469	-242	100809	0.43 
17.352	2015-01-01 00:02:23.800	-0.3115	-0.0015	1.1104	3.6011	-5.1880	-33.2642	1.1700	17.0618	35.6342	49.7500	443	471	-243	100808	0.43 
17.399	2015-01-01 00:02:23.840	-0.1685	0.0488	0.6763	13.4888	-12.1460	-26.7334	1.1865	16.5399	34.4916	49.8900	439	473	-246	100808	0.43 
17.461	2015-01-01 00:02:23.880	-0.1270	0.0879	0.7666	16.1133	17.1509	-26.8555	1.6644	16.5619	33.5303	49.8900	434	471	-244	100808	0.43 
17.492	2015-01-01 00:02:23.920	-0.1597	0.2236	1.0225	7.0190	22.0947	-33.9355	1.9501	17.3254	32.4261	50.0400	432	471	-244	100808	0.43 
17.524	2015-01-01 00:02:23.960	-0.1416	0.2363	0.9468	5.6152	4.1504	-26.4282	2.0764	17.6440	31.3275	49.8400	430	472	-244	100808	0.43 
17.571	2015-01-01 00:02:24.000	-0.0430	0.1519	0.8677	1.4038	1.5869	-15.4419	2.2357	17.4298	30.6903	49.7000	428	473	-243	100808	0.43 
17.602	2015-01-01 00:02:24.040	-0.0732	0.1362	0.9873	-1.2207	-4.2725	-7.0801	2.2797	17.0837	30.5255	49.8400	428	473	-243	100808	0.43 
17.680	2015-01-01 00:02:24.080	-0.0938	0.0732	1.2222	-3.5400	-14.8926	-21.6675	2.1533	16.4191	30.1904	49.8900	426	473	-242	100808	0.43 
17.727	2015-01-01 00:02:24.120	-0.0356	0.1470	1.3955	0.6714	-16.4185	-31.9824	1.7633	15.5127	29.2456	49.8400	424	472	-246	100808	0.43 
17.727	2015-01-01 00:02:24.160	-0.3413	0.2666	1.3203	3.3569	-41.1987	-8.2397	1.6919	13.7549	28.4106	49.7500	420	476	-249	100808	0.43 
17.774	2015-01-01 00:02:24.200	-0.3750	0.4180	1.2583	30.1514	-15.6860	39.6729	3.3124	14.0131	29.4873	49.8900	418	479	-256	100808	0.43 
17.805	2015-01-01 00:02:24.240	-0.5420	-0.0298	0.6255	18.8599	-0.8545	32.4707	4.9878	14.2603	31.0089	49.8900	417	480	-258	100808	0.43 
17.852	2015-01-01 00:02:24.280	-0.2310	-0.2466	0.7769	-4.0894	-3.7842	6.5308	4.8120	14.2053	31.4868	49.8400	417	480	-260	100808	0.43 
17.915	2015-01-01 00:02:24.320	-0.2251	0.0464	1.0713	1.7090	14.7095	-8.9111	4.5374	14.4745	31.6077	49.8400	422	474	-256	100808	0.43 
17.943	2015-01-01 00:02:24.360	-0.2349	0.3882	1.0347	-11.1694	2.1973	5.4932	4.5154	14.8535	31.6406	49.8900	427	473	-254	100808	0.43 
17.974	2015-01-01 00:02:24.400	-0.2036	0.1572	0.7251	-18.7988	-12.5732	16.7236	4.3835	14.5294	32.2888	49.8400	429	473	-252	100808	0.43 
18.021	2015-01-01 00:02:24.440	-0.1069	-0.1191	0.6943	-16.6016	22.1558	25.1465	3.6255	14.5679	33.2556	49.8400	432	472	-251	100808	0.43 
18.083	2015-01-01 00:02:24.480	-0.1572	-0.0205	1.0522	-0.6714	44.6777	34.9731	3.5321	15.8698	34.8596	49.7500	433	472	-251	100808	0.43 
18.115	2015-01-01 00:02:24.520	-0.1597	0.0664	1.0938	-3.2349	14.0381	24.9634	3.8342	16.7267	36.2549	49.5600	438	473	-249	100808	0.43 
18.146	2015-01-01 00:02:24.560	-0.0859	0.1162	0.9258	-7.9956	7.9956	26.4282	3.9221	16.7432	37.3755	50.0400	450	473	-245	100808	0.43 
18.177	2015-01-01 00:02:24.600	-0.0723	0.0991	0.9233	-5.1270	3.1738	33.4473	4.1144	16.6113	38.7982	49.6500	459	473	-243	100808	0.43 
18.224	2015-01-01 00:02:24.640	-0.0718	-0.0518	0.8979	-0.5493	-0.9155	33.3862	4.3561	16.1993	40.2869	49.6500	467	472	-242	100808	0.43 
18.255	2015-01-01 00:02:24.680	-0.0474	-0.1787	1.1411	-2.3804	6.5308	12.6953	4.3176	15.9467	41.3086	49.7500	475	468	-240	100808	0.43 
18.334	2015-01-01 00:02:24.720	-0.1621	0.1489	1.3271	-1.6479	-17.8833	16.9678	4.1638	15.3094	41.8030	49.7500	482	468	-239	100808	0.43 
18.365	2015-01-01 00:02:24.760	-0.4932	0.0972	1.7539	-10.3149	3.8452	-15.5640	4.1583	15.8862	41.8744	49.7500	486	466	-240	100808	0.43 
18.396	2015-01-01 00:02:24.800	-0.5073	-0.1479	1.0303	-22.0337	10.9863	-48.4009	2.7301	16.3422	40.1880	49.7500	489	469	-239	100808	0.43 
18.443	2015-01-01 00:02:24.840	-0.3750	0.1108	0.4941	-11.5967	-5.4932	-21.6064	1.6699	16.7322	38.7817	49.7500	493	471	-235	100808	0.43 
18.490	2015-01-01 00:02:24.880	-0.2407	0.2012	0.7656	2.3193	1.4648	-12.9395	1.8951	16.9684	37.9962	49.6500	495	472	-234	100808	0.43 
18.521	2015-01-01 00:02:24.920	-0.2466	0.0254	1.1943	1.9531	1.5259	-22.8882	1.8402	16.9684	37.4469	49.8400	495	473	-233	100808	0.43 
18.553	2015-01-01 00:02:24.960	-0.2935	-0.0098	1.0249	8.1787	-9.5215	-32.6538	1.6425	16.7596	36.2659	49.7000	493	471	-232	100808	0.43 
18.599	2015-01-01 00:02:25.000	-0.1768	0.1641	0.7598	13.8550	-20.3857	-32.2266	1.7908	16.0181	35.0134	49.8400	487	473	-232	100808	0.43 
18.630	2015-01-01 00:02:25.040	-0.0869	0.1387	0.7974	11.9629	11.6577	-37.8418	2.2577	15.7983	33.8049	49.7500	483	476	-234	100807	0.43 
18.693	2015-01-01 00:02:25.080	-0.1328	0.1167	1.0688	2.8687	20.5688	-44.1284	2.1533	16.4630	32.2833	49.7000	482	476	-237	100808	0.43 
18.724	2015-01-01 00:02:25.120	-0.0894	0.2012	0.9785	5.3711	-6.6528	-24.9634	2.0929	16.4850	31.1298	49.8400	481	476	-239	100808	0.43 
18.755	2015-01-01 00:02:25.160	0.0112	0.1802	0.8799	5.8594	-7.5073	-6.4697	2.4554	15.8093	30.8606	49.9900	477	479	-237	100808	0.43 
18.802	2015-01-01 00:02:25.200	-0.0239	0.1172	0.9331	3.6011	-7.3853	-12.9395	2.7795	15.1666	30.8661	49.7000	472	478	-237	100808	0.43 
18.833	2015-01-01 00:02:25.240	-0.1045	0.1274	1.0718	-6.2256	2.3804	-27.4658	2.5708	14.8810	30.1520	49.8900	472	479	-236	100807	0.43 
18.896	2015-01-01 00:02:25.280	-0.0767	0.2866	1.3848	-1.5259	-5.7373	-9.7656	2.4445	14.7107	29.7565	49.8400	472	479	-236	100808	0.43 
18.927	2015-01-01 00:02:25.320	-0.4683	0.2109	1.6035	18.3105	-11.1084	11.0474	2.8180	13.8208	30.0586	49.8400	470	479	-235	100808	0.43 
18.974	2015-01-01 00:02:25.360	-0.2275	0.2759	1.0015	27.2217	-32.9590	40.6494	4.2902	12.8156	31.4539	49.8400	469	476	-241	100808	0.43 
19.021	2015-01-01 00:02:25.400	-0.3828	0.0166	0.5112	17.7612	-1.2817	8.9722	5.6250	12.5629	32.4316	49.6500	470	472	-248	100808	0.43 
19.052	2015-01-01 00:02:25.440	-0.2700	-0.2915	0.7822	4.8828	11.2915	-10.6812	5.5316	13.2330	32.3822	49.7000	472	468	-249	100807	0.43 
19.131	2015-01-01 00:02:25.480	-0.2124	0.1191	1.0728	-2.0142	4.2725	0.2441	5.1910	13.4363	32.4426	49.7000	473	468	-249	100807	0.43 
19.131	2015-01-01 00:02:25.520	-0.2114	0.5293	1.1025	-7.3853	2.9297	11.9019	5.4163	13.5901	32.9370	49.8900	472	464	-250	100807	0.43 
19.177	2015-01-01 00:02:25.560	-0.2354	0.1074	0.7627	-22.5830	-4.0894	23.1934	5.2844	13.4363	33.8544	49.8900	473	463	-251	100807	0.43 
19.224	2015-01-01 00:02:25.600	-0.1475	-0.0713	0.7397	-16.1743	21.9116	28.4424	4.4440	13.7549	35.1013	49.7000	472	465	-248	100807	0.43 
19.255	2015-01-01 00:02:25.640	-0.1030	-0.0444	1.1182	3.1738	27.4658	30.3345	4.4769	14.5953	36.7163	49.8900	470	464	-247	100807	0.43 
19.302	2015-01-01 00:02:25.680	-0.0840	-0.0171	1.0493	-3.2349	1.6479	3.6011	4.5374	14.8370	37.5293	49.6500	470	464	-247	100807	0.43 
19.334	2015-01-01 00:02:25.720	-0.0059	0.0059	0.8623	-3.3569	2.5635	-6.7139	4.2078	14.5129	37.5018	49.7500	474	464	-246	100808	0.43 
19.397	2015-01-01 00:02:25.760	-0.0156	0.0918	0.8564	2.0752	2.1973	5.5542	4.2242	14.3042	37.6996	49.8900	484	462	-245	100808	0.43 
19.428	2015-01-01 00:02:25.800	-0.0620	0.1606	0.9897	5.9814	-3.7842	21.6675	4.6033	13.9636	38.5016	49.9900	491	459	-246	100808	0.43 
19.505	2015-01-01 00:02:25.840	-0.0669	-0.0376	1.1836	-8.4839	5.0049	0.9155	4.7845	13.7549	39.1113	49.8900	498	458	-244	100808	0.43 
19.552	2015-01-01 00:02:25.880	-0.1631	0.1519	1.2388	-27.2827	-19.4702	2.9297	3.7573	13.1561	39.1223	49.8900	500	457	-244	100808	0.43 
19.552	2015-01-01 00:02:25.920	-0.4248	-0.0303	1.6958	-22.6440	13.6719	-19.2261	2.7795	13.6176	38.8257	49.7500	502	457	-244	100807	0.43 
19.583	2015-01-01 00:02:25.960	-0.4521	-0.2275	1.3042	-15.3809	-4.6997	-42.5415	1.4337	13.8538	37.6282	49.9900	499	459	-243	100808	0.43 
19.630	2015-01-01 00:02:26.000	-0.3203	-0.0098	0.6704	-5.4321	-16.1133	-37.2314	0.4999	13.4747	35.9198	49.8900	491	464	-242	100808	0.43 
19.677	2015-01-01 00:02:26.040	-0.2290	0.2515	0.3271	4.5776	5.7983	-3.9063	0.7965	13.5791	35.1617	50.0400	484	466	-243	100807	0.43 
19.740	2015-01-01 00:02:26.080	-0.1890	0.3540	1.1299	-1.0376	14.7095	-5.1880	1.4777	14.2548	35.2661	49.8900	480	468	-245	100808	0.43 
19.771	2015-01-01 00:02:26.120	-0.3682	0.1025	1.3950	-5.6763	9.6436	-13.0005	1.2964	14.9469	34.8651	49.8900	479	469	-246	100807	0.43 
19.802	2015-01-01 00:02:26.160	-0.2197	0.0444	0.9868	7.2021	-27.8931	-6.9580	1.3129	14.3756	34.6289	49.6500	477	469	-243	100807	0.43 
19.849	2015-01-01 00:02:26.200	0.0200	0.0371	0.5225	12.4512	-7.6904	-4.7607	1.7523	13.2715	34.5850	49.7000	476	470	-242	100807	0.43 
19.881	2015-01-01 00:02:26.240	0.0103	0.1572	0.8359	2.9297	35.5835	-6.7749	2.1863	13.7274	34.6729	49.8900	475	468	-244	100808	0.43 
19.959	2015-01-01 00:02:26.280	-0.1045	0.1816	1.1372	0.0000	34.4849	-17.6392	2.2906	15.0458	34.3433	49.8900	475	467	-245	100808	0.43 
19.990	2015-01-01 00:02:26.320	-0.0684	0.1602	1.0337	-3.1738	-3.9673	-5.8594	2.3071	15.3149	34.1290	49.8400	478	468	-244	100808	0.43 
20.005	2015-01-01 00:02:26.360	0.0405	0.0825	0.8594	-4.4556	-9.5215	-4.7607	2.2137	14.5569	34.1949	49.7500	476	470	-243	100807	0.43 
20.052	2015-01-01 00:02:26.400	-0.0015	-0.0073	0.8999	-1.7090	7.0190	-21.6675	2.0435	14.1779	33.9862	49.8400	475	470	-242	100807	0.43 
20.084	2015-01-01 00:02:26.440	-0.1479	0.1084	1.1162	-0.0610	18.1885	-25.6958	1.6370	14.5569	33.1183	49.8900	474	472	-243	100807	0.43 
20.162	2015-01-01 00:02:26.480	-0.1255	0.2271	1.2925	15.8081	-18.2495	-9.8877	2.1204	14.4690	32.6074	49.7000	468	473	-243	100808	0.43 
20.177	2015-01-01 00:02:26.520	-0.3770	0.3530	1.5913	24.8413	27.3438	-1.4038	2.9059	13.9801	32.3987	50.0400	466	474	-243	100808	0.43 
20.209	2015-01-01 00:02:26.560	-0.2417	0.3745	1.0483	18.0054	-13.2446	18.0054	4.1858	13.8538	33.1458	49.7000	464	472	-246	100808	0.43 
20.255	2015-01-01 00:02:26.600	-0.3647	0.1841	0.8198	3.5400	-4.0283	16.1133	5.0153	13.9307	33.8544	49.7000	461	466	-246	100808	0.43 
20.302	2015-01-01 00:02:26.640	-0.2505	-0.0830	0.6045	9.2163	3.9063	6.1646	5.3119	14.1394	34.4202	49.8900	464	463	-245	100808	0.43 
20.365	2015-01-01 00:02:26.680	-0.2754	-0.2798	0.8467	-7.1411	-13.9160	-4.4556	4.8010	14.0900	34.4092	49.8400	468	464	-244	100808	0.43 
20.396	2015-01-01 00:02:26.720	-0.2109	0.1099	1.1699	-4.6997	2.3193	9.9487	4.1858	13.6450	34.8541	49.8400	469	464	-244	100808	0.43 
20.427	2015-01-01 00:02:26.760	-0.2505	0.2622	1.0176	-2.5024	-6.4697	4.1504	4.4110	13.6176	35.1288	49.8900	470	464	-244	100808	0.43 
20.459	2015-01-01 00:02:26.800	-0.2041	-0.0264	0.6851	-13.8550	-0.9155	4.8828	4.1254	13.4033	35.4364	49.6500	464	462	-250	100808	0.43 
20.505	2015-01-01 00:02:26.840	-0.1206	-0.0610	0.8794	-8.1787	26.9165	2.0142	3.4552	13.9417	35.7440	49.5600	462	460	-250	100808	0.43 
20.537	2015-01-01 00:02:26.880	-0.2373	-0.0410	1.1494	3.5400	33.3252	4.8828	3.3618	15.1282	36.0956	49.8400	460	463	-248	100808	0.43 
20.584	2015-01-01 00:02:26.920	-0.2612	0.1162	1.1167	-1.0376	10.8032	10.6812	3.4827	15.9137	36.5790	49.7000	459	465	-247	100808	0.43 
20.630	2015-01-01 00:02:26.960	-0.1504	0.1670	1.0356	-5.7373	-9.7046	23.5596	3.6420	15.6885	37.3920	49.8400	458	465	-247	100807	0.43 
20.662	2015-01-01 00:02:27.000	-0.1113	0.0498	0.8911	-7.4463	-17.0288	32.0435	3.7518	14.8370	38.6279	49.8400	466	462	-246	100807	0.43 
20.740	2015-01-01 00:02:27.040	0.0166	-0.0664	0.7749	1.2817	-4.6387	36.1938	3.7848	13.9471	40.1385	49.7000	468	459	-248	100807	0.43 
20.787	2015-01-01 00:02:27.080	-0.0967	0.0034	0.7114	4.6997	31.1890	37.5366	4.1803	14.1449	41.7151	49.8900	471	458	-245	100807	0.43 
20.787	2015-01-01 00:02:27.120	-0.5337	0.3179	0.9932	-3.2959	30.3955	73.4863	4.9878	15.2765	44.2145	49.7500	476	454	-247	100807	0.43 
20.818	2015-01-01 00:02:27.160	-0.4858	0.1069	1.6304	-46.3867	-6.0425	-8.1177	4.6417	15.8533	45.7306	49.8400	483	451	-244	100807	0.43 
20.865	2015-01-01 00:02:27.200	-0.4248	-0.2129	1.2451	-37.0483	-12.3291	-62.0117	1.7468	15.8917	43.3136	49.9900	488	451	-240	100807	0.43 
20.912	2015-01-01 00:02:27.240	-0.2280	0.0498	0.7646	14.5264	-14.0381	-2.5024	1.1206	15.4413	42.0667	49.8400	484	455	-239	100807	0.43 
20.974	2015-01-01 00:02:27.280	-0.1509	0.1719	0.6343	23.1323	11.2305	13.6719	2.3621	15.3040	42.4622	49.7500	482	459	-238	100807	0.43 
21.006	2015-01-01 00:02:27.320	-0.2861	0.2139	1.1763	10.2539	20.9351	-17.4561	3.2300	16.0345	42.4731	49.6500	479	464	-236	100806	0.43 
21.037	2015-01-01 00:02:27.360	-0.3394	0.2373	1.0391	7.9346	2.1973	-32.5928	3.3673	16.5344	41.0999	49.9900	477	467	-235	100806	0.43 
21.069	2015-01-01 00:02:27.400	-0.2910	0.0977	0.8379	3.8452	-5.2490	-4.4556	3.5651	16.4795	40.4022	49.8900	478	467	-235	100806	0.43 
21.146	2015-01-01 00:02:27.440	-0.2651	0.2075	0.9097	5.7983	15.5640	-3.4180	3.8562	16.7651	40.2869	49.8900	480	463	-239	100806	0.43 
21.178	2015-01-01 00:02:27.480	-0.3013	0.1851	1.0474	5.6763	12.4512	-3.5400	4.2682	17.3474	40.1825	49.8900	480	459	-241	100806	0.43 
21.209	2015-01-01 00:02:27.520	-0.2534	0.1870	0.9883	1.7090	1.1597	1.2817	4.5099	17.4683	40.1605	49.7500	480	455	-242	100806	0.43 
21.240	2015-01-01 00:02:27.560	-0.2314	0.2319	0.9146	5.7983	11.3525	14.8315	4.9988	17.5836	40.5945	50.1800	480	454	-244	100806	0.43 
21.271	2015-01-01 00:02:27.600	-0.2642	0.1084	0.9546	5.9204	20.4468	9.7046	5.6030	18.2043	41.2537	49.7000	480	453	-245	100806	0.43 
21.318	2015-01-01 00:02:27.640	-0.2539	0.0640	0.9976	3.2349	11.5967	-3.1738	5.7733	18.7317	41.3910	49.7500	482	451	-242	100806	0.43 
21.365	2015-01-01 00:02:27.680	-0.2383	0.1714	0.9731	2.6855	10.1929	-2.5635	5.8832	19.0118	41.2756	49.8900	485	449	-240	100806	0.43 
21.412	2015-01-01 00:02:27.720	-0.2549	0.2090	0.9917	2.3804	10.1318	1.1597	6.1578	19.2975	41.3306	49.8900	488	449	-239	100806	0.43 
21.459	2015-01-01 00:02:27.760	-0.2319	0.1348	0.9980	0.3052	5.1270	-2.5024	6.2897	19.4678	41.3690	49.8900	488	448	-240	100806	0.43 
21.490	2015-01-01 00:02:27.800	-0.2300	0.0835	0.9546	-0.6714	4.3335	-9.7656	6.1908	19.5062	41.1163	49.8400	488	448	-240	100806	0.43 
21.552	2015-01-01 00:02:27.840	-0.2598	0.1777	0.9824	-0.7935	8.7280	-11.9629	6.0370	19.7040	40.6879	49.5600	488	448	-240	100806	0.43 
21.584	2015-01-01 00:02:27.880	-0.2764	0.2061	1.0313	1.1597	8.8501	-7.2021	6.0864	20.0061	40.3693	49.9900	489	450	-240	100806	0.43 
21.616	2015-01-01 00:02:27.920	-0.2749	0.0835	0.9766	-1.2207	1.4648	-6.3477	6.0590	20.0775	40.1825	49.8400	488	449	-239	100806	0.43 
21.678	2015-01-01 00:02:27.960	-0.2383	0.0791	0.9458	-2.5635	-0.6104	-12.3901	5.7733	19.9841	39.8309	49.8900	488	449	-237	100806	0.43 
21.709	2015-01-01 00:02:28.000	-0.2402	0.1558	0.9575	-3.1128	2.9297	-15.0757	5.4987	19.9677	39.2761	49.8400	488	451	-238	100806	0.43 
21.756	2015-01-01 00:02:28.040	-0.2529	0.1416	1.0093	-5.0659	0.9155	-13.8550	5.2185	19.9622	38.7433	49.7500	489	449	-239	100806	0.43 
21.788	2015-01-01 00:02:28.080	-0.2515	0.0908	0.9722	-6.0425	-1.2817	-11.4746	4.8450	19.8468	38.3148	49.8900	486	453	-239	100806	0.43 
21.819	2015-01-01 00:02:28.120	-0.2241	0.1060	0.9893	-7.4463	-0.5493	-12.0239	4.4275	19.7095	37.8973	49.8900	483	453	-239	100806	0.43 
21.881	2015-01-01 00:02:28.160	-0.2300	0.1416	1.0005	-8.7891	-2.8076	-10.0708	4.0100	19.4788	37.5348	49.9900	482	456	-241	100806	0.43 
21.913	2015-01-01 00:02:28.200	-0.2407	0.1050	0.9814	-7.3853	0.4272	-4.2114	3.6914	19.3250	37.3315	50.0400	480	459	-240	100806	0.43 
21.959	2015-01-01 00:02:28.240	-0.2427	0.0732	0.9790	-7.6904	2.2583	-1.2817	3.4003	19.2426	37.3535	49.7500	479	460	-239	100806	0.43 
22.006	2015-01-01 00:02:28.280	-0.2559	0.1060	0.9907	-6.2866	2.6855	0.2441	3.1641	19.2151	37.4084	49.6500	478	461	-239	100806	0.43 
22.037	2015-01-01 00:02:28.320	-0.2437	0.1104	0.9946	-4.6997	0.9766	4.3945	3.0762	19.1711	37.6117	49.7500	480	461	-237	100806	0.43 
22.068	2015-01-01 00:02:28.360	-0.2432	0.0649	1.0098	-4.8218	-0.5493	4.3945	2.9993	19.0228	37.8973	49.8900	481	460	-234	100806	0.43 
22.100	2015-01-01 00:02:28.400	-0.2207	0.0762	0.9980	-4.3945	-0.5493	4.5166	2.8949	18.8470	38.1775	49.8400	482	459	-231	100806	0.43 
22.162	2015-01-01 00:02:28.440	-0.2134	0.0864	0.9775	-4.2725	1.2207	4.3335	2.8345	18.7042	38.4521	49.8400	482	460	-234	100806	0.43 
22.193	2015-01-01 00:02:28.480	-0.2183	0.0806	0.9917	-4.5776	1.0376	4.6387	2.7740	18.5944	38.7268	50.0800	482	460	-235	100806	0.43 
22.240	2015-01-01 00:02:28.520	-0.2256	0.0771	0.9888	-4.1504	1.8311	5.7373	2.7026	18.4900	39.0125	49.8400	482	460	-235	100806	0.43 
22.287	2015-01-01 00:02:28.560	-0.2256	0.0688	0.9868	-2.9297	2.4414	7.5684	2.6807	18.4296	39.3695	49.8900	483	458	-237	100805	0.43 
22.318	2015-01-01 00:02:28.600	-0.2271	0.0605	0.9893	-2.7466	2.9297	5.5542	2.6807	18.3911	39.7211	49.8400	484	458	-236	100805	0.43 
22.397	2015-01-01 00:02:28.640	-0.2295	0.0503	0.9980	-2.4414	3.5400	2.6855	2.6367	18.3911	39.9518	49.8400	487	457	-234	100806	0.43 
22.397	2015-01-01 00:02:28.680	-0.2300	0.0610	0.9971	-2.2583	1.7700	0.4883	2.5763	18.3746	40.0671	49.8400	485	458	-235	100806	0.43 
22.443	2015-01-01 00:02:28.720	-0.2358	0.0640	0.9961	-2.3193	1.2207	-0.1831	2.5159	18.3032	40.1111	49.8400	483	459	-235	100806	0.43 
22.475	2015-01-01 00:02:28.760	-0.2358	0.0557	0.9956	-2.3193	0.5493	-1.2817	2.4390	18.2153	40.1111	49.5600	482	459	-235	100806	0.43 
22.521	2015-01-01 00:02:28.800	-0.2280	0.0542	0.9839	-2.6245	0.6714	-1.3428	2.3401	18.1165	40.0891	50.0400	482	459	-235	100806	0.43 
22.599	2015-01-01 00:02:28.840	-0.2256	0.0693	0.9878	-2.1362	1.9531	-0.0610	2.2742	18.0341	40.1166	49.9900	485	459	-236	100806	0.43 
22.646	2015-01-01 00:02:28.880	-0.2314	0.0635	0.9995	-1.5869	1.7700	1.0376	2.2522	18.0121	40.2045	50.0800	487	459	-235	100806	0.43 
22.662	2015-01-01 00:02:28.920	-0.2163	0.0552	0.9907	-2.1973	0.4272	-1.2817	2.2083	17.9187	40.2484	49.9900	487	457	-235	100806	0.43 
22.678	2015-01-01 00:02:28.960	-0.2183	0.0571	0.9863	-2.3193	2.1973	-2.5635	2.1149	17.8418	40.2155	49.8400	488	455	-234	100806	0.43 
22.724	2015-01-01 00:02:29.000	-0.2295	0.0522	0.9927	-1.5869	2.7466	-2.8076	2.0435	17.8308	40.1715	49.6500	490	458	-233	100806	0.43 
22.803	2015-01-01 00:02:29.040	-0.2227	0.0591	0.9976	-1.3428	2.0752	-4.2114	1.9720	17.8198	40.0836	49.8900	488	459	-231	100806	0.43 
22.803	2015-01-01 00:02:29.080	-0.2129	0.0615	0.9932	-1.6479	2.5635	-4.4556	1.8951	17.7814	39.9683	49.8900	490	459	-230	100806	0.43 
22.866	2015-01-01 00:02:29.120	-0.2192	0.0664	0.9951	-1.6479	1.7090	-4.4556	1.8237	17.7484	39.8584	49.8400	491	459	-234	100806	0.43 
22.897	2015-01-01 00:02:29.160	-0.2134	0.0640	0.9878	-1.8921	2.4414	-3.9063	1.7578	17.6990	39.7650	50.0400	492	456	-236	100806	0.43 
22.928	2015-01-01 00:02:29.200	-0.2139	0.0625	0.9961	-1.3428	2.6855	-3.9673	1.6919	17.6715	39.6771	49.8400	493	454	-238	100806	0.43 
23.006	2015-01-01 00:02:29.240	-0.2163	0.0635	0.9961	-1.0986	2.1362	-4.0283	1.6534	17.6331	39.6057	49.8400	493	454	-238	100806	0.43 
23.037	2015-01-01 00:02:29.280	-0.2134	0.0601	0.9893	-0.7324	1.3428	-4.4556	1.6095	17.5781	39.5123	49.8900	490	455	-237	100806	0.43 
23.068	2015-01-01 00:02:29.320	-0.2134	0.0601	0.9893	-0.3052	2.3193	-5.4321	1.5820	17.5232	39.3970	49.8400	487	457	-232	100806	0.43 
23.099	2015-01-01 00:02:29.360	-0.2178	0.0645	0.9907	-0.1831	1.8921	-5.2490	1.5601	17.4847	39.2542	50.0400	483	459	-233	100806	0.43 
23.147