StartTime: 2017-07-21 14:02:54.787
Time(s)	ChipTime	ax(g)	ay(g)	az(g)	wx(deg/s)	wy(deg/s)	wz(deg/s)	AngleX(deg)	AngleY(deg)	AngleZ(deg)	T(°)	hx	hy	hz	Pressure(Pa)	Altitude(m) 
6.068	2015-01-01 00:06:52.840	0.0034	-0.0054	1.0107	-1.0376	-2.9907	-16.6626	-1.5106	-4.5923	14.2548	47.5900	450	465	-225	100850	0.40 
6.114	2015-01-01 00:06:52.880	-0.0063	-0.0063	1.0259	-0.9155	-3.3569	-16.9067	-1.5051	-4.6143	14.2877	47.5900	450	464	-225	100850	0.40 
6.161	2015-01-01 00:06:52.920	-0.0117	0.0044	1.0244	-1.2207	-3.2349	-16.9067	-1.4886	-4.6198	14.3097	47.5400	450	466	-225	100850	0.40 
6.193	2015-01-01 00:06:52.960	-0.0142	0.0020	1.0244	-1.7700	-3.7231	-17.3340	-1.4886	-4.6472	14.3262	47.5900	451	465	-225	100851	0.40 
6.224	2015-01-01 00:06:53.000	-0.0107	0.0034	1.0166	-2.3804	-3.2959	-17.5781	-1.5106	-4.6747	14.3317	47.6400	451	464	-225	100851	0.40 
6.271	2015-01-01 00:06:53.040	-0.0029	-0.0020	1.0200	-1.8921	-2.6855	-17.3950	-1.5326	-4.6802	14.3427	47.5400	452	464	-226	100851	0.40 
6.302	2015-01-01 00:06:53.080	-0.0161	0.0020	1.0220	-1.6479	-2.4414	-18.0054	-1.5436	-4.6747	14.3481	47.5400	449	463	-227	100851	0.40 
6.365	2015-01-01 00:06:53.120	-0.0103	0.0112	1.0190	-2.0752	-2.9297	-18.9209	-1.5546	-4.6582	14.2932	47.5400	447	462	-223	100851	0.40 
6.396	2015-01-01 00:06:53.160	-0.0259	0.0103	1.0273	-2.1362	-4.0894	-17.8223	-1.5546	-4.6527	14.2603	47.5900	446	462	-221	100851	0.39 
6.427	2015-01-01 00:06:53.200	-0.0044	0.0078	1.0171	-1.5869	-2.1362	-17.8833	-1.5546	-4.6857	14.2548	47.4000	449	463	-223	100851	0.40 
6.474	2015-01-01 00:06:53.240	-0.0234	0.0020	1.0308	-1.8311	-3.9673	-18.2495	-1.5601	-4.6802	14.2493	47.5900	453	465	-219	100851	0.40 
6.521	2015-01-01 00:06:53.280	-0.0073	-0.0010	1.0205	-1.5259	-2.3193	-19.2871	-1.5656	-4.6912	14.2108	47.8800	454	466	-218	100851	0.39 
6.568	2015-01-01 00:06:53.320	-0.0278	0.0054	1.0171	-1.7090	-1.8921	-18.4937	-1.5710	-4.6582	14.1614	47.5900	452	463	-224	100851	0.40 
6.599	2015-01-01 00:06:53.360	-0.0161	0.0054	1.0249	-1.4648	-2.3804	-18.3105	-1.5491	-4.6307	14.1394	47.5900	452	463	-224	100851	0.39 
6.630	2015-01-01 00:06:53.400	-0.0146	0.0054	1.0215	-1.4038	-1.4648	-18.0054	-1.5381	-4.5813	14.1229	47.5900	450	462	-225	100851	0.40 
6.693	2015-01-01 00:06:53.440	-0.0171	0.0039	1.0278	-0.6104	-1.0376	-16.6626	-1.5216	-4.5099	14.1394	47.5900	449	462	-223	100850	0.40 
6.724	2015-01-01 00:06:53.480	-0.0210	0.0098	1.0215	-1.2817	-2.2583	-16.5405	-1.5106	-4.4495	14.1888	47.6400	451	464	-222	100850	0.40 
6.771	2015-01-01 00:06:53.520	-0.0244	0.0088	1.0200	-1.7700	-2.1973	-16.4185	-1.5106	-4.4110	14.2273	47.5900	452	465	-222	100850	0.40 
6.802	2015-01-01 00:06:53.560	-0.0229	0.0049	1.0298	-2.0142	-2.9297	-16.5405	-1.5271	-4.3835	14.2657	47.8800	452	464	-225	100850	0.40 
6.849	2015-01-01 00:06:53.600	-0.0269	0.0029	1.0205	-1.8311	-3.3569	-17.0898	-1.5326	-4.3726	14.2877	47.5900	450	467	-227	100851	0.40 
6.880	2015-01-01 00:06:53.640	-0.0234	0.0000	1.0239	-1.4648	-3.2349	-17.0898	-1.5436	-4.3781	14.3042	47.6400	450	468	-228	100850	0.40 
6.927	2015-01-01 00:06:53.680	-0.0215	0.0024	1.0225	-1.4648	-2.7466	-18.1274	-1.5381	-4.3726	14.2987	47.8800	451	465	-227	100851	0.40 
6.974	2015-01-01 00:06:53.720	-0.0186	0.0054	1.0156	-1.5869	-2.0752	-17.8833	-1.5326	-4.3506	14.2877	47.6400	451	463	-223	100851	0.40 
7.005	2015-01-01 00:06:53.760	-0.0210	0.0083	1.0249	-1.4038	-2.6855	-17.8833	-1.5271	-4.3231	14.2712	47.4500	451	463	-222	100851	0.40 
7.052	2015-01-01 00:06:53.800	-0.0264	0.0093	1.0225	-1.2817	-3.1738	-17.4561	-1.5216	-4.3231	14.2712	47.5400	452	463	-223	100850	0.40 
7.083	2015-01-01 00:06:53.840	-0.0190	0.0146	1.0181	-1.4648	-2.0142	-17.3950	-1.5106	-4.3176	14.2822	47.7400	451	464	-224	100851	0.40 
7.130	2015-01-01 00:06:53.880	-0.0361	0.0132	1.0283	-1.8921	-4.6997	-17.7002	-1.5051	-4.3066	14.2822	47.5400	450	464	-226	100850	0.40 
7.193	2015-01-01 00:06:53.920	-0.0034	0.0039	1.0142	-1.9531	-3.6011	-17.8833	-1.5216	-4.3890	14.2822	47.5400	451	464	-223	100850	0.40 
7.208	2015-01-01 00:06:53.960	-0.0215	0.0078	1.0107	-1.3428	-3.8452	-16.9678	-1.5326	-4.4220	14.2987	47.5900	448	463	-224	100850	0.40 
7.240	2015-01-01 00:06:54.000	-0.0161	0.0083	1.0239	-1.8311	-4.2725	-17.6392	-1.5326	-4.4550	14.3042	47.5400	446	461	-223	100850	0.40 
7.286	2015-01-01 00:06:54.040	-0.0117	0.0073	1.0278	-1.5259	-3.4790	-17.7612	-1.5271	-4.4824	14.2932	47.7800	449	461	-225	100850	0.40 
7.333	2015-01-01 00:06:54.080	-0.0088	0.0137	1.0273	-1.6479	-1.3428	-16.7236	-1.5161	-4.4550	14.3152	47.6400	449	460	-228	100850	0.40 
7.474	2015-01-01 00:06:54.120	-0.0229	0.0112	1.0288	-2.3804	-4.7607	-17.2729	-1.5326	-4.4495	14.3481	47.7400	448	460	-230	100850	0.40 
7.474	2015-01-01 00:06:54.160	-0.0229	0.0098	1.0186	-2.8076	-5.3101	-17.7612	-1.5710	-4.5319	14.3481	47.5400	449	463	-227	100850	0.40 
7.474	2015-01-01 00:06:54.200	-0.0142	0.0010	1.0210	-1.6479	-3.8452	-16.9067	-1.5875	-4.5868	14.3646	47.5900	449	463	-226	100850	0.40 
7.505	2015-01-01 00:06:54.240	-0.0186	0.0044	1.0166	-2.1362	-5.4321	-17.5171	-1.6040	-4.6582	14.3866	47.6400	448	463	-225	100850	0.40 
7.521	2015-01-01 00:06:54.280	-0.0107	0.0073	1.0254	-1.5259	-3.2959	-16.8457	-1.5985	-4.7021	14.4031	47.5900	449	465	-224	100851	0.40 
7.599	2015-01-01 00:06:54.320	-0.0156	0.0039	1.0171	-1.4648	-3.3569	-17.1509	-1.5875	-4.7186	14.4250	47.5400	453	463	-225	100851	0.40 
7.630	2015-01-01 00:06:54.360	-0.0112	0.0005	1.0249	-1.5259	-2.7466	-17.9443	-1.5875	-4.7131	14.4196	47.5900	453	465	-225	100851	0.40 
7.662	2015-01-01 00:06:54.400	-0.0107	0.0029	1.0229	-1.7700	-3.7231	-17.7612	-1.5875	-4.7241	14.4141	47.5400	449	465	-226	100851	0.40 
7.708	2015-01-01 00:06:54.440	-0.0103	0.0044	1.0151	-1.2817	-2.3193	-18.6768	-1.5875	-4.7461	14.3756	47.5900	449	465	-228	100851	0.40 
7.740	2015-01-01 00:06:54.480	-0.0303	0.0024	1.0322	-1.9531	-5.1270	-18.4937	-1.5875	-4.7406	14.3372	47.6400	450	468	-228	100851	0.40 
7.818	2015-01-01 00:06:54.520	0.0103	0.0010	1.0010	-2.1362	-5.6152	-20.0806	-1.6150	-4.8889	14.2657	47.5400	452	468	-227	100851	0.40 
7.818	2015-01-01 00:06:54.560	-0.0083	0.0063	1.0181	-1.7700	-3.7231	-18.0054	-1.6150	-4.9384	14.2108	47.5900	450	464	-228	100850	0.40 
7.865	2015-01-01 00:06:54.600	-0.0049	-0.0034	1.0264	-1.9531	-4.1504	-17.7612	-1.6205	-4.9768	14.2053	47.6400	447	465	-227	100850	0.40 
7.896	2015-01-01 00:06:54.640	-0.0127	0.0034	1.0249	-1.5869	-3.7842	-18.3105	-1.6205	-5.0153	14.1833	47.5900	448	466	-227	100850	0.40 
7.943	2015-01-01 00:06:54.680	-0.0005	0.0029	1.0215	-1.7090	-3.1738	-18.5547	-1.6205	-5.0482	14.1504	47.4500	448	463	-227	100850	0.40 
8.005	2015-01-01 00:06:54.720	-0.0103	0.0151	1.0244	-1.7090	-4.0283	-18.4326	-1.6150	-5.0702	14.1229	47.7400	447	463	-228	100850	0.40 
8.037	2015-01-01 00:06:54.760	-0.0029	0.0000	1.0273	-2.0752	-4.1504	-18.7988	-1.6260	-5.1196	14.0900	47.5900	447	463	-227	100850	0.40 
8.068	2015-01-01 00:06:54.800	-0.0044	0.0005	1.0151	-2.1973	-3.8452	-18.4937	-1.6370	-5.1581	14.0515	47.5900	446	464	-226	100850	0.40 
8.115	2015-01-01 00:06:54.840	0.0010	0.0034	1.0239	-1.9531	-3.5400	-18.3105	-1.6479	-5.1855	14.0240	47.5900	447	462	-227	100850	0.40 
8.146	2015-01-01 00:06:54.880	-0.0029	0.0020	1.0200	-1.9531	-3.1738	-18.5547	-1.6534	-5.2020	14.0021	47.8800	448	464	-225	100850	0.40 
8.224	2015-01-01 00:06:54.920	-0.0029	-0.0024	1.0195	-1.8921	-2.8076	-18.2495	-1.6589	-5.2130	13.9746	47.5900	448	465	-223	100850	0.40 
8.224	2015-01-01 00:06:54.960	-0.0010	-0.0015	1.0225	-1.5869	-2.6245	-18.6768	-1.6589	-5.2075	13.9526	47.5400	447	465	-222	100850	0.40 
8.271	2015-01-01 00:06:55.000	-0.0122	-0.0010	1.0229	-1.7090	-3.0518	-18.6157	-1.6534	-5.1910	13.9197	47.5900	447	465	-221	100851	0.40 
8.302	2015-01-01 00:06:55.040	-0.0122	-0.0024	1.0220	-1.6479	-3.2959	-17.8833	-1.6534	-5.1910	13.8977	47.5900	447	463	-224	100850	0.40 
8.349	2015-01-01 00:06:55.080	0.0068	0.0054	1.0195	-1.4038	-0.4883	-17.9443	-1.6425	-5.1636	13.8922	47.6400	448	464	-223	100850	0.40 
8.396	2015-01-01 00:06:55.120	-0.0142	0.0059	1.0308	-1.9531	-3.4180	-17.5171	-1.6260	-5.1251	13.8977	47.6400	448	465	-223	100850	0.40 
8.427	2015-01-01 00:06:55.160	-0.0049	-0.0005	1.0249	-1.7090	-1.8921	-18.1274	-1.6315	-5.1031	13.9032	47.7800	447	463	-226	100850	0.40 
8.474	2015-01-01 00:06:55.200	-0.0127	-0.0010	1.0259	-1.4038	-2.1973	-17.4561	-1.6370	-5.0647	13.9087	47.8800	445	463	-224	100850	0.40 
8.505	2015-01-01 00:06:55.240	-0.0034	0.0020	1.0249	-1.6479	-3.1128	-17.1509	-1.6260	-5.0592	13.9362	47.5900	442	460	-222	100850	0.40 
8.552	2015-01-01 00:06:55.280	-0.0122	-0.0015	1.0234	-1.2817	-3.1128	-17.2119	-1.6205	-5.0537	13.9526	47.6400	445	463	-219	100850	0.40 
8.599	2015-01-01 00:06:55.320	-0.0103	0.0044	1.0200	-1.4038	-2.7466	-16.6626	-1.6095	-5.0372	13.9801	47.6400	445	463	-221	100850	0.40 
8.630	2015-01-01 00:06:55.360	-0.0044	0.0010	1.0171	-1.7090	-3.1738	-17.4561	-1.6095	-5.0482	14.0021	47.5400	446	462	-222	100849	0.40 
8.662	2015-01-01 00:06:55.400	-0.0107	-0.0039	1.0215	-1.8921	-2.5635	-18.0664	-1.6150	-5.0372	14.0021	47.7800	450	463	-223	100850	0.40 
8.709	2015-01-01 00:06:55.440	-0.0063	0.0029	1.0244	-1.5869	-2.6245	-17.8833	-1.6150	-5.0153	13.9966	47.6400	449	464	-225	100850	0.40 
8.771	2015-01-01 00:06:55.480	-0.0078	0.0039	1.0181	-1.2817	-2.1973	-18.0664	-1.5985	-4.9933	13.9856	47.6400	447	463	-227	100850	0.40 
8.802	2015-01-01 00:06:55.520	-0.0156	-0.0005	1.0244	-1.7090	-2.5024	-17.5781	-1.5875	-4.9493	13.9856	47.7400	446	464	-229	100850	0.40 
8.849	2015-01-01 00:06:55.560	-0.0093	0.0044	1.0264	-0.9766	-2.6855	-17.4561	-1.5820	-4.9329	13.9911	47.8800	447	466	-227	100850	0.40 
8.880	2015-01-01 00:06:55.600	-0.0142	0.0059	1.0244	-1.6479	-2.8687	-17.3950	-1.5656	-4.9109	14.0021	47.4000	448	468	-226	100850	0.40 
8.927	2015-01-01 00:06:55.640	-0.0137	-0.0044	1.0205	-1.7700	-2.7466	-17.5171	-1.5820	-4.9054	14.0131	47.5900	449	469	-226	100850	0.40 
8.959	2015-01-01 00:06:55.680	-0.0098	0.0039	1.0151	-1.2817	-3.4180	-17.0288	-1.5765	-4.9219	14.0295	47.5900	446	468	-225	100850	0.40 
9.037	2015-01-01 00:06:55.720	-0.0166	0.0010	1.0347	-1.4648	-2.3804	-17.5781	-1.5710	-4.8834	14.0405	47.5900	449	464	-223	100850	0.40 
9.037	2015-01-01 00:06:55.760	-0.0024	-0.0024	1.0054	-1.5259	-3.4180	-17.5781	-1.5765	-4.9219	14.0460	47.5900	451	461	-222	100850	0.40 
9.084	2015-01-01 00:06:55.800	-0.0190	0.0044	1.0220	-1.3428	-2.3193	-17.0288	-1.5710	-4.8834	14.0680	47.6400	452	462	-223	100849	0.40 
9.115	2015-01-01 00:06:55.840	-0.0146	-0.0015	1.0239	-1.8921	-2.9297	-17.8223	-1.5820	-4.8505	14.0845	47.5400	449	462	-227	100850	0.40 
9.162	2015-01-01 00:06:55.880	-0.0171	0.0024	1.0303	-1.7090	-2.8687	-18.2495	-1.5820	-4.8340	14.0790	47.5900	448	464	-222	100850	0.40 
9.209	2015-01-01 00:06:55.920	-0.0044	0.0000	1.0200	-1.2817	-2.0752	-18.1885	-1.5820	-4.8230	14.0570	47.6400	448	464	-224	100850	0.40 
9.240	2015-01-01 00:06:55.960	-0.0166	0.0181	1.0259	-1.8311	-2.3193	-17.7002	-1.5710	-4.7791	14.0570	47.5400	446	464	-223	100850	0.40 
9.271	2015-01-01 00:06:56.000	-0.0151	0.0044	1.0186	-1.5869	-2.0752	-18.0664	-1.5656	-4.7571	14.0460	47.5900	452	463	-222	100850	0.40 
9.334	2015-01-01 00:06:56.040	-0.0200	0.0000	1.0273	-1.8311	-2.5635	-18.0054	-1.5710	-4.7351	14.0405	47.4000	455	462	-220	100850	0.40 
9.365	2015-01-01 00:06:56.080	-0.0166	0.0015	1.0264	-1.9531	-3.7231	-17.5171	-1.5820	-4.7406	14.0570	47.4500	453	464	-221	100850	0.40 
9.412	2015-01-01 00:06:56.120	-0.0151	0.0000	1.0225	-1.5869	-3.3569	-17.3340	-1.5930	-4.7626	14.0735	47.5400	451	462	-223	100850	0.40 
9.459	2015-01-01 00:06:56.160	-0.0171	0.0020	1.0249	-1.5259	-3.7231	-18.0054	-1.5930	-4.7791	14.0845	47.7400	450	460	-223	100850	0.40 
9.490	2015-01-01 00:06:56.200	-0.0234	-0.0020	1.0249	-2.0142	-5.1270	-17.7612	-1.6095	-4.8230	14.0845	47.6400	448	463	-222	100850	0.40 
9.537	2015-01-01 00:06:56.240	-0.0039	-0.0015	1.0161	-1.0986	-3.7842	-17.6392	-1.6095	-4.8889	14.0955	47.7400	449	462	-227	100850	0.40 
9.568	2015-01-01 00:06:56.280	-0.0112	-0.0005	1.0210	-1.2817	-2.2583	-17.5171	-1.6040	-4.8724	14.1010	47.7800	449	461	-229	100850	0.40 
9.646	2015-01-01 00:06:56.320	-0.0146	0.0039	1.0229	-1.6479	-3.1128	-16.8457	-1.5985	-4.8560	14.1229	47.7400	450	461	-228	100850	0.40 
9.646	2015-01-01 00:06:56.360	-0.0117	0.0068	1.0347	-2.3193	-2.9907	-17.8833	-1.6040	-4.8395	14.1339	47.7400	448	462	-224	100851	0.40 
9.693	2015-01-01 00:06:56.400	-0.0044	-0.0015	1.0181	-2.4414	-4.3335	-18.2495	-1.6260	-4.8944	14.1229	47.6400	448	464	-225	100850	0.40 
9.724	2015-01-01 00:06:56.440	-0.0122	0.0068	1.0146	-2.0142	-2.9297	-17.6392	-1.6370	-4.9054	14.1119	47.5900	450	466	-227	100850	0.40 
9.771	2015-01-01 00:06:56.480	-0.0078	0.0034	1.0225	-1.5869	-2.9907	-16.8457	-1.6425	-4.8944	14.1339	47.4000	448	466	-226	100850	0.40 
9.849	2015-01-01 00:06:56.520	-0.0107	0.0015	1.0210	-1.0376	-2.1362	-16.2964	-1.6370	-4.8779	14.1833	47.5400	448	464	-226	100851	0.40 
9.849	2015-01-01 00:06:56.560	-0.0093	-0.0005	1.0215	-1.4038	-1.8921	-15.9912	-1.6205	-4.8505	14.2493	47.5900	448	463	-226	100851	0.39 
9.896	2015-01-01 00:06:56.600	-0.0122	0.0044	1.0225	-1.4038	-2.5024	-15.6860	-1.6150	-4.8175	14.3207	47.7400	448	464	-223	100851	0.39 
9.927	2015-01-01 00:06:56.640	-0.0029	-0.0083	1.0098	-1.4038	-0.9155	-16.2964	-1.6150	-4.7900	14.3811	47.6400	443	464	-224	100851	0.40 
9.974	2015-01-01 00:06:56.680	-0.0186	0.0010	1.0229	-1.3428	0.8545	-17.5781	-1.6040	-4.6472	14.3866	47.5900	440	464	-224	100851	0.39 
10.021	2015-01-01 00:06:56.720	-0.0259	0.0049	1.0200	-1.6479	-1.7090	-16.9067	-1.5985	-4.5428	14.3921	47.5900	446	461	-223	100851	0.39 
10.052	2015-01-01 00:06:56.760	-0.0229	0.0010	1.0210	-1.8921	-3.8452	-17.8833	-1.5985	-4.5374	14.3866	47.5900	446	462	-222	100851	0.39 
10.099	2015-01-01 00:06:56.800	-0.0186	0.0020	1.0181	-1.3428	-2.8687	-18.0664	-1.6040	-4.5538	14.3701	47.5900	444	460	-221	100851	0.39 
10.131	2015-01-01 00:06:56.840	-0.0200	0.0054	1.0269	-1.2817	-2.9297	-17.9443	-1.5930	-4.5538	14.3536	47.7400	445	460	-219	100851	0.39 
10.177	2015-01-01 00:06:56.880	-0.0117	0.0039	1.0249	-1.0986	-2.5635	-17.9443	-1.5820	-4.5483	14.3372	47.5400	449	462	-223	100851	0.39 
10.224	2015-01-01 00:06:56.920	-0.0210	-0.0015	1.0264	-1.2207	-1.7700	-17.6392	-1.5765	-4.5209	14.3372	47.5400	450	464	-223	100851	0.39 
10.271	2015-01-01 00:06:56.960	-0.0220	0.0039	1.0220	-1.2207	-1.6479	-18.0664	-1.5765	-4.4824	14.3262	47.7400	450	465	-224	100851	0.39 
10.302	2015-01-01 00:06:57.000	-0.0293	0.0054	1.0332	-1.4038	-2.7466	-18.8599	-1.5601	-4.4110	14.2822	47.5900	451	465	-223	100851	0.39 
10.349	2015-01-01 00:06:57.040	-0.0054	0.0063	1.0068	-1.6479	-3.1128	-18.3105	-1.5710	-4.4495	14.2493	47.7800	449	465	-228	100852	0.39 
10.381	2015-01-01 00:06:57.080	-0.0288	0.0020	1.0249	-2.1973	-3.7231	-18.5547	-1.5820	-4.4440	14.1998	47.6400	448	464	-230	100852	0.39 
10.459	2015-01-01 00:06:57.120	-0.0220	0.0039	1.0190	-1.9531	-4.7607	-18.0664	-1.6040	-4.4824	14.1614	47.6400	449	465	-228	100852	0.39 
10.490	2015-01-01 00:06:57.160	-0.0234	0.0059	1.0239	-1.7090	-4.0283	-17.8833	-1.6040	-4.5209	14.1559	47.7400	450	465	-228	100852	0.39 
10.521	2015-01-01 00:06:57.200	-0.0151	0.0005	1.0156	-1.5259	-3.2349	-17.6392	-1.6095	-4.5483	14.1559	47.7400	451	466	-228	100851	0.39 
10.552	2015-01-01 00:06:57.240	-0.0181	0.0024	1.0166	-1.4648	-2.8687	-16.7236	-1.6095	-4.5648	14.1888	47.5900	452	464	-226	100852	0.39 
10.584	2015-01-01 00:06:57.280	-0.0186	0.0049	1.0244	-1.8311	-3.1738	-17.3950	-1.6150	-4.5593	14.2108	47.5900	450	462	-225	100852	0.39 
10.662	2015-01-01 00:06:57.320	-0.0200	0.0054	1.0293	-1.8921	-3.2959	-17.3340	-1.6205	-4.5593	14.2218	47.7400	449	460	-225	100852	0.39 
10.662	2015-01-01 00:06:57.360	-0.0151	0.0020	1.0249	-1.4648	-3.3569	-17.5171	-1.6260	-4.5703	14.2438	47.6400	449	459	-225	100852	0.39 
10.709	2015-01-01 00:06:57.400	-0.0200	0.0034	1.0195	-1.5259	-3.8452	-18.0664	-1.6260	-4.5978	14.2438	47.5900	448	462	-224	100852	0.39 
10.740	2015-01-01 00:06:57.440	-0.0146	0.0044	1.0234	-1.7090	-3.9673	-18.0054	-1.6205	-4.6307	14.2328	47.5900	450	464	-226	100852	0.39 
10.787	2015-01-01 00:06:57.480	-0.0176	0.0010	1.0225	-1.4038	-3.4790	-17.7002	-1.6205	-4.6582	14.2273	47.4000	450	463	-227	100851	0.39 
10.834	2015-01-01 00:06:57.520	-0.0190	0.0039	1.0210	-1.4648	-4.0894	-17.5781	-1.6095	-4.6912	14.2218	47.6400	451	465	-227	100851	0.39 
10.865	2015-01-01 00:06:57.560	-0.0171	0.0015	1.0122	-1.6479	-3.9673	-17.7002	-1.6095	-4.7186	14.2163	47.5400	453	467	-227	100851	0.39 
10.896	2015-01-01 00:06:57.600	-0.0142	0.0068	1.0220	-1.2817	-1.7090	-18.1885	-1.5985	-4.7131	14.2053	47.5400	453	468	-226	100851	0.39 
10.943	2015-01-01 00:06:57.640	-0.0234	0.0063	1.0142	-1.6479	-5.0659	-18.1885	-1.5930	-4.7296	14.1779	47.5900	450	468	-225	100851	0.39 
10.990	2015-01-01 00:06:57.680	-0.0156	0.0107	1.0215	-1.4038	-2.8687	-18.7378	-1.5765	-4.7461	14.1339	47.5900	447	468	-225	100851	0.39 
11.037	2015-01-01 00:06:57.720	-0.0210	0.0049	1.0210	-0.8545	-2.3193	-17.7002	-1.5601	-4.7296	14.1119	47.6400	447	467	-225	100851	0.39 
11.084	2015-01-01 00:06:57.760	-0.0186	0.0024	1.0200	-0.9155	-2.7466	-17.2729	-1.5381	-4.7186	14.1174	47.5900	450	467	-226	100851	0.39 
11.115	2015-01-01 00:06:57.800	-0.0205	0.0029	1.0225	-1.2207	-3.2959	-17.2119	-1.5216	-4.7186	14.1174	47.5900	453	470	-228	100851	0.39 
11.162	2015-01-01 00:06:57.840	-0.0112	0.0122	1.0205	-1.4648	-2.3804	-17.0898	-1.4996	-4.6967	14.1339	47.5900	453	469	-228	100851	0.39 
11.193	2015-01-01 00:06:57.880	-0.0161	0.0000	1.0288	-1.7700	-2.9297	-17.2119	-1.4941	-4.6857	14.1614	47.5400	449	463	-223	100851	0.39 
11.271	2015-01-01 00:06:57.920	-0.0112	0.0054	1.0195	-1.8921	-3.3569	-17.6392	-1.4941	-4.7076	14.1614	47.5900	447	465	-225	100851	0.39 
11.271	2015-01-01 00:06:57.960	-0.0186	0.0034	1.0239	-1.4038	-3.1128	-17.8833	-1.5051	-4.7076	14.1559	47.6400	449	464	-226	100851	0.40 
11.318	2015-01-01 00:06:58.000	-0.0156	0.0078	1.0234	-1.8921	-3.7231	-18.0664	-1.5051	-4.7296	14.1449	47.4000	450	462	-226	100851	0.40 
11.365	2015-01-01 00:06:58.040	-0.0181	0.0083	1.0220	-1.6479	-3.8452	-18.0664	-1.5051	-4.7516	14.1339	47.5900	455	462	-224	100851	0.40 
11.396	2015-01-01 00:06:58.080	-0.0073	0.0063	1.0215	-2.0142	-3.2959	-18.6157	-1.5161	-4.7845	14.1174	47.5400	456	462	-223	100851	0.40 
11.474	2015-01-01 00:06:58.120	-0.0117	0.0063	1.0278	-2.0142	-2.8076	-18.2495	-1.5216	-4.7791	14.0955	47.4000	450	461	-225	100851	0.40 
11.474	2015-01-01 00:06:58.160	-0.0161	0.0015	1.0205	-2.0142	-3.2349	-18.4326	-1.5436	-4.7845	14.0790	47.7400	445	461	-226	100851	0.40 
11.521	2015-01-01 00:06:58.200	-0.0088	0.0078	1.0122	-2.1362	-3.3569	-18.4326	-1.5546	-4.8065	14.0460	47.5400	442	461	-225	100851	0.40 
11.553	2015-01-01 00:06:58.240	-0.0234	0.0034	1.0332	-1.5869	-2.6855	-18.5547	-1.5381	-4.7626	14.0076	47.6400	446	464	-223	100851	0.40 
11.599	2015-01-01 00:06:58.280	-0.0015	0.0063	1.0171	-1.7090	-3.3569	-18.9209	-1.5436	-4.8065	13.9746	47.5900	449	463	-220	100850	0.40 
11.646	2015-01-01 00:06:58.320	-0.0195	0.0073	1.0122	-1.8921	-2.4414	-18.1274	-1.5436	-4.8120	13.9417	47.5900	450	462	-220	100850	0.40 
11.678	2015-01-01 00:06:58.360	-0.0142	0.0073	1.0225	-1.5259	-3.1128	-17.7612	-1.5381	-4.8065	13.9417	47.4000	448	463	-222	100850	0.40 
11.724	2015-01-01 00:06:58.400	-0.0151	0.0059	1.0186	-1.7700	-3.3569	-18.0054	-1.5381	-4.8120	13.9417	47.4000	449	462	-225	100850	0.40 
11.771	2015-01-01 00:06:58.440	-0.0054	0.0029	1.0205	-1.4648	-3.1128	-17.7002	-1.5381	-4.8285	13.9471	47.5900	449	464	-227	100851	0.40 
11.818	2015-01-01 00:06:58.480	-0.0107	0.0059	1.0293	-1.5869	-3.7842	-17.4561	-1.5326	-4.8395	13.9636	47.5900	449	466	-227	100850	0.40 
11.881	2015-01-01 00:06:58.520	-0.0127	0.0034	1.0176	-1.4648	-3.1738	-17.7612	-1.5326	-4.8505	13.9801	47.5400	450	461	-227	100851	0.40 
11.896	2015-01-01 00:06:58.560	-0.0142	0.0020	1.0225	-1.7700	-3.0518	-17.5171	-1.5381	-4.8560	13.9966	47.5400	450	459	-227	100850	0.40 
11.928	2015-01-01 00:06:58.600	-0.0098	0.0073	1.0210	-1.9531	-3.4180	-17.5781	-1.5436	-4.8669	14.0076	47.5400	446	462	-224	100851	0.40 
11.974	2015-01-01 00:06:58.640	-0.0166	-0.0020	1.0244	-1.4038	-3.3569	-17.7612	-1.5436	-4.8889	14.0076	47.5400	448	465	-227	100850	0.40 
12.006	2015-01-01 00:06:58.680	-0.0186	0.0039	1.0225	-1.5869	-3.5400	-17.7002	-1.5436	-4.9054	14.0131	47.6400	449	467	-229	100851	0.40 
12.084	2015-01-01 00:06:58.720	-0.0020	-0.0010	1.0190	-1.1597	-3.3569	-18.0054	-1.5326	-4.9329	14.0076	47.4000	449	464	-228	100851	0.40 
12.084	2015-01-01 00:06:58.760	-0.0122	0.0024	1.0225	-1.0986	-2.8687	-17.9443	-1.5161	-4.9384	14.0076	47.3500	452	463	-227	100851	0.40 
12.131	2015-01-01 00:06:58.800	-0.0156	-0.0010	1.0273	-1.0376	-3.5400	-17.4561	-1.4996	-4.9384	14.0131	47.5900	455	463	-227	100850	0.40 
12.162	2015-01-01 00:06:58.840	-0.0049	0.0059	1.0186	-1.5259	-1.5869	-17.5171	-1.4832	-4.9438	14.0350	47.7400	452	465	-225	100851	0.40 
12.209	2015-01-01 00:06:58.880	-0.0190	0.0034	1.0322	-1.8921	-4.2114	-17.7612	-1.4722	-4.9274	14.0460	47.5900	450	464	-225	100851	0.40 
12.287	2015-01-01 00:06:58.920	-0.0029	0.0005	1.0215	-1.5869	-2.8076	-18.1274	-1.4777	-4.9548	14.0460	47.5900	450	465	-228	100850	0.40 
12.287	2015-01-01 00:06:58.960	-0.0137	-0.0010	1.0288	-1.5259	-2.5635	-18.1885	-1.4886	-4.9329	14.0350	47.6400	447	466	-228	100851	0.40 
12.334	2015-01-01 00:06:59.000	0.0020	-0.0010	1.0249	-1.7700	-3.3569	-18.5547	-1.4886	-4.9658	14.0076	47.5400	449	464	-226	100851	0.40 
12.365	2015-01-01 00:06:59.040	-0.0078	0.0024	1.0181	-1.2817	-2.8687	-18.7988	-1.4832	-4.9713	13.9801	47.4000	452	463	-225	100851	0.40 
12.412	2015-01-01 00:06:59.080	-0.0103	0.0093	1.0249	-1.6479	-2.0752	-17.8223	-1.4777	-4.9438	13.9691	47.5400	452	464	-226	100851	0.39 
12.459	2015-01-01 00:06:59.120	-0.0083	0.0044	1.0244	-1.8921	-3.1738	-17.4561	-1.4777	-4.9329	13.9856	47.4500	451	459	-224	100851	0.39 
12.521	2015-01-01 00:06:59.160	-0.0117	0.0029	1.0200	-1.7700	-2.5635	-17.5781	-1.4832	-4.9274	13.9966	47.7400	450	456	-223	100851	0.39 
12.537	2015-01-01 00:06:59.200	-0.0137	0.0024	1.0239	-1.4648	-2.3193	-17.4561	-1.4886	-4.8944	14.0186	47.5900	447	457	-222	100851	0.39 
12.584	2015-01-01 00:06:59.240	-0.0083	0.0044	1.0234	-1.5259	-2.9297	-17.6392	-1.4886	-4.8779	14.0350	47.4500	447	458	-224	100851	0.39 
12.615	2015-01-01 00:06:59.280	-0.0137	0.0083	1.0181	-1.6479	-2.7466	-17.5781	-1.4832	-4.8669	14.0460	47.5900	447	458	-226	100852	0.39 
12.662	2015-01-01 00:06:59.320	-0.0112	0.0063	1.0190	-1.5259	-2.8076	-17.1509	-1.4722	-4.8560	14.0625	47.5900	446	457	-225	100852	0.39 
12.709	2015-01-01 00:06:59.360	-0.0103	0.0024	1.0249	-1.4648	-3.0518	-16.9067	-1.4667	-4.8505	14.1010	47.4000	446	459	-225	100852	0.39 
12.740	2015-01-01 00:06:59.400	-0.0176	0.0000	1.0210	-1.4648	-3.3569	-16.6626	-1.4722	-4.8505	14.1394	47.6400	445	461	-225	100851	0.39 
12.787	2015-01-01 00:06:59.440	-0.0176	0.0034	1.0210	-1.0376	-3.2959	-16.9067	-1.4557	-4.8450	14.1614	47.5400	446	463	-224	100852	0.39 
12.818	2015-01-01 00:06:59.480	-0.0034	0.0020	1.0234	-0.8545	-1.0986	-17.3340	-1.4392	-4.8230	14.1779	47.6400	445	465	-224	100851	0.39 
12.897	2015-01-01 00:06:59.520	-0.0254	0.0044	1.0293	-1.0986	-3.8452	-17.5781	-1.4117	-4.7736	14.1724	47.5900	443	466	-224	100852	0.39 
12.897	2015-01-01 00:06:59.560	-0.0078	0.0034	1.0269	-1.5869	-2.8076	-18.0054	-1.4063	-4.7845	14.1669	47.4500	447	463	-224	100852	0.39 
12.959	2015-01-01 00:06:59.600	-0.0332	0.0088	1.0303	-1.2207	-3.2349	-16.6626	-1.4008	-4.7626	14.1724	47.5900	447	464	-225	100852	0.39 
12.975	2015-01-01 00:06:59.640	-0.0161	0.0078	1.0259	-2.5635	-7.1411	-17.4561	-1.4227	-4.8560	14.1888	47.5900	447	463	-226	100852	0.39 
13.021	2015-01-01 00:06:59.680	0.0010	0.0010	1.0142	-2.1973	-4.6387	-16.9678	-1.4502	-4.9878	14.2053	47.5900	447	463	-226	100852	0.39 
13.100	2015-01-01 00:06:59.720	-0.0024	0.0083	1.0225	-1.5869	-3.2959	-16.3574	-1.4557	-5.0208	14.2438	47.6400	446	464	-222	100852	0.39 
13.115	2015-01-01 00:06:59.760	-0.0054	0.0034	1.0225	-2.1973	-3.4180	-17.2729	-1.4722	-5.0482	14.2657	47.5900	445	464	-220	100852	0.39 
13.146	2015-01-01 00:06:59.800	-0.0068	0.0039	1.0098	-1.6479	-2.1362	-16.9678	-1.4886	-5.0372	14.2877	47.5400	444	464	-222	100852	0.39 
13.193	2015-01-01 00:06:59.840	-0.0083	0.0083	1.0283	-1.7090	-1.6479	-16.5405	-1.4886	-4.9713	14.3152	47.5900	448	463	-224	100852	0.39 
13.240	2015-01-01 00:06:59.880	-0.0107	0.0049	1.0190	-1.8311	-2.0142	-16.4795	-1.4941	-4.9274	14.3591	47.5900	448	464	-224	100851	0.39 
13.303	2015-01-01 00:06:59.920	-0.0093	0.0063	1.0186	-1.9531	-1.7090	-16.8457	-1.4941	-4.8944	14.3921	47.5400	449	465	-224	100852	0.39 
13.334	2015-01-01 00:06:59.960	-0.0166	0.0020	1.0161	-1.8311	-2.1973	-16.9067	-1.4996	-4.8395	14.4196	47.4500	451	464	-218	100852	0.39 
13.350	2015-01-01 00:07:0.000	-0.0171	0.0039	1.0200	-1.4648	-2.0142	-16.9678	-1.4941	-4.8010	14.4470	47.6400	452	464	-217	100851	0.39 
13.397	2015-01-01 00:07:0.040	-0.0161	0.0000	1.0264	-1.2207	-2.4414	-16.7847	-1.4886	-4.7681	14.4745	47.3500	450	463	-223	100852	0.39 
13.428	2015-01-01 00:07:0.080	-0.0200	0.0049	1.0210	-1.0986	-2.6245	-16.4795	-1.4722	-4.7461	14.5020	47.5900	448	464	-226	100851	0.39 
13.506	2015-01-01 00:07:0.120	-0.0093	0.0044	1.0107	-0.8545	-1.4038	-17.0898	-1.4557	-4.7296	14.5239	47.4500	446	464	-228	100851	0.39 
13.522	2015-01-01 00:07:0.160	-0.0327	0.0068	1.0386	-1.1597	-4.0894	-17.4561	-1.4337	-4.6747	14.5129	47.5900	447	465	-225	100851	0.39 
13.553	2015-01-01 00:07:0.200	-0.0117	0.0088	1.0161	-1.4038	-2.5024	-18.1274	-1.4337	-4.7131	14.4910	47.4500	449	465	-230	100852	0.39 
13.600	2015-01-01 00:07:0.240	-0.0225	0.0044	1.0249	-1.8921	-3.2349	-18.2495	-1.4447	-4.6967	14.4580	47.5400	450	465	-233	100851	0.39 
13.631	2015-01-01 00:07:0.280	-0.0137	0.0049	1.0186	-1.6479	-3.9063	-17.5781	-1.4502	-4.7186	14.4470	47.5400	450	463	-228	100851	0.39 
13.709	2015-01-01 00:07:0.320	-0.0161	0.0020	1.0259	-1.4648	-3.8452	-18.1274	-1.4502	-4.7461	14.4360	47.5900	450	462	-226	100851	0.39 
13.725	2015-01-01 00:07:0.360	-0.0161	0.0054	1.0220	-1.1597	-3.7231	-17.5781	-1.4392	-4.7736	14.4250	47.5900	449	463	-228	100851	0.39 
13.756	2015-01-01 00:07:0.400	-0.0112	0.0068	1.0210	-1.5259	-3.4790	-17.1509	-1.4337	-4.8010	14.4470	47.4000	450	464	-228	100851	0.39 
13.803	2015-01-01 00:07:0.440	-0.0103	0.0039	1.0195	-2.0142	-3.1738	-18.1274	-1.4282	-4.8230	14.4415	47.4000	450	468	-228	100851	0.39 
13.834	2015-01-01 00:07:0.480	-0.0137	0.0059	1.0215	-1.5869	-3.1738	-17.6392	-1.4282	-4.8175	14.4141	47.5900	449	470	-226	100851	0.39 
13.912	2015-01-01 00:07:0.520	-0.0078	0.0083	1.0234	-1.8921	-3.3569	-17.3340	-1.4337	-4.8285	14.4086	47.4500	452	466	-224	100851	0.39 
13.912	2015-01-01 00:07:0.560	-0.0137	0.0068	1.0249	-1.7700	-3.5400	-17.6392	-1.4337	-4.8450	14.4141	47.5900	449	462	-225	100851	0.39 
13.959	2015-01-01 00:07:0.600	-0.0088	0.0054	1.0186	-1.7700	-3.8452	-17.2119	-1.4392	-4.8834	14.4196	47.5400	448	461	-225	100851	0.40 
14.006	2015-01-01 00:07:0.640	-0.0107	0.0039	1.0220	-1.8311	-3.7842	-17.4561	-1.4502	-4.9164	14.4360	47.5900	451	461	-225	100851	0.40 
14.053	2015-01-01 00:07:0.680	-0.0098	0.0083	1.0244	-1.6479	-4.1504	-17.3340	-1.4557	-4.9548	14.4525	47.7400	451	462	-222	100851	0.39 
14.115	2015-01-01 00:07:0.720	-0.0137	0.0049	1.0190	-1.7090	-3.8452	-17.4561	-1.4612	-4.9933	14.4635	47.5400	451	462	-221	100851	0.39 
14.147	2015-01-01 00:07:0.760	-0.0029	0.0039	1.0259	-1.8921	-2.7466	-17.8223	-1.4667	-5.0317	14.4745	47.5400	450	462	-223	100851	0.39 
14.182	2015-01-01 00:07:0.800	-0.0239	0.0010	1.0337	-2.0752	-5.5542	-18.6768	-1.4722	-5.0537	14.4250	47.5900	448	463	-225	100851	0.39 
14.203	2015-01-01 00:07:0.840	0.0000	0.0044	1.0186	-2.0752	-2.7466	-18.7378	-1.4832	-5.1196	14.3811	47.4500	449	463	-224	100851	0.39 
14.255