StartTime: 2017-07-14 14:15:41.614
Time(s)	ax(g)	ay(g)	az(g)	wx(deg/s)	wy(deg/s)	wz(deg/s)	AngleX(deg)	AngleY(deg)	AngleZ(deg)	T(°)	hx	hy	hz	Pressure(Pa)	Altitude(m) 
49.921	-0.0815	-0.0020	1.0396	-1.3428	-1.0986	2.8076	0.0165	4.2572	79.3542	43.9200	160	33	-94	100559	0.64 
50.046	-0.0376	-0.0005	1.0205	1.5259	1.3428	-5.0049	0.0165	4.1144	79.3268	43.9300	159	34	-91	100559	0.64 
50.124	-0.0835	0.0000	1.0244	1.0376	5.3101	0.6104	0.1703	4.4934	79.0411	43.9400	159	32	-95	100559	0.64 
50.203	-0.0415	-0.0142	1.0205	-2.1973	0.0000	4.6387	-0.0110	4.6307	79.2334	43.9400	156	31	-94	100559	0.64 
50.327	-0.0278	-0.0503	1.0015	-0.5493	15.0146	11.0474	-0.2856	4.8889	80.1178	43.9500	160	31	-95	100559	0.64 
50.421	-0.0527	-0.0625	0.9731	7.2021	5.2490	-9.3384	-0.2307	5.9106	80.5243	43.9400	166	32	-90	100558	0.64 
50.546	-0.0381	-0.0195	1.3140	-2.5024	27.9541	40.5273	0.9229	8.2452	81.3153	43.9100	169	29	-87	100558	0.64 
50.655	-0.0488	0.2080	0.9102	15.3809	29.3579	11.2915	2.3016	9.5636	82.1393	43.9600	175	23	-79	100558	0.64 
50.734	-0.0576	0.1455	0.9976	-1.8311	13.9771	16.7847	3.6969	11.7938	83.2159	43.9400	181	18	-75	100558	0.64 
50.828	-0.1035	0.0786	1.0991	-12.5732	19.1650	14.9536	3.2080	12.8046	84.7650	43.9600	184	17	-69	100558	0.64 
50.952	-0.0664	0.0566	1.1958	-4.8218	-2.0752	-5.6152	2.2797	13.0298	84.9957	43.9400	188	14	-65	100558	0.64 
51.077	-0.2769	0.2607	1.2319	-4.8828	-2.8076	33.9355	2.6862	12.5354	84.7211	43.9400	187	13	-61	100558	0.64 
51.140	-0.3203	-0.0313	0.8081	-4.8218	-12.8174	-33.1421	1.0052	11.8872	84.5782	43.9500	195	15	-65	100558	0.64 
51.218	-0.1714	-0.0371	0.8901	-21.4233	-24.2310	8.7280	-0.1538	10.8820	84.1443	43.9600	191	18	-68	100558	0.64 
51.343	-0.1748	-0.1777	0.9873	-15.4419	1.0986	11.1694	-2.2852	10.0305	85.0397	43.9400	188	23	-73	100558	0.64 
51.437	-0.0186	-0.0938	0.9321	6.7749	0.0000	-11.7188	-2.8400	9.5306	84.9518	43.9400	190	22	-74	100558	0.64 
51.546	-0.0815	0.0073	1.0488	14.5264	-20.7520	-5.1270	-2.0105	8.1738	83.5400	43.9400	192	24	-81	100559	0.64 
51.687	-0.1455	-0.0820	1.3657	-7.6904	-11.0474	-1.7700	-1.7139	6.0864	84.1882	43.9400	187	25	-85	100559	0.64 
51.749	-0.2217	0.2183	0.6348	0.4272	8.9722	19.5313	-1.9885	5.1855	83.4027	43.9300	180	24	-90	100559	0.64 
51.858	-0.2158	0.2056	0.9053	35.7666	-19.8364	-40.5884	-0.2966	7.1246	82.2327	43.9300	187	27	-92	100559	0.64 
51.999	-0.0493	-0.0552	0.8857	0.0000	9.1553	-12.5732	1.6095	6.6248	80.3320	43.9300	185	30	-93	100559	0.64 
52.093	0.0039	0.0991	0.8989	-11.9019	6.7139	-20.9961	0.7196	7.0642	78.2996	43.9100	183	30	-93	100559	0.64 
52.155	-0.2041	0.2065	1.2559	-1.6479	14.0381	-23.5596	-0.4944	7.9541	75.6903	43.9300	184	38	-90	100559	0.64 
52.249	-0.5308	0.2119	1.3813	6.7749	20.9961	22.7051	0.2472	8.1024	76.4099	43.9200	185	42	-90	100559	0.64 
52.374	-0.3555	-0.2485	1.0552	-2.5024	5.0659	23.0713	0.0604	9.4098	79.7058	43.9100	189	38	-85	100559	0.64 
52.468	-0.1875	-0.1060	0.8809	-18.7378	-2.7466	26.9165	-0.3680	9.1681	81.2494	43.9200	191	33	-90	100559	0.64 
52.562	-0.0830	-0.0669	0.9453	-7.2632	1.7090	11.7188	-1.5271	8.1793	82.8809	43.9100	195	28	-89	100559	0.64 
52.718	0.0103	-0.0229	0.9390	0.0610	4.5776	3.1128	-1.7853	8.1079	83.7433	43.9100	192	27	-93	100559	0.64 
52.780	-0.1567	-0.1538	1.3516	-3.4180	-10.4980	11.1694	-1.8951	8.3386	85.3528	43.9100	195	25	-90	100559	0.64 
52.877	-0.5664	-0.1841	0.8442	-13.1226	-26.2451	2.0142	-2.3895	7.8607	85.9406	43.9100	197	21	-97	100559	0.64 
52.971	-0.3521	-0.3491	1.1318	13.0005	1.7090	26.4282	-2.1588	8.2837	87.5006	43.9100	195	20	-93	100559	0.64 
53.065	-0.0688	0.0942	0.7964	22.5830	7.2021	-18.4937	0.0879	7.5256	86.2921	43.9200	196	16	-96	100559	0.64 
53.236	-0.0239	0.1299	0.9219	-0.1831	3.4790	-18.7378	1.1810	7.9376	83.9795	43.9200	195	15	-102	100559	0.64 
53.283	-0.1494	0.1436	1.2261	-0.7324	13.3667	-26.9775	0.7416	8.2452	81.6614	43.9100	199	25	-96	100559	0.64 
53.361	-0.6860	0.1641	1.3584	12.9395	14.0991	22.8882	2.0105	8.9648	81.8976	43.9300	198	26	-96	100559	0.64 
53.471	-0.2554	0.0781	0.9409	4.3335	9.2773	-13.7939	2.2028	8.8330	81.5021	43.9200	202	23	-100	100558	0.64 
53.611	-0.0962	-0.1714	0.8467	-26.4282	-12.2070	17.8223	0.4395	9.0033	81.7053	43.9000	202	23	-100	100558	0.64 
53.689	-0.0679	-0.1470	0.8770	-13.1226	1.5259	16.9067	-1.2854	8.3936	83.5950	43.9000	203	24	-102	100558	0.64 
53.815	0.0151	0.0420	0.9907	1.7090	14.0381	21.2402	-1.6479	8.4540	84.7650	43.9000	202	22	-99	100558	0.64 
53.878	-0.0347	-0.1558	1.3784	-1.8921	-1.2817	6.8970	-1.1206	8.9923	87.6489	43.9100	210	14	-94	100559	0.64 
54.002	-0.3667	0.0215	0.7104	-20.2637	-30.0293	5.4321	-2.2906	9.3823	87.8906	43.9100	215	13	-94	100559	0.64 
54.096	-0.3232	-0.3047	1.0244	18.4326	-6.4087	-0.8545	-1.8842	9.5581	89.2035	43.9100	211	8	-98	100559	0.64 
54.205	-0.0552	0.0830	0.8164	20.1416	-1.8311	-36.8652	0.1923	8.2617	86.1658	43.8900	210	10	-103	100559	0.64 
54.284	0.0298	0.1431	0.9155	-0.7935	17.6392	-25.8179	1.0986	8.2343	82.8204	43.9000	207	17	-108	100559	0.64 
54.408	-0.0410	0.3066	1.3818	9.5215	0.4272	-22.2778	0.7416	9.5197	79.9805	43.8900	209	26	-102	100559	0.64 
54.518	-0.7158	0.1895	1.0732	2.6855	3.4180	12.5122	1.4941	10.7007	79.9860	43.9100	213	29	-97	100559	0.64 
54.611	-0.3154	0.0962	1.0200	1.1597	-2.0752	-11.7798	1.7249	10.7831	80.9857	43.9000	213	20	-102	100559	0.64 
54.706	-0.0806	-0.1431	0.7852	-24.7803	-14.6484	21.0571	0.0989	9.8767	81.8481	43.9000	214	26	-106	100559	0.64 
54.815	-0.0576	-0.1865	0.9463	-8.2397	8.0566	4.4556	-1.4777	9.7559	83.7103	43.9000	217	25	-106	100559	0.64 
54.924	-0.2207	0.0527	1.2417	-1.2817	2.8076	13.0005	-1.5875	9.8712	83.4631	43.9100	218	27	-101	100559	0.64 
55.018	-0.5747	-0.2119	1.4727	-14.4653	11.7188	-21.9727	-2.2742	9.4537	84.0784	43.9200	218	26	-103	100559	0.64 
55.115	-0.2715	0.1445	0.8691	-6.4697	11.9629	45.5322	-2.3566	9.5471	83.8477	43.9100	215	32	-110	100559	0.64 
55.210	-0.1108	0.1543	0.8164	18.2495	-13.1836	-8.9111	-1.4392	9.7339	85.6879	43.9100	219	25	-108	100559	0.64 
55.319	-0.0601	0.1387	0.7319	-5.1270	21.3623	1.4648	0.0055	9.7723	85.2759	43.9100	216	23	-107	100559	0.64 
55.428	0.0132	-0.0806	1.1602	-4.4556	6.5918	-9.8267	-0.8789	11.2500	84.6277	43.9000	224	27	-102	100559	0.64 
55.506	-0.4121	0.0293	1.4917	9.3994	17.6392	2.7466	-0.6427	12.3871	83.1940	43.8900	223	30	-96	100558	0.64 
55.631	-0.2363	-0.3535	0.7368	-3.3569	-11.7188	11.2915	0.0165	13.9911	85.3693	43.9100	230	27	-93	100558	0.64 
55.740	-0.2583	-0.0469	0.8438	-12.6953	-31.5552	9.8877	-0.8624	12.9309	84.2212	43.8900	227	35	-91	100559	0.64 
55.818	-0.1948	-0.0835	0.8901	-7.8125	-15.1978	7.2632	-1.8567	10.5579	85.0177	43.9100	224	35	-104	100558	0.64 
55.928	0.0542	0.0571	0.9893	6.1646	10.0708	5.0659	-2.0160	8.8824	85.2924	43.9100	217	34	-104	100558	0.64 
56.038	-0.0620	-0.1372	1.2871	-3.1738	-1.7700	1.8311	-1.6809	9.2615	86.4240	43.8900	217	32	-102	100558	0.64 
56.194	-0.5151	0.1099	0.7207	-19.2871	-29.4800	3.6011	-2.9663	9.5966	85.8527	43.9000	217	35	-103	100558	0.64 
56.241	-0.3345	-0.3647	1.0757	10.9863	8.1787	12.1460	-2.7795	9.9756	88.1213	43.9000	213	35	-104	100558	0.64 
56.319	-0.0918	0.0630	0.8862	19.9585	1.5259	-27.0386	-0.7910	9.3274	85.5780	43.9100	210	30	-109	100558	0.64 
56.444	0.0254	0.0718	0.8877	2.6855	8.1787	-25.2075	0.1703	9.3329	82.6282	43.9000	205	38	-106	100557	0.64 
56.522	-0.1821	0.2690	1.3018	-0.3662	9.8267	-26.9775	-0.4230	10.0964	79.2114	43.9000	201	46	-99	100557	0.64 
56.647	-0.7671	0.2109	1.4150	13.6719	31.4941	25.3296	0.4559	11.1786	79.5135	43.9200	197	48	-98	100557	0.64 
56.741	-0.2095	-0.0996	0.9253	5.2490	5.4932	-6.5308	1.0272	11.6016	81.0626	43.8900	202	43	-98	100558	0.64 
56.850	-0.0640	-0.1040	0.8315	-9.2163	-6.8359	17.4561	0.7471	11.2335	81.1670	43.9000	200	41	-98	100557	0.64 
56.960	-0.1270	-0.0791	0.9185	-6.1646	-10.6812	9.3384	0.0824	10.7941	82.1777	43.8900	197	40	-97	100558	0.64 
57.069	-0.0728	0.0708	1.0405	-6.2256	-7.0190	29.4189	-0.2032	9.4922	83.0896	43.9000	193	39	-94	100558	0.64 
57.163	-0.0864	-0.0293	1.4458	3.6621	11.3525	2.0142	-0.2692	9.0967	85.6219	43.8800	190	34	-96	100557	0.64 
57.257	-0.1816	0.2056	0.6021	-8.4839	-8.1787	1.2207	-1.3458	9.8932	83.6115	43.8900	184	33	-95	100557	0.64 
57.351	-0.2759	-0.1240	1.0068	25.2075	-0.1221	-27.2827	-0.6207	10.9644	84.6552	43.9000	183	30	-91	100557	0.64 
57.475	-0.0669	0.1069	0.8198	12.7563	6.0425	-13.4888	1.3953	10.5194	81.6119	43.8900	178	28	-91	100557	0.64 
57.554	0.0327	0.0225	0.8809	-1.7090	2.3193	-18.7988	1.7358	10.7831	80.2057	43.8800	176	28	-91	100558	0.64 
57.678	-0.1055	0.1841	1.3872	5.1270	-5.0659	-14.6484	1.3019	11.2225	77.8821	43.8900	178	31	-85	100557	0.64 
57.819	-0.6475	0.0181	0.8433	9.4604	-18.9819	14.1602	2.1753	11.8268	78.0359	43.9000	175	30	-84	100558	0.64 
57.866	-0.3540	0.2168	1.0015	-6.5918	-5.7983	-12.0850	1.7688	11.5906	78.0139	43.8900	172	28	-88	100557	0.64 
57.960	-0.1060	0.0288	0.8379	-16.3574	-6.5918	4.8828	0.3351	10.2887	78.7610	43.9000	169	26	-87	100557	0.64 
58.085	-0.0303	-0.1133	0.9600	-6.5918	-7.0190	4.7607	-1.0547	9.7668	80.0464	43.8900	168	22	-86	100557	0.64 
58.178	-0.0640	-0.0483	1.0488	-5.5542	-0.6714	37.2314	-1.2854	8.6737	81.9415	43.8900	168	18	-86	100557	0.64 
58.288	-0.8213	-0.1792	1.3237	-5.0659	1.7700	-17.4561	-2.2577	9.8053	82.6501	43.9100	171	15	-84	100557	0.64 
58.367	-0.1865	-0.0723	0.8911	-3.1738	7.8125	31.7993	-2.4170	9.7888	82.7765	43.8900	166	13	-88	100557	0.64 
58.491	-0.1318	0.1274	0.8276	22.6440	-13.1226	-23.0103	-1.2085	9.5856	83.0237	43.8900	170	7	-87	100557	0.64 
58.585	-0.0210	0.0977	0.9185	6.9580	1.5259	-20.6299	0.2197	8.8275	81.4691	43.8800	163	5	-90	100557	0.64 
58.679	-0.0610	-0.0547	1.1895	2.1362	8.9111	-39.7339	-0.0549	9.0857	79.3872	43.9000	164	10	-91	100557	0.64 
58.835	0.0156	0.0532	1.2378	-2.4414	27.4658	9.7046	0.1099	9.2944	76.9977	43.9000	168	12	-88	100557	0.64 
58.882	-0.2095	-0.2852	0.9766	7.8125	3.9063	17.8223	0.4395	10.4590	79.2004	43.9000	173	9	-85	100557	0.64 
58.991	-0.1084	-0.1309	0.8188	-27.5269	-16.4795	9.4604	-0.7416	10.2118	80.0299	43.9000	169	6	-83	100557	0.64 
59.132	-0.1245	-0.1641	0.8296	-10.4370	-9.2163	31.3110	-2.0380	9.5251	82.5348	43.8800	171	4	-84	100557	0.64 
59.272	0.0830	0.0425	0.8740	13.0615	-16.6626	8.6670	-1.9775	8.1299	84.4189	43.8900	170	3	-85	100557	0.64 
59.304	-0.1465	-0.1968	1.3633	-5.2490	5.2490	26.6113	-1.0767	8.4045	87.1710	43.8800	174	-5	-81	100557	0.64 
59.382	-0.5947	-0.1943	0.9331	-6.7749	-21.6675	4.2114	-1.4227	8.6517	88.6212	43.8800	175	-9	-82	100557	0.64 
59.507	-0.3047	-0.2490	1.1416	0.9155	0.0610	21.6675	-2.0874	9.4427	90.3351	43.8900	174	-11	-81	100557	0.64 
59.601	-0.0151	0.0620	0.7432	22.5220	-0.5493	-18.7988	-0.6592	8.4485	89.8407	43.8900	176	-10	-87	100556	0.64 
59.710	-0.0596	0.1421	0.9834	9.0332	5.4932	-21.4233	0.7196	9.0857	87.9840	43.9000	177	-4	-82	100557	0.64 
59.804	-0.1938	0.0537	1.2617	15.1367	8.5449	-40.1611	1.3293	9.4922	85.5396	43.8900	180	-4	-76	100557	0.64 
59.913	-0.5029	0.1646	1.4390	4.2114	18.2495	10.9863	2.9004	9.7559	84.6936	43.8800	186	-2	-74	100557	0.64 
60.085	-0.1182	-0.2080	0.9297	-6.2866	8.8501	3.9063	2.9938	10.1294	86.0504	43.9000	187	-2	-74	100557	0.64 
60.132	-0.1479	-0.0796	0.8477	-21.3623	-22.2778	16.6016	1.2469	9.9152	85.6329	43.8900	187	4	-77	100557	0.64 
60.288	-0.1030	-0.1123	0.9502	-13.1226	2.2583	9.2773	-0.3955	8.6682	87.0502	43.9000	186	3	-82	100557	0.64 
60.351	-0.0400	-0.0220	1.0889	-11.3525	4.5776	23.9258	-1.2415	8.8055	88.4290	43.8900	187	1	-78	100558	0.64 
60.476	-0.1450	-0.3735	1.3887	-14.5264	-17.3950	-3.7231	-2.1918	8.8824	91.3898	43.9100	191	1	-74	100558	0.64 
60.538	-0.3296	0.1143	0.8672	-6.4697	-16.3574	-15.4419	-3.2794	8.1848	89.9066	43.9000	187	5	-77	100558	0.64 
60.632	-0.1411	-0.1504	0.7817	22.0947	2.6245	-11.2915	-2.2247	8.5529	89.4562	43.9000	186	6	-82	100558	0.64 
60.772	-0.1284	0.1392	0.8726	10.4370	3.3569	-34.9731	-0.3900	9.3658	86.3580	43.8900	186	11	-86	100558	0.64 
60.819	-0.0205	0.0498	0.9082	-6.7749	10.3760	-2.8076	-0.2637	9.7119	84.6057	43.9100	187	18	-83	100558	0.64 
60.960	-0.1514	-0.0723	1.2217	1.2207	16.6626	-30.6396	-1.2634	10.8545	82.9633	43.9000	186	24	-77	100558	0.64 
61.038	-0.3633	0.0815	1.5078	26.3062	30.2124	-8.3008	-0.4834	11.2445	80.5188	43.9100	184	33	-72	100558	0.64 
61.132	-0.2041	-0.0249	0.9146	13.7939	-22.8271	-3.5400	1.2744	12.7002	79.9640	43.8900	183	34	-74	100559	0.64 
61.242	-0.2705	0.0254	0.8770	-29.7241	-21.6675	37.4756	0.5109	11.3983	80.1178	43.8900	182	34	-80	100559	0.64 
61.398	-0.2358	-0.0508	0.9458	-9.5215	-14.8315	47.7295	-0.9503	9.5142	84.1168	43.9000	182	32	-80	100559	0.64 
61.444	0.0127	0.0610	0.8130	0.3662	-22.8882	33.5083	-1.0107	7.0313	87.5555	43.8800	180	26	-87	100559	0.64 
61.554	-0.0396	-0.1060	1.0366	7.7515	3.0518	46.8140	-0.1703	5.7513	91.9336	43.9000	178	16	-91	100559	0.64 
61.726	-1.3936	-0.2896	1.7930	-41.0156	9.0332	-5.4932	-0.8130	8.3276	94.8450	43.9100	185	5	-88	100559	0.64 
61.773	-0.0332	-0.0649	0.6348	6.5918	2.0752	22.5830	-1.2250	7.6410	95.6525	43.8900	186	7	-87	100559	0.64 
61.898	-0.3037	0.0874	0.8945	9.0942	-13.8550	-20.0195	-0.0549	8.3661	94.5044	43.8700	185	3	-83	100559	0.64 
61.944	-0.1797	-0.0073	0.9131	7.4463	-8.4839	-17.2729	0.5328	7.6794	92.6971	43.8900	183	7	-91	100558	0.64 
62.054	-0.2051	0.1030	1.0186	0.7324	-6.1646	-18.1885	1.1096	7.2894	89.9890	43.8800	181	11	-96	100558	0.64 
62.210	-0.1934	0.0122	1.2207	-0.8545	12.2681	9.1553	1.1096	7.3059	88.9453	43.8800	179	18	-93	100558	0.64 
62.351	-0.0752	-0.0078	0.8618	3.2349	7.5073	-5.9204	1.0602	7.3224	88.6871	43.8900	183	15	-92	100558	0.64 
62.429	-0.1919	0.0229	1.1250	1.9531	1.3428	-2.9907	1.1755	8.2233	87.8467	43.9000	181	15	-94	100557	0.64 
62.507	-0.1338	0.0322	1.0562	1.9531	16.9067	3.2349	1.2964	8.3167	87.3743	43.8800	180	16	-97	100557	0.64 
62.570	-0.1860	-0.0117	1.0298	0.5493	11.9629	4.2114	1.4777	9.7943	87.6489	43.9000	181	18	-92	100557	0.64 
62.710	-0.1592	0.0269	1.0640	0.0000	3.4790	-0.4883	1.4667	10.2722	87.3413	43.8900	184	18	-88	100557	0.64 
62.788	-0.1719	0.0015	1.0044	-1.2207	3.7231	1.8311	1.3788	10.3107	87.3907	43.8900	186	18	-89	100557	0.64 
62.867	-0.1880	0.0415	1.0566	-0.5493	1.1597	3.7231	1.2854	10.5634	87.2369	43.9100	190	18	-87	100557	0.64 
63.007	-0.1553	0.0156	1.0293	0.3052	1.0986	9.8877	1.3788	10.3766	87.7808	43.9000	187	20	-88	100557	0.64 
63.070	-0.1821	0.0391	1.0278	0.6714	2.0752	8.4839	1.6095	10.4590	88.4015	43.9100	186	16	-87	100557	0.64 
63.195